           201             3
           201
             0
            88
  3.481870e+06  0.000000e+00  3.500000e+06  2.926800e-04  3.749800e+06  2.106438e-03
  3.971360e+06  4.785934e-03  4.000000e+06  6.678300e-03  4.500000e+06  2.774390e-02
  4.723840e+06  3.721000e-02  5.000000e+06  5.595640e-02  5.500000e+06  8.170890e-02
  5.547120e+06  8.278748e-02  5.655140e+06  8.796437e-02  5.910740e+06  1.049442e-01
  5.911680e+06  1.050405e-01  5.914620e+06  1.054281e-01  6.000000e+06  1.185055e-01
  6.258860e+06  1.374323e-01  6.470320e+06  1.589321e-01  6.500000e+06  1.631336e-01
  6.605930e+06  1.685650e-01  6.697740e+06  1.747163e-01  6.902040e+06  1.906108e-01
  7.000000e+06  1.999582e-01  7.091070e+06  2.021684e-01  7.190870e+06  2.063930e-01
  7.477930e+06  2.221371e-01  7.500000e+06  2.244772e-01  7.600040e+06  2.257085e-01
  7.703950e+06  2.298867e-01  7.793180e+06  2.343498e-01  7.803750e+06  2.350418e-01
  7.853060e+06  2.392556e-01  7.884760e+06  2.421618e-01  7.888280e+06  2.425201e-01
  8.000000e+06  2.541075e-01  8.082010e+06  2.567917e-01  8.133670e+06  2.595395e-01
  8.153630e+06  2.608363e-01  8.403720e+06  2.774371e-01  8.418980e+06  2.785686e-01
  8.500000e+06  2.856035e-01  8.530520e+06  2.860554e-01  9.000000e+06  3.156000e-01
  9.500000e+06  3.560000e-01  1.000000e+07  3.875996e-01  1.050000e+07  4.128997e-01
  1.088650e+07  4.289009e-01  1.090000e+07  4.294598e-01  1.100000e+07  4.335999e-01
  1.110000e+07  4.350431e-01  1.120000e+07  4.364967e-01  1.130000e+07  4.381125e-01
  1.140000e+07  4.396804e-01  1.150000e+07  4.421025e-01  1.160000e+07  4.402744e-01
  1.170000e+07  4.384961e-01  1.180000e+07  4.393726e-01  1.190000e+07  4.397785e-01
  1.200000e+07  4.416992e-01  1.210000e+07  4.435451e-01  1.220000e+07  4.430443e-01
  1.230000e+07  4.459262e-01  1.240000e+07  4.523723e-01  1.250000e+07  4.542215e-01
  1.260000e+07  4.606541e-01  1.270000e+07  4.606410e-01  1.280000e+07  4.623650e-01
  1.290000e+07  4.719587e-01  1.300000e+07  4.704307e-01  1.310000e+07  4.630877e-01
  1.320000e+07  4.839548e-01  1.330000e+07  4.849098e-01  1.340000e+07  4.918679e-01
  1.350000e+07  4.958599e-01  1.360000e+07  5.053428e-01  1.370000e+07  5.152018e-01
  1.380000e+07  5.255737e-01  1.390000e+07  5.346246e-01  1.400000e+07  5.411565e-01
  1.410000e+07  5.500046e-01  1.420000e+07  5.556036e-01  1.430000e+07  5.545466e-01
  1.440000e+07  5.626556e-01  1.450000e+07  5.655227e-01  1.460000e+07  5.679577e-01
  1.470000e+07  5.766197e-01  1.480000e+07  5.877688e-01  1.490000e+07  5.831228e-01
  1.500000e+07  5.870169e-01
           201
             6
  2.279230e+01             3             1
  1.000000e+00  1.000000e+00             0             1
 -2.965560e+06 -2.965560e+06             2
             1
             2             2
  3.481870e+06  1.000000e+00  1.500000e+07  1.000000e+00
         11023             1             2            24
             1
            24            22
  3.481870e+06             5             0             1
  0.000000e+00  0.000000e+00
  1.666670e-01  8.733940e-01
  5.000000e-01  6.830800e-01
  8.333330e-01  2.215830e+00
  1.000000e+00  0.000000e+00
  4.000000e+06             5             0             1
  0.000000e+00  0.000000e+00
  6.817750e+04  2.135100e-06
  2.045320e+05  1.669860e-06
  3.408860e+05  5.416840e-06
  4.090640e+05  0.000000e+00
  4.500000e+06             8             0             1
  0.000000e+00  0.000000e+00
  7.032800e+04  0.000000e+00
  2.109840e+05  0.000000e+00
  3.516410e+05  4.180580e-06
  4.922970e+05  0.000000e+00
  6.329530e+05  1.175790e-06
  7.736090e+05  2.337540e-06
  8.439370e+05  0.000000e+00
  5.000000e+06            11             0             1
  0.000000e+00  0.000000e+00
  7.247900e+04  0.000000e+00
  2.174370e+05  9.427530e-07
  3.623940e+05  0.000000e+00
  5.073520e+05  0.000000e+00
  6.523100e+05  0.000000e+00
  7.972680e+05  3.460890e-06
  9.422230e+05  7.983240e-07
  1.087180e+06  0.000000e+00
  1.232140e+06  2.262140e-06
  1.304620e+06  0.000000e+00
  5.500000e+06            14             0             1
  0.000000e+00  0.000000e+00
  7.462950e+04  0.000000e+00
  2.238890e+05  0.000000e+00
  3.731480e+05  0.000000e+00
  5.224080e+05  1.307320e-06
  6.716670e+05  0.000000e+00
  8.209260e+05  0.000000e+00
  9.701880e+05  0.000000e+00
  1.119450e+06  0.000000e+00
  1.268710e+06  2.964160e-06
  1.417960e+06  6.164430e-07
  1.567220e+06  0.000000e+00
  1.716480e+06  2.415880e-06
  1.791110e+06  0.000000e+00
  6.000000e+06            16             0             1
  0.000000e+00  0.000000e+00
  7.678050e+04  4.616630e-07
  2.303420e+05  3.860500e-07
  3.839030e+05  6.858990e-07
  5.374640e+05  0.000000e+00
  6.910240e+05  0.000000e+00
  8.445860e+05  0.000000e+00
  9.981480e+05  9.363300e-07
  1.151710e+06  0.000000e+00
  1.305270e+06  0.000000e+00
  1.458830e+06  0.000000e+00
  1.612390e+06  2.138320e-06
  1.765950e+06  3.973830e-07
  1.919510e+06  0.000000e+00
  2.073070e+06  2.162480e-06
  2.149850e+06  0.000000e+00
  6.500000e+06            18             0             1
  0.000000e+00  0.000000e+00
  7.893150e+04  3.396650e-07
  2.367940e+05  0.000000e+00
  3.946560e+05  1.418320e-06
  5.525190e+05  0.000000e+00
  7.103820e+05  1.027030e-06
  8.682440e+05  0.000000e+00
  1.026110e+06  0.000000e+00
  1.183970e+06  0.000000e+00
  1.341830e+06  0.000000e+00
  1.499690e+06  5.961580e-07
  1.657560e+06  0.000000e+00
  1.815420e+06  0.000000e+00
  1.973280e+06  0.000000e+00
  2.131150e+06  1.454190e-06
  2.289010e+06  2.463950e-07
  2.446870e+06  1.783690e-06
  2.525800e+06  0.000000e+00
  7.000000e+06            20             0             1
  0.000000e+00  0.000000e+00
  8.108200e+04  5.677690e-08
  2.432460e+05  3.110730e-07
  4.054100e+05  3.657180e-07
  5.675750e+05  4.642910e-07
  7.297390e+05  0.000000e+00
  8.919030e+05  1.349850e-06
  1.054070e+06  3.033430e-07
  1.216230e+06  4.813510e-07
  1.378390e+06  0.000000e+00
  1.540560e+06  0.000000e+00
  1.702730e+06  0.000000e+00
  1.864890e+06  4.105000e-07
  2.027050e+06  0.000000e+00
  2.189210e+06  0.000000e+00
  2.351380e+06  0.000000e+00
  2.513550e+06  1.090220e-06
  2.675710e+06  1.669720e-07
  2.837870e+06  1.574290e-06
  2.918950e+06  0.000000e+00
  7.500000e+06            23             0             1
  0.000000e+00  0.000000e+00
  8.323300e+04  3.211920e-08
  2.496980e+05  3.200080e-07
  4.161640e+05  1.904340e-07
  5.826300e+05  1.480780e-07
  7.490960e+05  6.492930e-07
  9.155610e+05  4.442350e-07
  1.082030e+06  0.000000e+00
  1.248490e+06  1.187850e-06
  1.414960e+06  2.343510e-07
  1.581420e+06  3.826190e-07
  1.747890e+06  0.000000e+00
  1.914360e+06  0.000000e+00
  2.080820e+06  0.000000e+00
  2.247280e+06  3.076090e-07
  2.413750e+06  0.000000e+00
  2.580220e+06  0.000000e+00
  2.746690e+06  0.000000e+00
  2.913150e+06  8.953800e-07
  3.079620e+06  1.229960e-07
  3.246080e+06  0.000000e+00
  3.412540e+06  1.467060e-06
  3.495780e+06  0.000000e+00
  8.000000e+06            25             0             1
  0.000000e+00  0.000000e+00
  8.538350e+04  3.015540e-07
  2.561510e+05  2.732510e-07
  4.269190e+05  3.344560e-07
  5.976850e+05  1.576960e-07
  7.684530e+05  4.490070e-07
  9.392190e+05  1.270930e-07
  1.109980e+06  2.131740e-07
  1.280760e+06  3.476250e-07
  1.451520e+06  3.742140e-07
  1.622290e+06  9.753570e-07
  1.793060e+06  0.000000e+00
  1.963820e+06  4.799440e-07
  2.134590e+06  0.000000e+00
  2.305360e+06  0.000000e+00
  2.476130e+06  0.000000e+00
  2.646890e+06  2.307330e-07
  2.817660e+06  0.000000e+00
  2.988430e+06  0.000000e+00
  3.159190e+06  0.000000e+00
  3.329970e+06  7.052840e-07
  3.500730e+06  9.055400e-08
  3.671490e+06  0.000000e+00
  3.842260e+06  1.161820e-06
  3.927650e+06  0.000000e+00
  8.500000e+06            26             0             1
  0.000000e+00  0.000000e+00
  8.753450e+04  5.819420e-08
  2.626030e+05  2.785210e-07
  4.376730e+05  5.144010e-07
  6.127420e+05  4.735120e-07
  7.878100e+05  3.789560e-07
  9.628770e+05  1.352630e-07
  1.137950e+06  2.263880e-07
  1.313010e+06  1.510710e-07
  1.488090e+06  2.632970e-07
  1.663150e+06  2.802740e-07
  1.838230e+06  2.994410e-07
  2.013290e+06  0.000000e+00
  2.188360e+06  7.765310e-07
  2.363430e+06  3.605190e-07
  2.538500e+06  0.000000e+00
  2.713570e+06  0.000000e+00
  2.888630e+06  0.000000e+00
  3.063700e+06  1.686680e-07
  3.238780e+06  0.000000e+00
  3.413850e+06  0.000000e+00
  3.588920e+06  0.000000e+00
  3.763980e+06  5.447030e-07
  3.939050e+06  6.443710e-08
  4.114120e+06  1.003250e-06
  4.201650e+06  0.000000e+00
  9.000000e+06            28             0             1
  0.000000e+00  0.000000e+00
  8.968500e+04  1.688200e-07
  2.690560e+05  2.483050e-07
  4.484260e+05  1.492880e-07
  6.277970e+05  4.055520e-07
  8.071670e+05  1.483270e-07
  9.865360e+05  4.516450e-07
  1.165900e+06  7.683280e-07
  1.345280e+06  0.000000e+00
  1.524640e+06  2.990740e-07
  1.704020e+06  1.192780e-07
  1.883390e+06  2.041360e-07
  2.062760e+06  2.313270e-07
  2.242140e+06  2.464490e-07
  2.421500e+06  0.000000e+00
  2.600870e+06  6.406600e-07
  2.780250e+06  2.759940e-07
  2.959610e+06  0.000000e+00
  3.138980e+06  0.000000e+00
  3.318360e+06  0.000000e+00
  3.497730e+06  1.252470e-07
  3.677090e+06  0.000000e+00
  3.856470e+06  0.000000e+00
  4.035830e+06  0.000000e+00
  4.215210e+06  4.363920e-07
  4.394580e+06  4.659040e-08
  4.573950e+06  8.691360e-07
  4.663630e+06  0.000000e+00
  9.500000e+06            30             0             1
  0.000000e+00  0.000000e+00
  9.183600e+04  2.056550e-07
  2.755080e+05  3.186200e-07
  4.591800e+05  2.505950e-07
  6.428520e+05  2.707240e-07
  8.265240e+05  4.154640e-07
  1.010200e+06  1.120000e-07
  1.193860e+06  3.622140e-07
  1.377540e+06  3.990790e-07
  1.561220e+06  6.972190e-07
  1.744880e+06  0.000000e+00
  1.928560e+06  2.235310e-07
  2.112230e+06  8.575520e-08
  2.295900e+06  1.445640e-07
  2.479570e+06  1.750800e-07
  2.663240e+06  1.860520e-07
  2.846920e+06  0.000000e+00
  3.030590e+06  4.883160e-07
  3.214260e+06  1.944200e-07
  3.397930e+06  0.000000e+00
  3.581600e+06  0.000000e+00
  3.765280e+06  0.000000e+00
  3.948950e+06  8.487750e-08
  4.132630e+06  0.000000e+00
  4.316300e+06  0.000000e+00
  4.499970e+06  0.000000e+00
  4.683640e+06  3.238860e-07
  4.867310e+06  3.075020e-08
  5.050980e+06  7.027780e-07
  5.142820e+06  0.000000e+00
  1.000000e+07            32             0             1
  0.000000e+00  0.000000e+00
  9.398700e+04  1.858970e-07
  2.819610e+05  2.876410e-07
  4.699340e+05  3.555420e-07
  6.579080e+05  3.804030e-07
  8.458810e+05  2.368490e-07
  1.033850e+06  2.315560e-07
  1.221830e+06  3.403040e-07
  1.409810e+06  9.070320e-08
  1.597770e+06  2.935220e-07
  1.785750e+06  3.806700e-07
  1.973720e+06  6.319550e-07
  2.161700e+06  0.000000e+00
  2.349670e+06  1.763010e-07
  2.537650e+06  6.592220e-08
  2.725620e+06  1.098700e-07
  2.913590e+06  1.394360e-07
  3.101560e+06  1.483650e-07
  3.289540e+06  0.000000e+00
  3.477510e+06  3.918980e-07
  3.665480e+06  1.463070e-07
  3.853460e+06  0.000000e+00
  4.041430e+06  0.000000e+00
  4.229400e+06  0.000000e+00
  4.417380e+06  6.199250e-08
  4.605350e+06  0.000000e+00
  4.793320e+06  0.000000e+00
  4.981300e+06  2.509110e-07
  5.169270e+06  2.184310e-08
  5.357250e+06  0.000000e+00
  5.545230e+06  5.846390e-07
  5.639210e+06  0.000000e+00
  1.050000e+07            33             0             1
  0.000000e+00  0.000000e+00
  9.613750e+04  1.695130e-07
  2.884120e+05  2.619040e-07
  4.806880e+05  3.223820e-07
  6.729630e+05  3.441240e-07
  8.652380e+05  3.463730e-07
  1.057510e+06  3.361270e-07
  1.249790e+06  1.958780e-07
  1.442070e+06  1.878810e-07
  1.634340e+06  2.729000e-07
  1.826610e+06  7.304820e-08
  2.018890e+06  2.911430e-07
  2.211160e+06  3.086370e-07
  2.403440e+06  5.705400e-07
  2.595720e+06  0.000000e+00
  2.787990e+06  1.405980e-07
  2.980260e+06  5.148110e-08
  3.172540e+06  8.499380e-08
  3.364810e+06  1.126590e-07
  3.557090e+06  1.194060e-07
  3.749370e+06  3.168840e-07
  3.941640e+06  3.741130e-08
  4.133910e+06  7.352300e-08
  4.326190e+06  0.000000e+00
  4.518470e+06  0.000000e+00
  4.710740e+06  0.000000e+00
  4.903020e+06  4.565820e-08
  5.095290e+06  0.000000e+00
  5.287570e+06  0.000000e+00
  5.479850e+06  1.963780e-07
  5.672120e+06  1.570670e-08
  5.864400e+06  4.908200e-07
  5.960530e+06  0.000000e+00
  1.100000e+07            35             0             1
  0.000000e+00  0.000000e+00
  9.828850e+04  1.566750e-07
  2.948650e+05  2.413310e-07
  4.914420e+05  2.963300e-07
  6.880190e+05  3.152950e-07
  8.845950e+05  3.171910e-07
  1.081170e+06  3.084200e-07
  1.277750e+06  2.972780e-07
  1.474320e+06  2.835280e-07
  1.670900e+06  1.605630e-07
  1.867480e+06  1.537360e-07
  2.064050e+06  2.227920e-07
  2.260630e+06  5.985860e-08
  2.457210e+06  3.162430e-07
  2.653790e+06  2.186910e-07
  2.850360e+06  5.113460e-07
  3.046940e+06  3.771680e-08
  3.243520e+06  7.704570e-08
  3.440090e+06  4.091720e-08
  3.636670e+06  6.661490e-08
  3.833250e+06  9.179110e-08
  4.029830e+06  9.691160e-08
  4.226400e+06  2.595850e-07
  4.422980e+06  2.842390e-08
  4.619550e+06  5.715610e-08
  4.816130e+06  0.000000e+00
  5.012710e+06  0.000000e+00
  5.209280e+06  3.404230e-08
  5.405860e+06  0.000000e+00
  5.602440e+06  0.000000e+00
  5.799020e+06  1.553480e-07
  5.995590e+06  1.151660e-08
  6.192170e+06  0.000000e+00
  6.388740e+06  4.132020e-07
  6.487030e+06  0.000000e+00
  1.150000e+07            36             0             1
  0.000000e+00  0.000000e+00
  1.004390e+05  1.463980e-07
  3.013180e+05  2.248140e-07
  5.021960e+05  2.747000e-07
  7.030750e+05  2.918540e-07
  9.039520e+05  2.932450e-07
  1.104830e+06  2.858270e-07
  1.305710e+06  2.760900e-07
  1.506590e+06  2.638040e-07
  1.707470e+06  2.519820e-07
  1.908340e+06  2.401590e-07
  2.109220e+06  1.337800e-07
  2.310100e+06  1.280770e-07
  2.510980e+06  1.850340e-07
  2.711860e+06  3.138760e-07
  2.912740e+06  4.184240e-08
  3.113620e+06  1.718900e-07
  3.314490e+06  4.564420e-07
  3.515370e+06  3.032130e-08
  3.716250e+06  9.659690e-08
  3.917130e+06  1.743700e-08
  4.118010e+06  1.105520e-07
  4.318880e+06  7.958170e-08
  4.519760e+06  0.000000e+00
  4.720640e+06  2.147060e-07
  4.921520e+06  6.639150e-08
  5.122400e+06  0.000000e+00
  5.323280e+06  0.000000e+00
  5.524160e+06  0.000000e+00
  5.725030e+06  2.568500e-08
  5.925910e+06  0.000000e+00
  6.126790e+06  0.000000e+00
  6.327670e+06  1.241130e-07
  6.528550e+06  8.570160e-09
  6.729430e+06  3.479530e-07
  6.829870e+06  0.000000e+00
  1.200000e+07            37             0             1
  0.000000e+00  0.000000e+00
  1.025900e+05  1.430200e-07
  3.077700e+05  2.165770e-07
  5.129500e+05  2.632100e-07
  7.181300e+05  2.788980e-07
  9.233100e+05  2.798240e-07
  1.128490e+06  2.733430e-07
  1.333670e+06  2.645480e-07
  1.538850e+06  2.534380e-07
  1.744030e+06  2.430230e-07
  1.949210e+06  2.321450e-07
  2.154390e+06  2.217070e-07
  2.359570e+06  2.112220e-07
  2.564750e+06  1.157480e-07
  2.769930e+06  1.105410e-07
  2.975110e+06  5.429830e-08
  3.180290e+06  2.897760e-07
  3.385470e+06  1.629410e-07
  3.590650e+06  2.608450e-07
  3.795830e+06  1.699770e-07
  4.001010e+06  7.936440e-08
  4.206190e+06  2.689460e-08
  4.411370e+06  4.288780e-08
  4.616550e+06  6.371830e-08
  4.821730e+06  6.691240e-08
  5.026910e+06  1.810410e-07
  5.232090e+06  1.719680e-08
  5.437270e+06  3.580540e-08
  5.642450e+06  0.000000e+00
  5.847630e+06  0.000000e+00
  6.052810e+06  2.005750e-08
  6.257990e+06  0.000000e+00
  6.463170e+06  0.000000e+00
  6.668350e+06  1.017460e-07
  6.873530e+06  6.626430e-09
  7.078710e+06  2.962570e-07
  7.181300e+06  0.000000e+00
  1.250000e+07            39             0             1
  0.000000e+00  0.000000e+00
  1.047410e+05  2.360950e-07
  3.142230e+05  2.066650e-07
  5.237040e+05  2.465320e-07
  7.331850e+05  2.581010e-07
  9.426680e+05  2.579470e-07
  1.152150e+06  2.522570e-07
  1.361630e+06  2.443600e-07
  1.571110e+06  2.346570e-07
  1.780590e+06  2.256320e-07
  1.990070e+06  2.163130e-07
  2.199560e+06  2.072660e-07
  2.409040e+06  1.979470e-07
  2.618520e+06  1.884250e-07
  2.828000e+06  1.792200e-07
  3.037480e+06  9.722490e-08
  3.246960e+06  9.250910e-08
  3.456440e+06  4.584840e-08
  3.665930e+06  2.545130e-07
  3.875410e+06  1.526180e-07
  4.084890e+06  3.486020e-07
  4.294370e+06  0.000000e+00
  4.503850e+06  6.428260e-08
  4.713340e+06  2.146890e-08
  4.922820e+06  3.346120e-08
  5.132300e+06  1.044230e-07
  5.341780e+06  0.000000e+00
  5.551260e+06  1.457130e-07
  5.760740e+06  4.036560e-08
  5.970220e+06  0.000000e+00
  6.179710e+06  0.000000e+00
  6.389190e+06  0.000000e+00
  6.598670e+06  1.495490e-08
  6.808150e+06  0.000000e+00
  7.017630e+06  0.000000e+00
  7.227110e+06  7.953530e-08
  7.436590e+06  4.880420e-09
  7.646080e+06  2.412010e-07
  7.750820e+06  0.000000e+00
  1.300000e+07            40             0             1
  0.000000e+00  0.000000e+00
  1.068920e+05  2.627530e-07
  3.206740e+05  3.297400e-07
  5.344570e+05  3.783140e-07
  7.482410e+05  2.319420e-07
  9.620270e+05  2.295840e-07
  1.175810e+06  2.244450e-07
  1.389590e+06  2.172640e-07
  1.603370e+06  2.092530e-07
  1.817160e+06  2.016350e-07
  2.030940e+06  1.937130e-07
  2.244720e+06  1.860950e-07
  2.458500e+06  1.780850e-07
  2.672290e+06  1.700100e-07
  2.886070e+06  1.622400e-07
  3.099850e+06  1.544260e-07
  3.313640e+06  8.192520e-08
  3.527420e+06  7.752860e-08
  3.741200e+06  1.082180e-07
  3.954990e+06  2.894810e-08
  4.168770e+06  1.989580e-07
  4.382560e+06  1.061500e-07
  4.596340e+06  2.829510e-07
  4.810120e+06  1.551220e-08
  5.023900e+06  5.038700e-08
  5.237690e+06  2.518260e-08
  5.451470e+06  3.917780e-08
  5.665250e+06  4.078850e-08
  5.879030e+06  1.125490e-07
  6.092820e+06  9.626870e-09
  6.306600e+06  2.034420e-08
  6.520380e+06  0.000000e+00
  6.734170e+06  0.000000e+00
  6.947950e+06  1.093500e-08
  7.161740e+06  0.000000e+00
  7.375520e+06  0.000000e+00
  7.589300e+06  5.981150e-08
  7.803080e+06  3.563010e-09
  8.016870e+06  1.883580e-07
  8.123760e+06  0.000000e+00
  1.350000e+07            41             0             1
  0.000000e+00  0.000000e+00
  1.090430e+05  2.837190e-07
  3.271270e+05  3.121770e-07
  5.452120e+05  3.665150e-07
  7.632970e+05  3.652290e-07
  9.813800e+05  3.505540e-07
  1.199470e+06  2.009120e-07
  1.417550e+06  1.924400e-07
  1.635640e+06  1.852040e-07
  1.853720e+06  1.786350e-07
  2.071810e+06  1.719690e-07
  2.289890e+06  1.654680e-07
  2.507980e+06  1.585340e-07
  2.726060e+06  1.516830e-07
  2.944140e+06  1.450990e-07
  3.162230e+06  1.382690e-07
  3.380320e+06  1.309420e-07
  3.598400e+06  1.232240e-07
  3.816480e+06  6.399560e-08
  4.034570e+06  5.993010e-08
  4.252650e+06  2.829350e-08
  4.470740e+06  1.701120e-07
  4.688820e+06  8.380730e-08
  4.906910e+06  1.416120e-07
  5.124990e+06  9.051430e-08
  5.343070e+06  3.733250e-08
  5.561160e+06  1.215730e-08
  5.779240e+06  4.781620e-08
  5.997330e+06  3.048100e-08
  6.215420e+06  0.000000e+00
  6.433500e+06  8.518990e-08
  6.651590e+06  2.193720e-08
  6.869670e+06  0.000000e+00
  7.087760e+06  0.000000e+00
  7.305840e+06  7.965920e-09
  7.523920e+06  0.000000e+00
  7.742010e+06  0.000000e+00
  7.960090e+06  4.457610e-08
  8.178170e+06  2.608530e-09
  8.396260e+06  1.432010e-07
  8.505300e+06  0.000000e+00
  1.400000e+07            42             0             1
  0.000000e+00  0.000000e+00
  1.111930e+05  5.571510e-14
  3.335790e+05  7.232510e-14
  5.559660e+05  8.659430e-14
  7.783520e+05  8.482700e-14
  1.000740e+06  7.982340e-14
  1.223120e+06  7.468750e-14
  1.445510e+06  6.977580e-14
  1.667890e+06  3.913270e-14
  1.890290e+06  3.745390e-14
  2.112670e+06  3.606020e-14
  2.335060e+06  3.473580e-14
  2.557450e+06  3.332740e-14
  2.779830e+06  3.196110e-14
  3.002210e+06  3.064140e-14
  3.224600e+06  2.923320e-14
  3.446990e+06  2.771300e-14
  3.669370e+06  2.611350e-14
  3.891760e+06  2.444880e-14
  4.114140e+06  2.279800e-14
  4.336530e+06  1.157390e-14
  4.558920e+06  1.573340e-14
  4.781300e+06  4.090030e-15
  5.003700e+06  4.872970e-14
  5.226080e+06  1.512250e-14
  5.448460e+06  5.577100e-14
  5.670850e+06  6.630970e-15
  5.893240e+06  2.143640e-15
  6.115620e+06  3.273520e-15
  6.338010e+06  5.190060e-15
  6.560390e+06  5.385910e-15
  6.782780e+06  1.561680e-14
  7.005170e+06  3.792990e-15
  7.227550e+06  0.000000e+00
  7.449940e+06  0.000000e+00
  7.672330e+06  0.000000e+00
  7.894710e+06  1.369560e-15
  8.117100e+06  0.000000e+00
  8.339490e+06  7.973950e-15
  8.561880e+06  4.496650e-06
  8.784260e+06  3.441390e-14
  8.895450e+06  0.000000e+00
  1.450000e+07            43             0             1
  0.000000e+00  0.000000e+00
  1.133440e+05  2.200890e-07
  3.400320e+05  2.813660e-07
  5.667200e+05  3.481180e-07
  7.934080e+05  3.427870e-07
  1.020100e+06  3.231900e-07
  1.246790e+06  2.990720e-07
  1.473470e+06  2.750080e-07
  1.700160e+06  2.510820e-07
  1.926840e+06  2.354080e-07
  2.153530e+06  1.315360e-07
  2.380220e+06  1.258120e-07
  2.606910e+06  1.206430e-07
  2.833600e+06  1.158720e-07
  3.060290e+06  1.112060e-07
  3.286970e+06  1.060910e-07
  3.513660e+06  1.006150e-07
  3.740350e+06  9.479730e-08
  3.967040e+06  8.878130e-08
  4.193730e+06  8.290940e-08
  4.420410e+06  7.710950e-08
  4.647110e+06  3.829360e-08
  4.873790e+06  3.537560e-08
  5.100470e+06  1.602530e-08
  5.327170e+06  1.683760e-07
  5.553850e+06  4.776790e-08
  5.780550e+06  1.887660e-07
  6.007230e+06  6.282590e-09
  6.233910e+06  1.415200e-08
  6.460610e+06  9.580600e-09
  6.687290e+06  2.229890e-08
  6.913980e+06  1.632790e-08
  7.140670e+06  4.816420e-08
  7.367350e+06  3.661840e-09
  7.594050e+06  7.700140e-09
  7.820730e+06  0.000000e+00
  8.047420e+06  0.000000e+00
  8.274110e+06  4.090530e-09
  8.500800e+06  0.000000e+00
  8.727480e+06  0.000000e+00
  8.954170e+06  2.561310e-08
  9.180860e+06  1.098730e-07
  9.294200e+06  0.000000e+00
  1.500000e+07            44             0             1
  0.000000e+00  0.000000e+00
  1.154950e+05  2.661200e-07
  3.464840e+05  2.713180e-07
  5.774730e+05  3.326800e-07
  8.084630e+05  3.300730e-07
  1.039450e+06  3.123070e-07
  1.270440e+06  2.914300e-07
  1.501440e+06  2.623830e-07
  1.732420e+06  2.387050e-07
  1.963420e+06  2.232820e-07
  2.194400e+06  2.116810e-07
  2.425380e+06  1.149840e-07
  2.656370e+06  1.098890e-07
  2.887370e+06  1.056700e-07
  3.118360e+06  1.015360e-07
  3.349340e+06  9.698110e-08
  3.580330e+06  9.202680e-08
  3.811330e+06  8.675970e-08
  4.042320e+06  8.137090e-08
  4.273300e+06  7.612120e-08
  4.504290e+06  7.088880e-08
  4.735280e+06  6.558690e-08
  4.966280e+06  6.023290e-08
  5.197270e+06  2.887360e-08
  5.428260e+06  3.853860e-08
  5.659250e+06  9.581640e-09
  5.890230e+06  1.387180e-07
  6.121220e+06  1.314000e-07
  6.352210e+06  5.693010e-08
  6.583200e+06  1.548500e-08
  6.814190e+06  4.823850e-09
  7.045180e+06  1.955610e-08
  7.276170e+06  1.264110e-08
  7.507150e+06  2.647470e-09
  7.738140e+06  3.833000e-08
  7.969130e+06  5.859890e-09
  8.200120e+06  0.000000e+00
  8.431120e+06  0.000000e+00
  8.662100e+06  3.085520e-09
  8.893100e+06  0.000000e+00
  9.124090e+06  0.000000e+00
  9.355070e+06  1.997330e-08
  9.586070e+06  8.968010e-08
  9.701560e+06  0.000000e+00
