           201             3
           201
             0
           368
  3.027380e+06  0.000000e+00  3.050000e+06  4.300000e-06  3.069000e+06  1.270000e-05
  3.089000e+06  7.700000e-06  3.109000e+06  3.580000e-06  3.132000e+06  1.870000e-06
  3.149000e+06  3.610000e-06  3.158000e+06  1.070000e-06  3.167000e+06  1.240000e-05
  3.168000e+06  5.500000e-06  3.176000e+06  1.630000e-05  3.181000e+06  2.220000e-05
  3.188000e+06  2.690000e-05  3.191000e+06  3.390000e-05  3.198000e+06  4.280000e-05
  3.201000e+06  3.270000e-05  3.209000e+06  1.120000e-05  3.210000e+06  1.990000e-05
  3.214000e+06  6.800000e-06  3.224000e+06  6.800000e-06  3.228000e+06  1.520000e-05
  3.231000e+06  2.330000e-05  3.238000e+06  3.170000e-05  3.241000e+06  1.920000e-05
  3.245000e+06  1.260000e-05  3.251000e+06  1.720000e-05  3.255000e+06  2.080000e-05
  3.258000e+06  2.340000e-05  3.265000e+06  2.340000e-05  3.269000e+06  2.630000e-05
  3.279000e+06  3.730000e-05  3.282000e+06  4.700000e-05  3.288000e+06  5.900000e-05
  3.290000e+06  1.060000e-04  3.296000e+06  1.140000e-04  3.301000e+06  8.100000e-05
  3.306000e+06  6.200000e-05  3.309000e+06  4.910000e-05  3.314000e+06  4.210000e-05
  3.318000e+06  3.610000e-05  3.326000e+06  3.620000e-05  3.329000e+06  2.990000e-05
  3.336000e+06  2.770000e-05  3.341000e+06  2.380000e-05  3.346000e+06  2.200000e-05
  3.349000e+06  2.040000e-05  3.353000e+06  2.040000e-05  3.358000e+06  1.620000e-05
  3.366000e+06  1.150000e-05  3.370000e+06  2.580000e-05  3.377000e+06  5.600000e-05
  3.381000e+06  1.120000e-04  3.387000e+06  8.900000e-05  3.388000e+06  1.580000e-04
  3.389000e+06  1.210000e-04  3.399000e+06  6.500000e-05  3.404000e+06  5.600000e-05
  3.409000e+06  5.000000e-05  3.414000e+06  4.630000e-05  3.421000e+06  5.010000e-05
  3.424000e+06  6.800000e-05  3.428000e+06  1.000000e-04  3.435000e+06  1.590000e-04
  3.442000e+06  2.530000e-04  3.447000e+06  1.730000e-04  3.450000e+06  3.730000e-04
  3.454000e+06  6.400000e-04  3.459000e+06  7.800000e-04  3.463000e+06  8.700000e-04
  3.470000e+06  9.400000e-04  3.476000e+06  1.100000e-03  3.480000e+06  8.100000e-04
  3.482000e+06  3.480000e-04  3.487000e+06  3.620000e-04  3.494000e+06  3.620000e-04
  3.499000e+06  3.620000e-04  3.506000e+06  3.360000e-04  3.506000e+06  3.770000e-04
  3.514000e+06  2.570000e-04  3.519000e+06  2.200000e-04  3.523000e+06  1.970000e-04
  3.529000e+06  1.620000e-04  3.532000e+06  1.290000e-04  3.535000e+06  8.400000e-05
  3.542000e+06  7.300000e-05  3.549000e+06  5.130000e-05  3.552000e+06  4.400000e-05
  3.557000e+06  4.240000e-05  3.562000e+06  3.780000e-05  3.567000e+06  6.500000e-05
  3.576000e+06  1.250000e-04  3.580000e+06  1.700000e-04  3.582000e+06  3.800000e-05
  3.589000e+06  4.270000e-05  3.596000e+06  5.180000e-05  3.600000e+06  6.000000e-05
  3.603000e+06  8.200000e-05  3.608000e+06  1.260000e-04  3.615000e+06  2.160000e-04
  3.617000e+06  3.570000e-04  3.624000e+06  8.000000e-04  3.630000e+06  2.020000e-03
  3.635000e+06  9.000000e-04  3.638000e+06  5.900000e-04  3.644000e+06  4.180000e-04
  3.647000e+06  2.850000e-04  3.654000e+06  2.540000e-04  3.661000e+06  2.180000e-04
  3.677000e+06  2.527000e-04  3.681000e+06  1.339500e-03  3.687000e+06  1.729000e-03
  3.690000e+06  1.273000e-03  3.695000e+06  1.843000e-03  3.708000e+06  1.130500e-03
  3.712000e+06  5.890000e-04  3.714000e+06  2.897500e-04  3.718000e+06  4.712000e-04
  3.721000e+06  1.130500e-03  3.723000e+06  1.320500e-03  3.729000e+06  1.121000e-03
  3.747000e+06  8.075000e-04  3.749000e+06  6.935000e-04  3.751000e+06  4.987500e-04
  3.754000e+06  4.987500e-04  3.756000e+06  8.930000e-04  3.759000e+06  1.548500e-03
  3.764000e+06  2.128000e-03  3.769000e+06  2.508000e-03  3.773000e+06  2.128000e-03
  3.776000e+06  1.805000e-03  3.782000e+06  1.301500e-03  3.789000e+06  1.244500e-03
  3.792000e+06  9.405000e-04  3.799000e+06  7.315000e-04  3.801000e+06  5.795000e-04
  3.809000e+06  4.930500e-04  3.825000e+06  5.795000e-04  3.834000e+06  6.460000e-04
  3.838000e+06  6.745000e-04  3.840000e+06  1.292000e-03  3.844000e+06  1.900000e-03
  3.846000e+06  2.707500e-03  3.851000e+06  2.460500e-03  3.861000e+06  2.185000e-03
  3.868000e+06  1.767000e-03  3.879000e+06  1.368000e-03  3.881000e+06  7.505000e-04
  3.886000e+06  5.690500e-04  3.903000e+06  2.071000e-03  3.914000e+06  1.757500e-03
  3.921000e+06  1.073500e-03  3.926000e+06  4.807000e-04  3.931000e+06  3.638500e-04
  3.938000e+06  4.484000e-04  3.940000e+06  4.788000e-04  3.943000e+06  4.066000e-04
  3.955000e+06  4.541000e-04  3.966000e+06  4.759500e-04  3.973000e+06  4.037500e-04
  3.979000e+06  1.254000e-03  3.985000e+06  9.025000e-04  3.990000e+06  1.111500e-03
  3.995000e+06  1.615000e-03  4.000000e+06  1.719500e-03  4.007000e+06  1.463000e-03
  4.009000e+06  2.612500e-03  4.011000e+06  3.277500e-03  4.013000e+06  3.857000e-03
  4.025000e+06  3.268000e-03  4.028000e+06  2.365500e-03  4.031000e+06  1.710000e-03
  4.033000e+06  1.453500e-03  4.042000e+06  1.235000e-03  4.060000e+06  1.444000e-03
  4.070000e+06  1.700500e-03  4.075000e+06  1.995000e-03  4.077000e+06  2.337000e-03
  4.087000e+06  3.220500e-03  4.089000e+06  4.455500e-03  4.094000e+06  5.234500e-03
  4.105000e+06  5.215500e-03  4.112000e+06  4.436500e-03  4.115000e+06  4.151500e-03
  4.122000e+06  3.771500e-03  4.129000e+06  3.752500e-03  4.139000e+06  3.192000e-03
  4.146000e+06  2.308500e-03  4.151000e+06  2.194500e-03  4.164000e+06  2.527000e-03
  4.168000e+06  3.173000e-03  4.170000e+06  5.149000e-03  4.172000e+06  3.724000e-03
  4.176000e+06  7.125000e-03  4.181000e+06  8.360000e-03  4.189000e+06  9.785000e-03
  4.198000e+06  8.265000e-03  4.201000e+06  6.013500e-03  4.207000e+06  4.351000e-03
  4.212000e+06  3.705000e-03  4.216000e+06  3.135000e-03  4.233000e+06  3.125500e-03
  4.242000e+06  3.116000e-03  4.252000e+06  4.303500e-03  4.268000e+06  3.097000e-03
  4.285000e+06  3.087500e-03  4.289000e+06  4.066000e-03  4.293000e+06  4.265500e-03
  4.303000e+06  4.256000e-03  4.313000e+06  3.068500e-03  4.320000e+06  1.890500e-03
  4.325000e+06  1.368000e-03  4.337000e+06  1.358500e-03  4.339000e+06  3.049500e-03
  4.341000e+06  3.952000e-03  4.346000e+06  4.208500e-03  4.355000e+06  4.940000e-03
  4.365000e+06  9.405000e-03  4.372000e+06  7.980000e-03  4.390000e+06  6.745000e-03
  4.396000e+06  5.405500e-03  4.400000e+06  4.161000e-03  4.417000e+06  3.952000e-03
  4.424000e+06  3.524500e-03  4.442000e+06  3.505500e-03  4.459000e+06  3.496000e-03
  4.469000e+06  3.486500e-03  4.476000e+06  3.781000e-03  4.478000e+06  3.486500e-03
  4.480000e+06  4.588500e-03  4.482000e+06  4.094500e-03  4.484000e+06  4.816500e-03
  4.486000e+06  6.650000e-03  4.489000e+06  9.120000e-03  4.494000e+06  4.075500e-03
  4.504000e+06  1.073500e-02  4.511000e+06  1.197000e-02  4.518000e+06  1.073500e-02
  4.523000e+06  7.695000e-03  4.526000e+06  6.555000e-03  4.529000e+06  5.595500e-03
  4.554000e+06  6.080000e-03  4.566000e+06  8.550000e-03  4.574000e+06  1.007000e-02
  4.575000e+06  1.406000e-02  4.587000e+06  1.966500e-02  4.594000e+06  1.966500e-02
  4.603000e+06  1.396500e-02  4.609000e+06  9.975000e-03  4.613000e+06  1.178000e-02
  4.626000e+06  9.310000e-03  4.631000e+06  9.975000e-03  4.642000e+06  7.125000e-03
  4.652000e+06  5.985000e-03  4.659000e+06  5.605000e-03  4.676000e+06  5.016000e-03
  4.682000e+06  5.510000e-03  4.694000e+06  5.890000e-03  4.695000e+06  8.455000e-03
  4.697000e+06  1.368000e-02  4.708000e+06  1.415500e-02  4.713000e+06  8.265000e-03
  4.714000e+06  1.149500e-02  4.715000e+06  1.368000e-02  4.730000e+06  8.170000e-03
  4.732000e+06  1.358500e-02  4.743000e+06  1.605500e-02  4.751000e+06  1.890500e-02
  4.761000e+06  1.890500e-02  4.767000e+06  1.491500e-02  4.768000e+06  1.596000e-02
  4.780000e+06  1.881000e-02  4.786000e+06  1.881000e-02  4.795000e+06  1.339500e-02
  4.801000e+06  9.595000e-03  4.811000e+06  8.930000e-03  4.818000e+06  8.075000e-03
  4.826000e+06  9.500000e-03  4.835000e+06  8.835000e-03  4.847000e+06  7.980000e-03
  4.854000e+06  1.121000e-02  4.871000e+06  9.405000e-03  4.882000e+06  1.111500e-02
  4.890000e+06  1.548500e-02  4.901000e+06  1.311000e-02  4.915000e+06  1.102000e-02
  4.924000e+06  1.301500e-02  4.943000e+06  1.814500e-02  4.961000e+06  2.403500e-02
  4.964000e+06  2.527000e-02  4.978000e+06  2.128000e-02  4.979000e+06  2.517500e-02
  4.989000e+06  2.118500e-02  4.996000e+06  2.508000e-02  5.006000e+06  2.109000e-02
  5.007000e+06  1.786000e-02  5.013000e+06  2.109000e-02  5.023000e+06  1.776500e-02
  5.042000e+06  1.776500e-02  5.048000e+06  1.957000e-02  5.064000e+06  1.491500e-02
  5.074000e+06  1.254000e-02  5.081000e+06  1.254000e-02  5.082000e+06  1.482000e-02
  5.099000e+06  1.168500e-02  5.104000e+06  1.254000e-02  5.109000e+06  1.662500e-02
  5.117000e+06  1.738500e-02  5.136000e+06  2.156500e-02  5.154000e+06  2.859500e-02
  5.166000e+06  2.669500e-02  5.170000e+06  2.033000e-02  5.171000e+06  2.403500e-02
  5.189000e+06  2.840500e-02  5.190000e+06  3.353500e-02  5.200000e+06  3.182500e-02
  5.206000e+06  2.384500e-02  5.223000e+06  2.375000e-02  5.240000e+06  1.748000e-02
  5.252000e+06  2.793000e-02  5.258000e+06  1.995000e-02  5.259000e+06  3.087500e-02
  5.275000e+06  1.985500e-02  5.285000e+06  1.672000e-02  5.292000e+06  1.567500e-02
  5.293000e+06  1.976000e-02  5.302000e+06  2.337000e-02  5.307000e+06  3.268000e-02
  5.313000e+06  4.569500e-02  5.323000e+06  3.847500e-02  5.329000e+06  3.249000e-02
  5.330000e+06  3.847500e-02  5.344000e+06  1.653000e-02  5.346000e+06  2.736000e-02
  5.347000e+06  3.239500e-02  5.364000e+06  2.546000e-02  5.381000e+06  2.299000e-02
  5.387000e+06  2.536500e-02  5.398000e+06  2.175500e-02  5.416000e+06  2.280000e-02
  5.417000e+06  3.524500e-02  5.427000e+06  4.446000e-02  5.434000e+06  3.173000e-02
  5.435000e+06  3.762000e-02  5.440000e+06  4.218000e-02  5.445000e+06  3.439000e-02
  5.452000e+06  3.163500e-02  5.469000e+06  3.363000e-02  5.470000e+06  3.543500e-02
  5.482000e+06  3.714500e-02  5.487000e+06  3.705000e-02  5.488000e+06  4.246500e-02
  5.500000e+06  3.406000e-02  5.600000e+06  3.875400e-02  5.800000e+06  4.494300e-02
  6.000000e+06  5.106500e-02  6.500000e+06  6.893500e-02  7.000000e+06  9.754000e-02
  7.500000e+06  1.378000e-01  8.000000e+06  1.560000e-01  8.500000e+06  1.680000e-01
  9.000000e+06  1.800000e-01  9.500000e+06  2.100000e-01  1.000000e+07  2.800000e-01
  1.100000e+07  2.600000e-01  1.200000e+07  2.400000e-01  1.300000e+07  2.628400e-01
  1.400000e+07  3.452200e-01  1.500000e+07  4.412900e-01
           201
             6
  2.675000e+01             3             1
  1.000000e+00  1.000000e+00             0             1
 -2.636300e+06 -2.636300e+06             2
             1
             2             2
  3.027380e+06  1.000000e+00  1.500000e+07  1.000000e+00
         13027             2             2            26
             1
            26            22
  3.027380e+06             3             0             2
  0.000000e+00  0.000000e+00  0.000000e+00
  5.000000e-01  2.000000e+00  0.000000e+00
  1.000000e+00  0.000000e+00  0.000000e+00
  3.500000e+06             5             0             2
  0.000000e+00  0.000000e+00  0.000000e+00
  1.280000e+05  7.676970e-07  0.000000e+00
  2.570000e+05  1.265520e-06  0.000000e+00
  3.850000e+05  5.748890e-06  0.000000e+00
  5.140000e+05  0.000000e+00  0.000000e+00
  4.000000e+06             8             0             2
  0.000000e+00  0.000000e+00  2.894200e-03
  1.330000e+05  4.427860e-07  2.894200e-03
  2.660000e+05  6.007050e-07  0.000000e+00
  3.990000e+05  7.115320e-07  0.000000e+00
  5.310000e+05  8.331130e-07  0.000000e+00
  6.640000e+05  9.180850e-07  0.000000e+00
  7.970000e+05  4.018380e-06  0.000000e+00
  9.300000e+05  0.000000e+00  0.000000e+00
  4.200000e+06            10             0             2
  0.000000e+00  0.000000e+00  2.289800e-02
  1.350000e+05  4.262230e-07  2.289800e-02
  2.690000e+05  5.948370e-07  7.179600e-03
  4.040000e+05  6.754100e-07  0.000000e+00
  5.380000e+05  6.742930e-07  0.000000e+00
  6.730000e+05  7.318190e-07  0.000000e+00
  8.080000e+05  7.731450e-07  0.000000e+00
  9.420000e+05  8.049230e-07  0.000000e+00
  1.077000e+06  2.741380e-06  0.000000e+00
  1.212000e+06  0.000000e+00  0.000000e+00
  4.400000e+06            11             0             2
  0.000000e+00  0.000000e+00  5.520200e-02
  1.360000e+05  4.074770e-07  5.520200e-02
  2.730000e+05  5.781530e-07  3.482400e-02
  4.090000e+05  6.694320e-07  1.209200e-02
  5.460000e+05  6.690430e-07  2.725300e-04
  6.820000e+05  6.077300e-07  0.000000e+00
  8.180000e+05  6.285560e-07  0.000000e+00
  9.550000e+05  6.529320e-07  0.000000e+00
  1.091000e+06  6.677690e-07  0.000000e+00
  1.227000e+06  2.449590e-06  0.000000e+00
  1.364000e+06  0.000000e+00  0.000000e+00
  4.600000e+06            12             0             2
  0.000000e+00  0.000000e+00  9.401700e-02
  1.380000e+05  3.874480e-07  9.401700e-02
  2.760000e+05  5.570200e-07  7.447900e-02
  4.140000e+05  6.523610e-07  4.404200e-02
  5.530000e+05  6.624350e-07  1.771500e-02
  6.910000e+05  6.252170e-07  1.601000e-03
  8.290000e+05  5.505970e-07  0.000000e+00
  9.670000e+05  5.370580e-07  0.000000e+00
  1.105000e+06  5.483290e-07  0.000000e+00
  1.243000e+06  5.581590e-07  0.000000e+00
  1.381000e+06  2.162990e-06  0.000000e+00
  1.519000e+06  0.000000e+00  0.000000e+00
  4.800000e+06            13             0             2
  0.000000e+00  0.000000e+00  1.399200e-01
  1.400000e+05  3.461730e-07  1.399200e-01
  2.800000e+05  5.029880e-07  1.230600e-01
  4.200000e+05  5.928080e-07  8.871500e-02
  5.600000e+05  6.079130e-07  5.504400e-02
  6.990000e+05  5.809620e-07  2.472400e-02
  8.390000e+05  5.270700e-07  3.894500e-03
  9.790000e+05  4.605230e-07  0.000000e+00
  1.119000e+06  4.274540e-07  0.000000e+00
  1.259000e+06  4.344020e-07  0.000000e+00
  1.399000e+06  4.401100e-07  0.000000e+00
  1.539000e+06  2.226700e-06  0.000000e+00
  1.679000e+06  0.000000e+00  0.000000e+00
  5.000000e+06            14             0             2
  0.000000e+00  0.000000e+00  1.846200e-01
  1.420000e+05  3.329580e-07  1.846200e-01
  2.830000e+05  4.889510e-07  1.736400e-01
  4.250000e+05  5.793620e-07  1.389300e-01
  5.670000e+05  5.982640e-07  1.022900e-01
  7.080000e+05  5.769990e-07  6.558900e-02
  8.500000e+05  5.297240e-07  3.170300e-02
  9.920000e+05  4.727040e-07  6.714400e-03
  1.133000e+06  4.085960e-07  0.000000e+00
  1.275000e+06  3.687120e-07  0.000000e+00
  1.417000e+06  3.725490e-07  0.000000e+00
  1.558000e+06  3.749120e-07  0.000000e+00
  1.700000e+06  1.958190e-06  0.000000e+00
  1.841000e+06  0.000000e+00  0.000000e+00
  5.200000e+06            15             0             2
  0.000000e+00  0.000000e+00  2.284500e-01
  1.430000e+05  3.199310e-07  2.284500e-01
  2.870000e+05  4.746290e-07  2.232600e-01
  4.300000e+05  5.647590e-07  1.894700e-01
  5.740000e+05  5.867350e-07  1.537200e-01
  7.170000e+05  5.696940e-07  1.151300e-01
  8.600000e+05  5.275410e-07  7.578600e-02
  1.004000e+06  4.753030e-07  3.862000e-02
  1.147000e+06  4.181320e-07  9.901000e-03
  1.291000e+06  3.614100e-07  0.000000e+00
  1.434000e+06  3.179180e-07  0.000000e+00
  1.578000e+06  3.194910e-07  0.000000e+00
  1.721000e+06  3.210540e-07  0.000000e+00
  1.864000e+06  1.715150e-06  0.000000e+00
  2.008000e+06  0.000000e+00  0.000000e+00
  5.400000e+06            16             0             2
  0.000000e+00  0.000000e+00  2.702200e-01
  1.450000e+05  3.073740e-07  2.702200e-01
  2.900000e+05  4.602590e-07  2.699800e-01
  4.360000e+05  5.500810e-07  2.390400e-01
  5.810000e+05  5.745340e-07  2.047600e-01
  7.260000e+05  5.610710e-07  1.673400e-01
  8.710000e+05  5.236830e-07  1.272600e-01
  1.016000e+06  4.753250e-07  8.534600e-02
  1.161000e+06  4.220010e-07  4.519000e-02
  1.307000e+06  3.693800e-07  1.302000e-02
  1.452000e+06  3.180010e-07  0.000000e+00
  1.597000e+06  2.744250e-07  0.000000e+00
  1.742000e+06  2.754810e-07  0.000000e+00
  1.887000e+06  2.761940e-07  0.000000e+00
  2.032000e+06  1.497370e-06  0.000000e+00
  2.178000e+06  0.000000e+00  0.000000e+00
  5.600000e+06            17             0             2
  0.000000e+00  0.000000e+00  3.082000e-01
  1.470000e+05  2.953010e-07  3.082000e-01
  2.940000e+05  4.462140e-07  3.131900e-01
  4.410000e+05  5.352200e-07  2.850600e-01
  5.880000e+05  5.617520e-07  2.538300e-01
  7.350000e+05  5.516070e-07  2.182300e-01
  8.820000e+05  5.185500e-07  1.799800e-01
  1.029000e+06  4.737530e-07  1.379300e-01
  1.175000e+06  4.241730e-07  9.410700e-02
  1.322000e+06  3.743090e-07  5.111900e-02
  1.469000e+06  3.253060e-07  1.590000e-02
  1.616000e+06  2.789140e-07  6.409100e-07
  1.763000e+06  2.380410e-07  0.000000e+00
  1.910000e+06  2.384710e-07  0.000000e+00
  2.057000e+06  2.383250e-07  0.000000e+00
  2.204000e+06  1.305840e-06  0.000000e+00
  2.351000e+06  0.000000e+00  0.000000e+00
  5.800000e+06            18             0             2
  0.000000e+00  0.000000e+00  3.513900e-01
  1.490000e+05  2.846240e-07  3.513900e-01
  2.970000e+05  4.313840e-07  3.530800e-01
  4.460000e+05  5.191920e-07  3.260900e-01
  5.950000e+05  5.475670e-07  2.977500e-01
  7.430000e+05  5.403830e-07  2.661600e-01
  8.920000e+05  5.115180e-07  2.309200e-01
  1.041000e+06  4.704770e-07  1.910800e-01
  1.190000e+06  4.245620e-07  1.474400e-01
  1.338000e+06  3.775500e-07  1.013700e-01
  1.487000e+06  3.304210e-07  5.630700e-02
  1.636000e+06  2.854750e-07  1.835100e-02
  1.784000e+06  2.444340e-07  5.775500e-05
  1.933000e+06  2.070440e-07  0.000000e+00
  2.082000e+06  2.066820e-07  0.000000e+00
  2.230000e+06  2.063100e-07  0.000000e+00
  2.379000e+06  1.135700e-06  0.000000e+00
  2.528000e+06  0.000000e+00  0.000000e+00
  6.000000e+06            19             0             2
  0.000000e+00  0.000000e+00  3.945000e-01
  1.500000e+05  2.768780e-07  3.945000e-01
  3.010000e+05  4.193960e-07  3.975700e-01
  4.510000e+05  5.027770e-07  3.662700e-01
  6.020000e+05  5.324970e-07  3.381900e-01
  7.520000e+05  5.279530e-07  3.099500e-01
  9.030000e+05  5.031890e-07  2.778700e-01
  1.053000e+06  4.658310e-07  2.407400e-01
  1.204000e+06  4.236260e-07  2.004900e-01
  1.354000e+06  3.795600e-07  1.550900e-01
  1.504000e+06  3.345650e-07  1.073700e-01
  1.655000e+06  2.911160e-07  6.016200e-02
  1.805000e+06  2.506640e-07  2.005200e-02
  1.956000e+06  2.138250e-07  1.235400e-04
  2.106000e+06  1.801790e-07  0.000000e+00
  2.257000e+06  1.797680e-07  0.000000e+00
  2.407000e+06  1.790430e-07  0.000000e+00
  2.558000e+06  9.849120e-07  0.000000e+00
  2.708000e+06  0.000000e+00  0.000000e+00
  6.500000e+06            22             0             2
  0.000000e+00  0.000000e+00  4.892200e-01
  1.550000e+05  2.739830e-07  4.892200e-01
  3.100000e+05  4.186020e-07  4.957600e-01
  4.650000e+05  4.965060e-07  4.665900e-01
  6.190000e+05  5.202150e-07  4.360700e-01
  7.740000e+05  5.140280e-07  4.041800e-01
  9.290000e+05  4.949540e-07  3.730300e-01
  1.084000e+06  4.652050e-07  3.441100e-01
  1.239000e+06  4.311200e-07  3.124100e-01
  1.394000e+06  3.937100e-07  2.774400e-01
  1.548000e+06  3.538750e-07  2.355900e-01
  1.703000e+06  3.141860e-07  1.900100e-01
  1.858000e+06  2.754570e-07  1.403700e-01
  2.013000e+06  2.381250e-07  8.862000e-02
  2.168000e+06  2.034490e-07  4.044900e-02
  2.323000e+06  1.724480e-07  6.110800e-03
  2.478000e+06  1.435130e-07  0.000000e+00
  2.632000e+06  1.336410e-07  0.000000e+00
  2.787000e+06  1.323910e-07  0.000000e+00
  2.942000e+06  1.309170e-07  0.000000e+00
  3.097000e+06  5.865500e-07  0.000000e+00
  3.127970e+06  0.000000e+00  0.000000e+00
  7.000000e+06            24             0             2
  0.000000e+00  0.000000e+00  5.379300e-01
  1.590000e+05  2.542050e-07  5.379300e-01
  3.180000e+05  3.931160e-07  5.508400e-01
  4.780000e+05  4.668120e-07  5.272600e-01
  6.370000e+05  4.892890e-07  5.022400e-01
  7.960000e+05  4.820820e-07  4.741100e-01
  9.550000e+05  4.612770e-07  4.434900e-01
  1.115000e+06  4.318260e-07  4.121800e-01
  1.274000e+06  4.026770e-07  3.792300e-01
  1.433000e+06  3.740040e-07  3.482900e-01
  1.592000e+06  3.432300e-07  3.179500e-01
  1.752000e+06  3.117850e-07  2.841100e-01
  1.911000e+06  2.798150e-07  2.449300e-01
  2.070000e+06  2.476500e-07  2.017500e-01
  2.229000e+06  2.164000e-07  1.536600e-01
  2.389000e+06  1.865790e-07  1.031000e-01
  2.548000e+06  1.585670e-07  5.409100e-02
  2.707000e+06  1.332590e-07  1.436300e-02
  2.866000e+06  1.108400e-07  0.000000e+00
  3.026000e+06  9.701650e-08  0.000000e+00
  3.185000e+06  9.569470e-08  0.000000e+00
  3.344000e+06  9.407140e-08  0.000000e+00
  3.503000e+06  4.091060e-07  0.000000e+00
  3.538030e+06  0.000000e+00  0.000000e+00
  7.500000e+06            26             0             2
  0.000000e+00  0.000000e+00  3.867500e-01
  1.640000e+05  2.756360e-07  3.867500e-01
  3.270000e+05  3.411120e-07  5.205800e-01
  4.910000e+05  4.081420e-07  5.018500e-01
  6.550000e+05  4.318630e-07  4.816800e-01
  8.180000e+05  4.295860e-07  4.589200e-01
  9.820000e+05  4.146420e-07  4.342300e-01
  1.146000e+06  3.912620e-07  4.072300e-01
  1.309000e+06  3.666030e-07  3.781600e-01
  1.473000e+06  3.407210e-07  3.481600e-01
  1.636000e+06  3.152310e-07  3.169600e-01
  1.800000e+06  2.920760e-07  2.875200e-01
  1.964000e+06  2.691850e-07  2.602200e-01
  2.127000e+06  2.454150e-07  2.314500e-01
  2.291000e+06  2.214780e-07  1.990200e-01
  2.455000e+06  1.973760e-07  1.637900e-01
  2.618000e+06  1.734390e-07  1.255400e-01
  2.782000e+06  1.502260e-07  8.621100e-02
  2.946000e+06  1.282930e-07  4.774900e-02
  3.109000e+06  1.080220e-07  1.554400e-02
  3.273000e+06  8.947110e-08  3.443000e-05
  3.437000e+06  7.519810e-08  0.000000e+00
  3.600000e+06  7.353160e-08  0.000000e+00
  3.764000e+06  7.164330e-08  0.000000e+00
  3.927000e+06  3.012340e-07  0.000000e+00
  4.091000e+06  0.000000e+00  0.000000e+00
  8.000000e+06            28             0             2
  0.000000e+00  0.000000e+00  4.163700e-01
  1.680000e+05  2.517820e-07  4.163700e-01
  3.360000e+05  3.914850e-07  4.376000e-01
  5.040000e+05  4.710500e-07  4.244200e-01
  6.720000e+05  4.085460e-07  5.275400e-01
  8.400000e+05  4.079610e-07  5.092700e-01
  1.008000e+06  3.948850e-07  4.892800e-01
  1.176000e+06  3.743750e-07  4.667200e-01
  1.344000e+06  3.516730e-07  4.419000e-01
  1.512000e+06  3.267390e-07  4.148600e-01
  1.680000e+06  3.017080e-07  3.852400e-01
  1.848000e+06  2.776420e-07  3.548000e-01
  2.016000e+06  2.545100e-07  3.230800e-01
  2.185000e+06  2.332210e-07  2.921500e-01
  2.353000e+06  2.134800e-07  2.639700e-01
  2.521000e+06  1.933110e-07  2.354700e-01
  2.689000e+06  1.728500e-07  2.043900e-01
  2.857000e+06  1.525740e-07  1.690300e-01
  3.025000e+06  1.328920e-07  1.310900e-01
  3.193000e+06  1.139800e-07  9.135800e-02
  3.361000e+06  9.614510e-08  5.202300e-02
  3.529000e+06  7.976430e-08  1.821800e-02
  3.697000e+06  6.518220e-08  2.812000e-04
  3.865000e+06  5.356500e-08  0.000000e+00
  4.033000e+06  5.186380e-08  0.000000e+00
  4.201000e+06  5.011380e-08  0.000000e+00
  4.369000e+06  2.057540e-07  0.000000e+00
  4.412690e+06  0.000000e+00  0.000000e+00
  8.500000e+06            30             0             2
  0.000000e+00  0.000000e+00  1.219200e-01
  1.720000e+05  1.978240e-07  1.219200e-01
  3.450000e+05  2.972540e-07  1.327800e-01
  5.170000e+05  3.649610e-07  1.270800e-01
  6.900000e+05  3.977680e-07  1.212900e-01
  8.620000e+05  4.097890e-07  1.155900e-01
  1.035000e+06  4.097010e-07  1.083900e-01
  1.207000e+06  2.724010e-07  1.508700e-01
  1.380000e+06  2.667030e-07  1.381700e-01
  1.552000e+06  2.587480e-07  1.251600e-01
  1.724000e+06  2.501580e-07  1.112700e-01
  1.897000e+06  2.410790e-07  9.672500e-02
  2.069000e+06  2.311300e-07  8.236400e-02
  2.242000e+06  2.211030e-07  6.856200e-02
  2.414000e+06  2.108410e-07  5.600600e-02
  2.587000e+06  2.003550e-07  4.540400e-02
  2.759000e+06  1.897810e-07  3.812000e-02
  2.931000e+06  1.785710e-07  3.280100e-02
  3.104000e+06  1.666870e-07  2.752700e-02
  3.276000e+06  1.538940e-07  2.203500e-02
  3.449000e+06  1.402420e-07  1.646400e-02
  3.621000e+06  1.256410e-07  1.103500e-02
  3.794000e+06  1.102290e-07  6.018900e-03
  3.966000e+06  9.396290e-08  2.016200e-03
  4.139000e+06  7.683380e-08  1.990100e-05
  4.311000e+06  6.309410e-08  0.000000e+00
  4.483000e+06  6.078860e-08  0.000000e+00
  4.656000e+06  5.843820e-08  0.000000e+00
  4.828000e+06  2.358800e-07  0.000000e+00
  4.876280e+06  0.000000e+00  0.000000e+00
  9.000000e+06            31             0             2
  0.000000e+00  0.000000e+00  1.125100e-01
  1.770000e+05  1.768580e-07  1.125100e-01
  3.540000e+05  2.651540e-07  1.238000e-01
  5.310000e+05  3.253460e-07  1.198400e-01
  7.070000e+05  3.548180e-07  1.156300e-01
  8.840000e+05  3.665710e-07  1.117000e-01
  1.061000e+06  3.674370e-07  1.060500e-01
  1.238000e+06  3.636570e-07  9.973500e-02
  1.415000e+06  3.569140e-07  9.420300e-02
  1.592000e+06  2.311640e-07  1.317300e-01
  1.768000e+06  2.245000e-07  1.197500e-01
  1.945000e+06  2.170980e-07  1.068700e-01
  2.122000e+06  2.088780e-07  9.378000e-02
  2.299000e+06  2.004130e-07  8.011900e-02
  2.476000e+06  1.915340e-07  6.666700e-02
  2.653000e+06  1.821530e-07  5.353600e-02
  2.829000e+06  1.727040e-07  4.173100e-02
  3.006000e+06  1.633720e-07  3.225800e-02
  3.183000e+06  1.540800e-07  2.604500e-02
  3.360000e+06  1.441280e-07  2.234300e-02
  3.537000e+06  1.334380e-07  1.863800e-02
  3.714000e+06  1.220980e-07  1.481900e-02
  3.890000e+06  1.100500e-07  1.100300e-02
  4.067000e+06  9.747100e-08  7.236000e-03
  4.244000e+06  8.456230e-08  3.823400e-03
  4.421000e+06  7.124310e-08  1.147700e-03
  4.598000e+06  5.734810e-08  0.000000e+00
  4.775000e+06  4.809820e-08  0.000000e+00
  4.951000e+06  4.604280e-08  0.000000e+00
  5.128000e+06  2.177180e-07  0.000000e+00
  5.305000e+06  0.000000e+00  0.000000e+00
  9.500000e+06            33             0             2
  0.000000e+00  0.000000e+00  1.178100e-01
  1.810000e+05  1.622910e-07  1.178100e-01
  3.620000e+05  2.432540e-07  1.301700e-01
  5.440000e+05  2.979580e-07  1.282300e-01
  7.250000e+05  3.249260e-07  1.252300e-01
  9.060000e+05  3.363750e-07  1.212400e-01
  1.087000e+06  3.378040e-07  1.174900e-01
  1.269000e+06  3.356950e-07  1.122000e-01
  1.450000e+06  3.306110e-07  1.068800e-01
  1.631000e+06  3.229450e-07  1.012100e-01
  1.812000e+06  3.145610e-07  9.395000e-02
  1.994000e+06  2.005010e-07  1.328800e-01
  2.175000e+06  1.934360e-07  1.202900e-01
  2.356000e+06  1.859680e-07  1.072000e-01
  2.537000e+06  1.778580e-07  9.341600e-02
  2.719000e+06  1.693160e-07  7.904300e-02
  2.900000e+06  1.605370e-07  6.495500e-02
  3.081000e+06  1.517970e-07  5.130300e-02
  3.262000e+06  1.429390e-07  3.904600e-02
  3.443000e+06  1.340420e-07  2.926100e-02
  3.625000e+06  1.251440e-07  2.301300e-02
  3.806000e+06  1.157640e-07  1.976700e-02
  3.987000e+06  1.058720e-07  1.643200e-02
  4.168000e+06  9.570320e-08  1.293100e-02
  4.350000e+06  8.541360e-08  9.425200e-03
  4.531000e+06  7.492600e-08  6.006300e-03
  4.712000e+06  6.419990e-08  2.951700e-03
  4.893000e+06  5.315560e-08  6.821700e-04
  5.075000e+06  4.167370e-08  0.000000e+00
  5.256000e+06  3.654910e-08  0.000000e+00
  5.437000e+06  3.480910e-08  0.000000e+00
  5.618000e+06  1.611770e-07  0.000000e+00
  5.800000e+06  0.000000e+00  0.000000e+00
  1.000000e+07            35             0             2
  0.000000e+00  0.000000e+00  8.874400e-02
  1.860000e+05  2.169120e-07  8.874400e-02
  3.710000e+05  2.247570e-07  1.442700e-01
  5.570000e+05  2.747570e-07  1.434300e-01
  7.430000e+05  2.994350e-07  1.412600e-01
  9.280000e+05  3.104360e-07  1.383600e-01
  1.114000e+06  3.123310e-07  1.351800e-01
  1.299000e+06  3.114220e-07  1.312900e-01
  1.485000e+06  3.075240e-07  1.260300e-01
  1.671000e+06  3.016430e-07  1.211600e-01
  1.856000e+06  2.949410e-07  1.146100e-01
  2.042000e+06  2.865790e-07  1.073900e-01
  2.228000e+06  2.773170e-07  1.001700e-01
  2.413000e+06  1.741220e-07  1.428100e-01
  2.599000e+06  1.665990e-07  1.292400e-01
  2.785000e+06  1.586270e-07  1.147700e-01
  2.970000e+06  1.504310e-07  9.959900e-02
  3.156000e+06  1.420290e-07  8.390800e-02
  3.341000e+06  1.334320e-07  6.831000e-02
  3.527000e+06  1.246390e-07  5.314500e-02
  3.713000e+06  1.158860e-07  3.986000e-02
  3.898000e+06  1.072500e-07  2.910000e-02
  4.084000e+06  9.889660e-08  2.303300e-02
  4.270000e+06  9.049390e-08  1.970300e-02
  4.455000e+06  8.201590e-08  1.615800e-02
  4.641000e+06  7.349890e-08  1.248400e-02
  4.826000e+06  6.486360e-08  8.860900e-03
  5.012000e+06  5.607010e-08  5.343600e-03
  5.198000e+06  4.719840e-08  2.296600e-03
  5.383000e+06  3.818510e-08  2.882000e-04
  5.569000e+06  2.889520e-08  0.000000e+00
  5.755000e+06  2.740440e-08  0.000000e+00
  5.940000e+06  2.602400e-08  0.000000e+00
  6.126000e+06  9.392400e-08  0.000000e+00
  6.187260e+06  0.000000e+00  0.000000e+00
  1.100000e+07            38             0             2
  0.000000e+00  0.000000e+00  1.118800e-01
  1.940000e+05  1.791350e-07  1.118800e-01
  3.890000e+05  2.632830e-07  1.263400e-01
  5.830000e+05  3.178640e-07  1.265700e-01
  7.780000e+05  3.445560e-07  1.262800e-01
  9.720000e+05  3.569950e-07  1.258300e-01
  1.167000e+06  2.519630e-07  1.821700e-01
  1.361000e+06  2.524240e-07  1.794600e-01
  1.555000e+06  2.501480e-07  1.757300e-01
  1.750000e+06  2.470280e-07  1.722400e-01
  1.944000e+06  2.428000e-07  1.666700e-01
  2.139000e+06  2.371690e-07  1.615200e-01
  2.333000e+06  2.308520e-07  1.555600e-01
  2.528000e+06  2.233080e-07  1.478600e-01
  2.722000e+06  2.146460e-07  1.402500e-01
  2.916000e+06  2.052090e-07  1.324600e-01
  3.111000e+06  1.951150e-07  1.226300e-01
  3.305000e+06  1.195510e-07  1.754900e-01
  3.500000e+06  1.116540e-07  1.585300e-01
  3.694000e+06  1.034920e-07  1.399900e-01
  3.889000e+06  9.516990e-08  1.206200e-01
  4.083000e+06  8.692780e-08  1.004500e-01
  4.277000e+06  7.910950e-08  7.988800e-02
  4.472000e+06  7.186790e-08  6.035700e-02
  4.666000e+06  6.524340e-08  4.347800e-02
  4.861000e+06  5.927420e-08  3.156800e-02
  5.055000e+06  5.361210e-08  2.624500e-02
  5.250000e+06  4.802740e-08  2.185200e-02
  5.444000e+06  4.255850e-08  1.724200e-02
  5.638000e+06  3.716310e-08  1.242900e-02
  5.833000e+06  3.186690e-08  7.835000e-03
  6.027000e+06  2.663240e-08  3.684500e-03
  6.222000e+06  2.141760e-08  6.967000e-04
  6.416000e+06  1.614190e-08  0.000000e+00
  6.611000e+06  1.474690e-08  0.000000e+00
  6.805000e+06  1.398470e-08  0.000000e+00
  6.999000e+06  4.718080e-08  0.000000e+00
  7.068990e+06  0.000000e+00  0.000000e+00
  1.200000e+07            40             0             2
  0.000000e+00  0.000000e+00  4.292600e-01
  2.030000e+05  1.758630e-07  4.292600e-01
  4.060000e+05  2.604350e-07  4.585200e-01
  6.100000e+05  2.958320e-07  4.553100e-01
  8.130000e+05  3.055650e-07  4.523900e-01
  1.016000e+06  3.025790e-07  4.473800e-01
  1.219000e+06  2.950460e-07  4.423100e-01
  1.423000e+06  2.880240e-07  4.347800e-01
  1.626000e+06  2.801370e-07  4.285700e-01
  1.829000e+06  2.717790e-07  4.209500e-01
  2.032000e+06  2.618890e-07  4.136000e-01
  2.235000e+06  2.307650e-07  5.174500e-01
  2.439000e+06  2.193030e-07  5.074700e-01
  2.642000e+06  2.068200e-07  4.966400e-01
  2.845000e+06  1.937180e-07  4.854700e-01
  3.048000e+06  1.802140e-07  4.734200e-01
  3.252000e+06  1.662870e-07  4.597700e-01
  3.455000e+06  1.518790e-07  4.459200e-01
  3.658000e+06  1.372450e-07  4.301800e-01
  3.861000e+06  1.225620e-07  4.136800e-01
  4.065000e+06  1.080460e-07  3.963000e-01
  4.268000e+06  8.453420e-08  5.073800e-01
  4.471000e+06  7.225050e-08  4.802500e-01
  4.674000e+06  6.086940e-08  4.515400e-01
  4.877000e+06  5.054800e-08  4.189200e-01
  5.081000e+06  4.136500e-08  3.831800e-01
  5.284000e+06  3.343710e-08  3.456300e-01
  5.487000e+06  2.688720e-08  3.058500e-01
  5.690000e+06  2.175750e-08  2.681700e-01
  5.894000e+06  1.770320e-08  2.360300e-01
  6.097000e+06  1.406140e-08  2.026600e-01
  6.300000e+06  1.083600e-08  1.653500e-01
  6.503000e+06  8.061050e-09  1.247600e-01
  6.706000e+06  5.769120e-09  8.067500e-02
  6.910000e+06  3.995170e-09  3.797800e-02
  7.113000e+06  2.776620e-09  5.922200e-03
  7.316000e+06  2.021940e-09  0.000000e+00
  7.519000e+06  1.910860e-09  0.000000e+00
  7.723000e+06  7.629300e-09  0.000000e+00
  7.926000e+06  0.000000e+00  0.000000e+00
  1.300000e+07            43             0             2
  0.000000e+00  0.000000e+00  3.335900e-01
  2.120000e+05  1.802710e-07  3.335900e-01
  4.240000e+05  2.619910e-07  4.729600e-01
  6.360000e+05  3.043720e-07  4.710300e-01
  8.480000e+05  3.158960e-07  4.681600e-01
  1.060000e+06  3.111190e-07  4.635400e-01
  1.272000e+06  2.957600e-07  4.603000e-01
  1.484000e+06  2.695530e-07  4.536900e-01
  1.696000e+06  2.440230e-07  4.473700e-01
  1.908000e+06  2.327240e-07  4.394000e-01
  2.120000e+06  2.219160e-07  4.323100e-01
  2.332000e+06  2.127060e-07  4.239400e-01
  2.544000e+06  2.037220e-07  4.165200e-01
  2.756000e+06  1.939920e-07  4.092500e-01
  2.968000e+06  1.720320e-07  5.245900e-01
  3.180000e+06  1.615280e-07  5.151000e-01
  3.392000e+06  1.503760e-07  5.050300e-01
  3.604000e+06  1.387140e-07  4.941400e-01
  3.816000e+06  1.266700e-07  4.826500e-01
  4.028000e+06  1.144100e-07  4.708600e-01
  4.240000e+06  1.022880e-07  4.568200e-01
  4.452000e+06  9.058470e-08  4.421500e-01
  4.664000e+06  7.928980e-08  4.253000e-01
  4.877000e+06  6.851670e-08  4.071600e-01
  5.089000e+06  5.394100e-08  5.234400e-01
  5.301000e+06  4.495690e-08  4.955200e-01
  5.513000e+06  3.683390e-08  4.655200e-01
  5.725000e+06  2.963980e-08  4.297200e-01
  5.937000e+06  2.343620e-08  3.899600e-01
  6.149000e+06  1.825860e-08  3.477100e-01
  6.361000e+06  1.413920e-08  3.029300e-01
  6.573000e+06  1.108990e-08  2.621100e-01
  6.785000e+06  8.801300e-09  2.291100e-01
  6.997000e+06  6.769670e-09  1.947100e-01
  7.209000e+06  4.998940e-09  1.558900e-01
  7.421000e+06  3.512340e-09  1.126900e-01
  7.633000e+06  2.329100e-09  6.774800e-02
  7.845000e+06  1.476990e-09  2.615200e-02
  8.057000e+06  9.811920e-10  7.886800e-04
  8.269000e+06  7.768720e-10  0.000000e+00
  8.481000e+06  7.299010e-10  0.000000e+00
  8.693000e+06  2.135980e-09  0.000000e+00
  8.779930e+06  0.000000e+00  0.000000e+00
  1.400000e+07            45             0             2
  0.000000e+00  0.000000e+00  3.658500e-01
  2.210000e+05  2.057060e-07  3.658500e-01
  4.420000e+05  2.776430e-07  3.955400e-01
  6.620000e+05  3.151020e-07  3.940900e-01
  8.830000e+05  3.229200e-07  3.925400e-01
  1.104000e+06  3.228810e-07  3.901300e-01
  1.325000e+06  2.984590e-07  4.977200e-01
  1.546000e+06  2.414450e-07  4.934100e-01
  1.767000e+06  2.281050e-07  4.884400e-01
  1.987000e+06  2.137780e-07  4.827200e-01
  2.208000e+06  1.935580e-07  4.770100e-01
  2.429000e+06  1.821050e-07  4.709800e-01
  2.650000e+06  1.722440e-07  4.644400e-01
  2.871000e+06  1.631750e-07  4.582800e-01
  3.091000e+06  1.549760e-07  4.519000e-01
  3.312000e+06  1.465610e-07  4.450000e-01
  3.533000e+06  1.376290e-07  4.389500e-01
  3.754000e+06  1.281300e-07  4.322200e-01
  3.975000e+06  1.129140e-07  5.528400e-01
  4.196000e+06  1.030830e-07  5.440300e-01
  4.416000e+06  9.338710e-08  5.348200e-01
  4.637000e+06  8.385580e-08  5.237400e-01
  4.858000e+06  7.452380e-08  5.119200e-01
  5.079000e+06  6.548990e-08  4.982300e-01
  5.300000e+06  5.685280e-08  4.831700e-01
  5.520000e+06  4.874530e-08  4.642900e-01
  5.741000e+06  4.119980e-08  4.441600e-01
  5.962000e+06  3.259890e-08  5.598500e-01
  6.183000e+06  2.652320e-08  5.315300e-01
  6.404000e+06  2.114910e-08  4.960300e-01
  6.625000e+06  1.648950e-08  4.564800e-01
  6.845000e+06  1.256190e-08  4.118100e-01
  7.066000e+06  9.385040e-09  3.623300e-01
  7.287000e+06  6.972540e-09  3.121600e-01
  7.508000e+06  5.337760e-09  2.660700e-01
  7.729000e+06  4.083630e-09  2.313500e-01
  7.949000e+06  2.986930e-09  1.923100e-01
  8.170000e+06  2.057650e-09  1.487000e-01
  8.391000e+06  1.313450e-09  9.985900e-02
  8.612000e+06  7.680770e-10  5.038100e-02
  8.833000e+06  4.348370e-10  1.004500e-02
  9.054000e+06  2.927320e-10  0.000000e+00
  9.274000e+06  2.735090e-10  0.000000e+00
  9.495000e+06  1.016560e-09  0.000000e+00
  9.716000e+06  0.000000e+00  0.000000e+00
  1.500000e+07            47             0             2
  0.000000e+00  0.000000e+00  1.961800e-01
  2.300000e+05  2.570790e-07  1.961800e-01
  4.590000e+05  2.795930e-07  2.205600e-01
  6.890000e+05  3.131410e-07  2.239500e-01
  9.180000e+05  3.171880e-07  2.265600e-01
  1.148000e+06  3.128500e-07  2.297500e-01
  1.378000e+06  2.886280e-07  2.297700e-01
  1.607000e+06  2.510910e-07  2.307700e-01
  1.837000e+06  2.386700e-07  2.307700e-01
  2.067000e+06  2.207070e-07  2.307700e-01
  2.296000e+06  1.648780e-07  3.264200e-01
  2.526000e+06  1.544840e-07  3.269400e-01
  2.755000e+06  1.457790e-07  3.274400e-01
  2.985000e+06  1.377540e-07  3.282600e-01
  3.215000e+06  1.302040e-07  3.281100e-01
  3.444000e+06  1.235760e-07  3.279200e-01
  3.674000e+06  1.168890e-07  3.280300e-01
  3.903000e+06  1.104360e-07  3.281100e-01
  4.133000e+06  1.038370e-07  3.277700e-01
  4.363000e+06  9.723800e-08  3.265300e-01
  4.592000e+06  9.052640e-08  3.246600e-01
  4.822000e+06  6.809760e-08  4.446700e-01
  5.052000e+06  6.225170e-08  4.397300e-01
  5.281000e+06  5.640580e-08  4.327600e-01
  5.511000e+06  5.070450e-08  4.231800e-01
  5.740000e+06  4.520500e-08  4.131700e-01
  5.970000e+06  3.990930e-08  4.013400e-01
  6.200000e+06  3.493190e-08  3.857700e-01
  6.429000e+06  3.024280e-08  3.667700e-01
  6.659000e+06  2.591070e-08  3.453000e-01
  6.888000e+06  1.751160e-08  4.498400e-01
  7.118000e+06  1.432270e-08  4.126800e-01
  7.348000e+06  1.149780e-08  3.681900e-01
  7.577000e+06  9.061380e-09  3.168200e-01
  7.807000e+06  7.038400e-09  2.594300e-01
  8.036000e+06  5.455320e-09  2.000000e-01
  8.266000e+06  4.349800e-09  1.456700e-01
  8.496000e+06  3.646520e-09  1.149500e-01
  8.725000e+06  3.033010e-09  9.522300e-02
  8.955000e+06  2.474420e-09  7.344600e-02
  9.185000e+06  1.973480e-09  5.045900e-02
  9.414000e+06  1.530380e-09  2.734900e-02
  9.644000e+06  1.145800e-09  7.906900e-03
  9.873000e+06  8.155470e-10  0.000000e+00
  1.010300e+07  7.021030e-10  0.000000e+00
  1.033300e+07  2.522460e-09  0.000000e+00
  1.056200e+07  0.000000e+00  0.000000e+00
