           201             3
           201
             0
            93
  2.362900e+06  0.000000e+00  2.500000e+06  3.312000e-04  3.000000e+06  4.234500e-03
  3.068730e+06  5.425110e-03  3.158320e+06  9.016082e-03  3.441500e+06  2.388736e-02
  3.500000e+06  2.736357e-02  4.000000e+06  6.175370e-02  4.212940e+06  7.614559e-02
  4.500000e+06  9.759970e-02  4.707870e+06  1.074929e-01  4.726030e+06  1.088934e-01
  4.764890e+06  1.133457e-01  5.000000e+06  1.473185e-01  5.040320e+06  1.508689e-01
  5.476170e+06  2.027419e-01  5.500000e+06  2.065100e-01  5.957410e+06  2.492248e-01
  6.000000e+06  2.547746e-01  6.067590e+06  2.584490e-01  6.500000e+06  2.916009e-01
  6.623290e+06  2.958397e-01  6.850900e+06  3.100799e-01  7.000000e+06  3.203737e-01
  7.135410e+06  3.243519e-01  7.291580e+06  3.307035e-01  7.500000e+06  3.442427e-01
  7.563990e+06  3.447434e-01  7.591830e+06  3.453290e-01  7.641470e+06  3.468317e-01
  7.773440e+06  3.525764e-01  7.840020e+06  3.569546e-01  7.911450e+06  3.618342e-01
  7.958670e+06  3.659446e-01  8.000000e+06  3.700852e-01  8.065210e+06  3.717168e-01
  8.140270e+06  3.748240e-01  8.491370e+06  3.940270e-01  8.500000e+06  3.947534e-01
  8.537380e+06  3.954183e-01  8.617280e+06  3.980353e-01  8.800090e+06  4.055544e-01
  9.000000e+06  4.256000e-01  9.500000e+06  4.426000e-01  1.000000e+07  4.657003e-01
  1.050000e+07  4.774996e-01  1.052210e+07  4.779253e-01  1.060000e+07  4.794333e-01
  1.070000e+07  4.813905e-01  1.080000e+07  4.833720e-01  1.090000e+07  4.853777e-01
  1.100000e+07  4.874076e-01  1.110000e+07  4.894167e-01  1.120000e+07  4.918676e-01
  1.130000e+07  4.948721e-01  1.140000e+07  4.985420e-01  1.150000e+07  5.029893e-01
  1.160000e+07  5.037879e-01  1.170000e+07  5.054433e-01  1.180000e+07  5.079233e-01
  1.190000e+07  5.111956e-01  1.200000e+07  5.152277e-01  1.210000e+07  5.166817e-01
  1.220000e+07  5.186999e-01  1.230000e+07  5.211186e-01  1.240000e+07  5.237745e-01
  1.250000e+07  5.265041e-01  1.260000e+07  5.233149e-01  1.263000e+07  5.223397e-01
  1.270000e+07  5.200641e-01  1.280000e+07  5.167801e-01  1.290000e+07  5.134901e-01
  1.300000e+07  5.102241e-01  1.310000e+07  5.114600e-01  1.320000e+07  5.126789e-01
  1.330000e+07  5.138098e-01  1.340000e+07  5.147847e-01  1.350000e+07  5.155347e-01
  1.360000e+07  5.156668e-01  1.370000e+07  5.155559e-01  1.380000e+07  5.152540e-01
  1.390000e+07  5.148121e-01  1.400000e+07  5.142842e-01  1.410000e+07  5.145101e-01
  1.420000e+07  5.147151e-01  1.430000e+07  5.149121e-01  1.440000e+07  5.151151e-01
  1.450000e+07  5.153383e-01  1.460000e+07  5.145152e-01  1.470000e+07  5.137403e-01
  1.480000e+07  5.130280e-01  1.490000e+07  5.123928e-01  1.500000e+07  5.118493e-01
           201
             6
  1.883520e+01             3             1
  1.000000e+00  1.000000e+00             0             1
 -1.951710e+06 -1.951710e+06             2
             1
             2             2
  2.362900e+06  1.000000e+00  1.500000e+07  1.000000e+00
          9019             1             2            26
             1
            26            22
  2.362900e+06             6             0             1
  0.000000e+00  0.000000e+00
  1.250000e-01  0.000000e+00
  3.750000e-01  0.000000e+00
  6.250000e-01  0.000000e+00
  8.750000e-01  5.333330e+00
  1.000000e+00  0.000000e+00
  3.000000e+06             6             0             1
  0.000000e+00  0.000000e+00
  6.537850e+04  0.000000e+00
  1.961350e+05  0.000000e+00
  3.268920e+05  0.000000e+00
  4.576500e+05  1.019700e-05
  5.230280e+05  0.000000e+00
  3.500000e+06             9             0             1
  0.000000e+00  0.000000e+00
  6.746450e+04  1.245600e-07
  2.023930e+05  1.309670e-06
  3.373210e+05  3.026220e-06
  4.722500e+05  0.000000e+00
  6.071780e+05  0.000000e+00
  7.421070e+05  0.000000e+00
  8.770360e+05  3.976020e-06
  9.445000e+05  0.000000e+00
  4.000000e+06            12             0             1
  0.000000e+00  0.000000e+00
  6.955000e+04  0.000000e+00
  2.086500e+05  0.000000e+00
  3.477500e+05  6.545790e-07
  4.868510e+05  0.000000e+00
  6.259510e+05  1.302880e-06
  7.650510e+05  2.924180e-06
  9.041510e+05  0.000000e+00
  1.043250e+06  0.000000e+00
  1.182350e+06  0.000000e+00
  1.321450e+06  3.076570e-06
  1.391000e+06  0.000000e+00
  4.500000e+06            14             0             1
  0.000000e+00  0.000000e+00
  7.163600e+04  0.000000e+00
  2.149080e+05  1.618070e-07
  3.581790e+05  0.000000e+00
  5.014510e+05  0.000000e+00
  6.447230e+05  0.000000e+00
  7.879950e+05  1.009340e-06
  9.312660e+05  0.000000e+00
  1.074540e+06  3.671980e-06
  1.217810e+06  0.000000e+00
  1.361090e+06  0.000000e+00
  1.504350e+06  0.000000e+00
  1.647620e+06  2.848840e-06
  1.719260e+06  0.000000e+00
  5.000000e+06            17             0             1
  0.000000e+00  0.000000e+00
  7.372150e+04  3.543410e-07
  2.211650e+05  9.513950e-07
  3.686080e+05  0.000000e+00
  5.160520e+05  3.472850e-07
  6.634950e+05  0.000000e+00
  8.109380e+05  0.000000e+00
  9.583800e+05  0.000000e+00
  1.105820e+06  0.000000e+00
  1.253270e+06  1.053140e-06
  1.400710e+06  7.412120e-07
  1.548150e+06  1.773560e-06
  1.695600e+06  0.000000e+00
  1.843040e+06  0.000000e+00
  1.990480e+06  0.000000e+00
  2.137930e+06  2.199870e-06
  2.211650e+06  0.000000e+00
  5.500000e+06            19             0             1
  0.000000e+00  0.000000e+00
  7.580750e+04  3.160490e-08
  2.274220e+05  0.000000e+00
  3.790370e+05  4.826340e-07
  5.306530e+05  1.971260e-06
  6.822680e+05  0.000000e+00
  8.338830e+05  0.000000e+00
  9.855000e+05  4.310640e-07
  1.137120e+06  0.000000e+00
  1.288730e+06  0.000000e+00
  1.440350e+06  0.000000e+00
  1.591960e+06  9.547790e-07
  1.743570e+06  0.000000e+00
  1.895190e+06  1.535260e-06
  2.046800e+06  0.000000e+00
  2.198420e+06  0.000000e+00
  2.350030e+06  0.000000e+00
  2.501650e+06  1.595930e-06
  2.577460e+06  0.000000e+00
  6.000000e+06            21             0             1
  0.000000e+00  0.000000e+00
  7.789350e+04  4.167350e-08
  2.336800e+05  0.000000e+00
  3.894670e+05  4.278870e-07
  5.452540e+05  0.000000e+00
  7.010400e+05  5.612920e-07
  8.568260e+05  0.000000e+00
  1.012610e+06  1.937880e-06
  1.168400e+06  0.000000e+00
  1.324190e+06  4.923180e-07
  1.479970e+06  0.000000e+00
  1.635760e+06  0.000000e+00
  1.791550e+06  0.000000e+00
  1.947340e+06  0.000000e+00
  2.103120e+06  9.074010e-07
  2.258900e+06  3.045180e-07
  2.414700e+06  7.822560e-07
  2.570480e+06  0.000000e+00
  2.726260e+06  0.000000e+00
  2.882060e+06  1.298940e-06
  2.959950e+06  0.000000e+00
  6.500000e+06            23             0             1
  0.000000e+00  0.000000e+00
  7.997900e+04  0.000000e+00
  2.399370e+05  2.158280e-07
  3.998960e+05  2.830220e-07
  5.598540e+05  0.000000e+00
  7.198120e+05  5.319640e-07
  8.797700e+05  0.000000e+00
  1.039730e+06  0.000000e+00
  1.199690e+06  4.829200e-07
  1.359650e+06  1.709370e-06
  1.519600e+06  0.000000e+00
  1.679560e+06  0.000000e+00
  1.839520e+06  5.283840e-07
  1.999480e+06  0.000000e+00
  2.159440e+06  0.000000e+00
  2.319400e+06  0.000000e+00
  2.479350e+06  8.512850e-07
  2.639310e+06  2.284290e-07
  2.799270e+06  5.999810e-07
  2.959230e+06  0.000000e+00
  3.119190e+06  0.000000e+00
  3.279150e+06  1.094000e-06
  3.359120e+06  0.000000e+00
  7.000000e+06            25             0             1
  0.000000e+00  0.000000e+00
  8.206500e+04  1.909490e-08
  2.461950e+05  2.099720e-07
  4.103250e+05  0.000000e+00
  5.744550e+05  0.000000e+00
  7.385850e+05  7.012050e-07
  9.027150e+05  0.000000e+00
  1.066840e+06  0.000000e+00
  1.230980e+06  5.009070e-07
  1.395110e+06  0.000000e+00
  1.559230e+06  4.044920e-07
  1.723360e+06  1.140430e-06
  1.887500e+06  3.655360e-07
  2.051630e+06  0.000000e+00
  2.215750e+06  5.570690e-07
  2.379880e+06  0.000000e+00
  2.544010e+06  0.000000e+00
  2.708140e+06  0.000000e+00
  2.872280e+06  8.047630e-07
  3.036410e+06  1.842940e-07
  3.200540e+06  4.924670e-07
  3.364670e+06  0.000000e+00
  3.528800e+06  0.000000e+00
  3.692920e+06  9.563660e-07
  3.774990e+06  0.000000e+00
  7.500000e+06            27             0             1
  0.000000e+00  0.000000e+00
  8.415100e+04  9.081630e-08
  2.524520e+05  7.384860e-08
  4.207540e+05  1.089310e-07
  5.890550e+05  3.701490e-07
  7.573570e+05  0.000000e+00
  9.256590e+05  0.000000e+00
  1.093960e+06  3.260690e-07
  1.262260e+06  3.940000e-07
  1.430560e+06  0.000000e+00
  1.598870e+06  4.398920e-07
  1.767170e+06  0.000000e+00
  1.935470e+06  3.384480e-07
  2.103770e+06  5.425430e-07
  2.272070e+06  7.816600e-07
  2.440370e+06  0.000000e+00
  2.608670e+06  5.540160e-07
  2.776970e+06  0.000000e+00
  2.945280e+06  0.000000e+00
  3.113580e+06  0.000000e+00
  3.281880e+06  7.457320e-07
  3.450180e+06  1.524980e-07
  3.618480e+06  4.136250e-07
  3.786780e+06  0.000000e+00
  3.955090e+06  0.000000e+00
  4.123390e+06  8.429490e-07
  4.207540e+06  0.000000e+00
  8.000000e+06            29             0             1
  0.000000e+00  0.000000e+00
  8.623650e+04  1.241480e-07
  2.587100e+05  2.319130e-07
  4.311820e+05  2.219990e-07
  6.036560e+05  1.192190e-07
  7.761290e+05  0.000000e+00
  9.486030e+05  1.634400e-07
  1.121080e+06  3.831150e-07
  1.293550e+06  0.000000e+00
  1.466020e+06  2.881760e-07
  1.638490e+06  3.576300e-07
  1.810960e+06  0.000000e+00
  1.983440e+06  3.702320e-07
  2.155920e+06  0.000000e+00
  2.328390e+06  2.767780e-07
  2.500860e+06  0.000000e+00
  2.673340e+06  1.117700e-06
  2.845800e+06  0.000000e+00
  3.018280e+06  5.183810e-07
  3.190750e+06  0.000000e+00
  3.363220e+06  0.000000e+00
  3.535700e+06  0.000000e+00
  3.708170e+06  6.600890e-07
  3.880650e+06  1.221600e-07
  4.053120e+06  3.363460e-07
  4.225590e+06  0.000000e+00
  4.398070e+06  0.000000e+00
  4.570540e+06  7.169400e-07
  4.656780e+06  0.000000e+00
  8.500000e+06            31             0             1
  0.000000e+00  0.000000e+00
  8.832250e+04  3.742900e-09
  2.649670e+05  1.751360e-07
  4.416120e+05  4.548660e-07
  6.182570e+05  3.511560e-07
  7.949020e+05  0.000000e+00
  9.715470e+05  3.701310e-07
  1.148190e+06  0.000000e+00
  1.324830e+06  1.737850e-07
  1.501480e+06  3.311420e-07
  1.678130e+06  0.000000e+00
  1.854770e+06  2.408190e-07
  2.031410e+06  3.054100e-07
  2.208060e+06  0.000000e+00
  2.384710e+06  3.020310e-07
  2.561350e+06  0.000000e+00
  2.737990e+06  2.234300e-07
  2.914640e+06  3.930040e-07
  3.091280e+06  5.263450e-07
  3.267930e+06  0.000000e+00
  3.444580e+06  4.525270e-07
  3.621220e+06  0.000000e+00
  3.797860e+06  0.000000e+00
  3.974510e+06  0.000000e+00
  4.151150e+06  5.549360e-07
  4.327800e+06  3.649320e-07
  4.504440e+06  0.000000e+00
  4.681090e+06  0.000000e+00
  4.857730e+06  0.000000e+00
  5.034380e+06  5.848280e-07
  5.122700e+06  0.000000e+00
  9.000000e+06            32             0             1
  0.000000e+00  0.000000e+00
  9.040800e+04  1.580700e-07
  2.712240e+05  1.921490e-07
  4.520410e+05  0.000000e+00
  6.328580e+05  2.876190e-07
  8.136740e+05  3.386170e-07
  9.944910e+05  4.442390e-07
  1.175310e+06  1.277850e-07
  1.356120e+06  2.421800e-07
  1.536940e+06  1.002070e-07
  1.717750e+06  2.242700e-07
  1.898570e+06  2.721510e-07
  2.079390e+06  0.000000e+00
  2.260210e+06  1.947830e-07
  2.441020e+06  2.545070e-07
  2.621840e+06  0.000000e+00
  2.802650e+06  2.403670e-07
  2.983470e+06  0.000000e+00
  3.164290e+06  1.755440e-07
  3.345100e+06  3.245990e-07
  3.525920e+06  4.186190e-07
  3.706730e+06  0.000000e+00
  3.887550e+06  4.437550e-07
  4.068370e+06  0.000000e+00
  4.249190e+06  0.000000e+00
  4.430000e+06  4.913700e-07
  4.610820e+06  0.000000e+00
  4.791640e+06  2.827850e-07
  4.972450e+06  0.000000e+00
  5.153270e+06  0.000000e+00
  5.334080e+06  4.751760e-07
  5.424490e+06  0.000000e+00
  9.500000e+06            34             0             1
  0.000000e+00  0.000000e+00
  9.249400e+04  1.433610e-07
  2.774820e+05  2.321830e-07
  4.624700e+05  3.141300e-07
  6.474580e+05  2.010020e-07
  8.324460e+05  7.122910e-08
  1.017430e+06  3.099630e-07
  1.202430e+06  3.254730e-07
  1.387410e+06  3.222320e-07
  1.572390e+06  1.766720e-07
  1.757390e+06  2.208400e-07
  1.942370e+06  7.826630e-08
  2.127370e+06  2.282940e-07
  2.312350e+06  2.186640e-07
  2.497330e+06  0.000000e+00
  2.682320e+06  1.536160e-07
  2.867320e+06  2.109320e-07
  3.052300e+06  0.000000e+00
  3.237290e+06  1.862330e-07
  3.422280e+06  0.000000e+00
  3.607260e+06  1.311850e-07
  3.792250e+06  5.923800e-07
  3.977250e+06  0.000000e+00
  4.162230e+06  0.000000e+00
  4.347220e+06  4.044110e-07
  4.532210e+06  0.000000e+00
  4.717200e+06  0.000000e+00
  4.902180e+06  4.208460e-07
  5.087170e+06  5.433040e-08
  5.272150e+06  1.562780e-07
  5.457150e+06  0.000000e+00
  5.642140e+06  0.000000e+00
  5.827130e+06  3.854290e-07
  5.919620e+06  0.000000e+00
  1.000000e+07            35             0             1
  0.000000e+00  0.000000e+00
  9.458000e+04  1.238200e-07
  2.837390e+05  1.905920e-07
  4.728990e+05  2.573210e-07
  6.620590e+05  2.943310e-07
  8.512190e+05  3.125080e-07
  1.040380e+06  5.063190e-07
  1.229540e+06  5.897570e-08
  1.418700e+06  2.855710e-07
  1.607860e+06  2.765920e-07
  1.797020e+06  2.571020e-07
  1.986180e+06  1.272370e-07
  2.175340e+06  1.882930e-07
  2.364500e+06  5.376360e-08
  2.553660e+06  2.216240e-07
  2.742820e+06  1.642690e-07
  2.931970e+06  0.000000e+00
  3.121130e+06  1.116660e-07
  3.310290e+06  1.645100e-07
  3.499450e+06  0.000000e+00
  3.688610e+06  1.322080e-07
  3.877770e+06  0.000000e+00
  4.066930e+06  8.823360e-08
  4.256090e+06  4.397440e-07
  4.445250e+06  0.000000e+00
  4.634410e+06  3.541170e-07
  4.823570e+06  0.000000e+00
  5.012730e+06  0.000000e+00
  5.201890e+06  0.000000e+00
  5.391050e+06  3.440430e-07
  5.580210e+06  1.425880e-07
  5.769370e+06  0.000000e+00
  5.958530e+06  0.000000e+00
  6.147690e+06  2.960830e-07
  6.242270e+06  0.000000e+00
  1.050000e+07            37             0             1
  0.000000e+00  0.000000e+00
  9.666550e+04  1.565720e-07
  2.899970e+05  2.535880e-07
  4.833280e+05  2.271200e-07
  6.766590e+05  2.591380e-07
  8.699910e+05  2.745070e-07
  1.063320e+06  2.766420e-07
  1.256650e+06  2.732260e-07
  1.449990e+06  4.360950e-07
  1.643310e+06  4.824160e-08
  1.836650e+06  2.602060e-07
  2.029970e+06  2.478250e-07
  2.223310e+06  2.503860e-07
  2.416650e+06  6.173210e-08
  2.609980e+06  2.044720e-07
  2.803300e+06  0.000000e+00
  2.996630e+06  2.158060e-07
  3.189970e+06  1.334750e-07
  3.383300e+06  0.000000e+00
  3.576630e+06  2.234910e-07
  3.769960e+06  0.000000e+00
  3.963290e+06  1.025450e-07
  4.156620e+06  0.000000e+00
  4.349960e+06  6.519010e-08
  4.543280e+06  0.000000e+00
  4.736620e+06  3.492180e-07
  4.929940e+06  0.000000e+00
  5.123270e+06  3.152780e-07
  5.316610e+06  0.000000e+00
  5.509940e+06  0.000000e+00
  5.703280e+06  2.920110e-07
  5.896610e+06  2.595650e-08
  6.089930e+06  7.910760e-08
  6.283270e+06  0.000000e+00
  6.476590e+06  0.000000e+00
  6.669930e+06  2.397140e-07
  6.766590e+06  0.000000e+00
  1.100000e+07            38             0             1
  0.000000e+00  0.000000e+00
  9.875150e+04  1.501060e-07
  2.962540e+05  2.437760e-07
  4.937570e+05  3.251730e-07
  6.912600e+05  3.679590e-07
  8.887630e+05  2.531680e-07
  1.086270e+06  2.550460e-07
  1.283770e+06  2.519150e-07
  1.481270e+06  2.439840e-07
  1.678770e+06  2.350100e-07
  1.876280e+06  1.905120e-07
  2.073780e+06  0.000000e+00
  2.271280e+06  2.339660e-07
  2.468790e+06  2.281220e-07
  2.666290e+06  2.627680e-07
  2.863790e+06  0.000000e+00
  3.061300e+06  1.758190e-07
  3.258800e+06  2.047460e-07
  3.456300e+06  1.131640e-07
  3.653800e+06  0.000000e+00
  3.851310e+06  0.000000e+00
  4.048810e+06  1.873400e-07
  4.246310e+06  0.000000e+00
  4.443820e+06  8.356830e-08
  4.641320e+06  0.000000e+00
  4.838820e+06  5.092570e-08
  5.036320e+06  2.859350e-07
  5.233830e+06  0.000000e+00
  5.431330e+06  2.784220e-07
  5.628830e+06  0.000000e+00
  5.826330e+06  0.000000e+00
  6.023840e+06  0.000000e+00
  6.221340e+06  2.494110e-07
  6.418850e+06  8.166900e-08
  6.616350e+06  0.000000e+00
  6.813850e+06  0.000000e+00
  7.011350e+06  1.976500e-07
  7.110100e+06  0.000000e+00
  1.150000e+07            39             0             1
  0.000000e+00  0.000000e+00
  1.008380e+05  1.373780e-07
  3.025120e+05  2.221640e-07
  5.041860e+05  2.953450e-07
  7.058610e+05  3.334740e-07
  9.075340e+05  3.490080e-07
  1.109210e+06  3.494110e-07
  1.310880e+06  2.194910e-07
  1.512560e+06  2.126320e-07
  1.714230e+06  2.051680e-07
  1.915910e+06  1.964930e-07
  2.117580e+06  1.876770e-07
  2.319260e+06  1.561250e-07
  2.520930e+06  0.000000e+00
  2.722600e+06  2.003260e-07
  2.924280e+06  3.133000e-07
  3.125960e+06  1.017170e-07
  3.327630e+06  1.200950e-07
  3.529300e+06  2.449110e-08
  3.730980e+06  1.848130e-07
  3.932660e+06  9.273920e-08
  4.134330e+06  0.000000e+00
  4.336000e+06  5.636570e-08
  4.537670e+06  9.332420e-08
  4.739350e+06  0.000000e+00
  4.941020e+06  6.439490e-08
  5.142700e+06  3.742250e-08
  5.344380e+06  0.000000e+00
  5.546050e+06  2.229210e-07
  5.747730e+06  0.000000e+00
  5.949400e+06  2.354290e-07
  6.151070e+06  0.000000e+00
  6.352750e+06  0.000000e+00
  6.554420e+06  2.041590e-07
  6.756090e+06  1.443040e-08
  6.957770e+06  4.551220e-08
  7.159440e+06  0.000000e+00
  7.361120e+06  1.560250e-07
  7.461960e+06  0.000000e+00
  1.200000e+07            41             0             1
  0.000000e+00  0.000000e+00
  1.029230e+05  1.309880e-07
  3.087690e+05  2.058300e-07
  5.146150e+05  2.712180e-07
  7.204620e+05  3.052950e-07
  9.263070e+05  3.186060e-07
  1.132150e+06  3.191950e-07
  1.338000e+06  3.127170e-07
  1.543850e+06  3.013310e-07
  1.749690e+06  1.818190e-07
  1.955540e+06  1.742810e-07
  2.161390e+06  1.669200e-07
  2.367230e+06  1.595980e-07
  2.573080e+06  1.521570e-07
  2.778920e+06  1.286990e-07
  2.984770e+06  4.691740e-08
  3.190610e+06  1.961300e-07
  3.396460e+06  2.334090e-07
  3.602300e+06  4.931230e-08
  3.808160e+06  1.005290e-07
  4.014000e+06  1.890240e-08
  4.219840e+06  1.633860e-07
  4.425690e+06  7.712900e-08
  4.631540e+06  0.000000e+00
  4.837390e+06  1.203170e-07
  5.043230e+06  0.000000e+00
  5.249070e+06  5.011720e-08
  5.454930e+06  0.000000e+00
  5.660770e+06  2.803260e-08
  5.866610e+06  1.758320e-07
  6.072460e+06  0.000000e+00
  6.278310e+06  1.974850e-07
  6.484160e+06  0.000000e+00
  6.690000e+06  0.000000e+00
  6.895840e+06  1.668810e-07
  7.101690e+06  1.063200e-08
  7.307540e+06  3.405930e-08
  7.513380e+06  0.000000e+00
  7.719230e+06  0.000000e+00
  7.925080e+06  1.240270e-07
  8.028000e+06  0.000000e+00
  1.250000e+07            42             0             1
  0.000000e+00  0.000000e+00
  1.050090e+05  1.359180e-07
  3.150270e+05  1.935620e-07
  5.250440e+05  2.521230e-07
  7.350620e+05  2.823560e-07
  9.450800e+05  2.936880e-07
  1.155100e+06  2.942180e-07
  1.365120e+06  2.880970e-07
  1.575130e+06  2.779580e-07
  1.785150e+06  2.666710e-07
  1.995170e+06  2.540450e-07
  2.205190e+06  1.504760e-07
  2.415210e+06  1.440670e-07
  2.625220e+06  1.376780e-07
  2.835240e+06  1.316330e-07
  3.045260e+06  1.458080e-07
  3.255280e+06  8.715590e-08
  3.465290e+06  1.456940e-07
  3.675310e+06  1.576310e-07
  3.885330e+06  1.455020e-07
  4.095350e+06  8.422910e-08
  4.305370e+06  1.483720e-08
  4.515380e+06  1.416570e-07
  4.725400e+06  6.414260e-08
  4.935420e+06  0.000000e+00
  5.145430e+06  3.519910e-08
  5.355450e+06  6.201920e-08
  5.565470e+06  0.000000e+00
  5.775490e+06  3.936940e-08
  5.985510e+06  2.131070e-08
  6.195530e+06  7.474060e-08
  6.405540e+06  6.509910e-08
  6.615560e+06  0.000000e+00
  6.825580e+06  1.643070e-07
  7.035590e+06  0.000000e+00
  7.245610e+06  0.000000e+00
  7.455630e+06  1.360900e-07
  7.665650e+06  3.380260e-08
  7.875670e+06  0.000000e+00
  8.085680e+06  0.000000e+00
  8.295700e+06  9.918870e-08
  8.400710e+06  0.000000e+00
  1.300000e+07            43             0             1
  0.000000e+00  0.000000e+00
  1.070950e+05  1.425430e-07
  3.212840e+05  2.076250e-07
  5.354730e+05  2.522230e-07
  7.496630e+05  2.737680e-07
  9.638540e+05  2.810260e-07
  1.178050e+06  2.786070e-07
  1.392240e+06  2.714850e-07
  1.606430e+06  2.620070e-07
  1.820610e+06  2.516510e-07
  2.034800e+06  2.399720e-07
  2.248990e+06  2.288780e-07
  2.463180e+06  2.175900e-07
  2.677370e+06  1.276350e-07
  2.891560e+06  1.223410e-07
  3.105750e+06  1.171050e-07
  3.319940e+06  1.117340e-07
  3.534130e+06  9.092850e-08
  3.748320e+06  0.000000e+00
  3.962510e+06  1.357120e-07
  4.176690e+06  1.991010e-07
  4.390880e+06  5.352170e-08
  4.605070e+06  7.154390e-08
  4.819260e+06  1.189540e-08
  5.033450e+06  1.226520e-07
  5.247640e+06  5.381360e-08
  5.461820e+06  0.000000e+00
  5.676010e+06  8.024360e-08
  5.890200e+06  0.000000e+00
  6.104390e+06  3.158750e-08
  6.318580e+06  0.000000e+00
  6.532770e+06  1.660920e-08
  6.746960e+06  1.134080e-07
  6.961150e+06  0.000000e+00
  7.175340e+06  1.378330e-07
  7.389530e+06  0.000000e+00
  7.603720e+06  0.000000e+00
  7.817910e+06  1.124540e-07
  8.032110e+06  2.621590e-08
  8.246290e+06  0.000000e+00
  8.460490e+06  0.000000e+00
  8.674670e+06  8.092480e-08
  8.781760e+06  0.000000e+00
  1.350000e+07            44             0             1
  0.000000e+00  0.000000e+00
  1.091800e+05  1.737580e-07
  3.275410e+05  1.979470e-07
  5.459020e+05  2.506250e-07
  7.642630e+05  2.709310e-07
  9.826270e+05  2.711210e-07
  1.200990e+06  2.648680e-07
  1.419350e+06  2.551920e-07
  1.637710e+06  2.455110e-07
  1.856070e+06  2.356800e-07
  2.074430e+06  2.252260e-07
  2.292790e+06  2.151840e-07
  2.511150e+06  2.049550e-07
  2.729510e+06  1.949160e-07
  2.947870e+06  1.128200e-07
  3.166230e+06  1.081600e-07
  3.384600e+06  1.033680e-07
  3.602960e+06  9.849990e-08
  3.821320e+06  1.074600e-07
  4.039680e+06  6.294520e-08
  4.258040e+06  2.871650e-08
  4.476400e+06  2.004090e-07
  4.694760e+06  1.034630e-07
  4.913120e+06  6.027430e-08
  5.131480e+06  9.372640e-09
  5.349840e+06  1.049780e-07
  5.568210e+06  4.472270e-08
  5.786570e+06  0.000000e+00
  6.004930e+06  2.288230e-08
  6.223290e+06  4.301790e-08
  6.441650e+06  2.506060e-08
  6.660010e+06  0.000000e+00
  6.878370e+06  1.280310e-08
  7.096730e+06  9.137760e-08
  7.315090e+06  0.000000e+00
  7.533450e+06  1.147710e-07
  7.751820e+06  0.000000e+00
  7.970180e+06  0.000000e+00
  8.188540e+06  9.243830e-08
  8.406900e+06  2.017350e-08
  8.625260e+06  0.000000e+00
  8.843620e+06  0.000000e+00
  9.061980e+06  6.584340e-08
  9.171160e+06  0.000000e+00
  1.400000e+07            45             0             1
  0.000000e+00  0.000000e+00
  1.112670e+05  1.625980e-07
  3.337990e+05  2.130900e-07
  5.563310e+05  2.508250e-07
  7.788640e+05  2.713010e-07
  1.001400e+06  2.686410e-07
  1.223930e+06  2.590800e-07
  1.446470e+06  2.459320e-07
  1.669000e+06  2.339590e-07
  1.891530e+06  2.225530e-07
  2.114060e+06  2.123260e-07
  2.336600e+06  2.029340e-07
  2.559120e+06  1.934160e-07
  2.781660e+06  1.844870e-07
  3.004190e+06  1.759140e-07
  3.226730e+06  1.671920e-07
  3.449250e+06  9.618640e-08
  3.671790e+06  9.174160e-08
  3.894320e+06  8.729680e-08
  4.116860e+06  8.283340e-08
  4.339390e+06  6.479380e-08
  4.561920e+06  0.000000e+00
  4.784450e+06  9.743240e-08
  5.006990e+06  1.481660e-07
  5.229520e+06  3.531670e-08
  5.452050e+06  5.783830e-08
  5.674580e+06  0.000000e+00
  5.897120e+06  1.253840e-07
  6.119650e+06  0.000000e+00
  6.342180e+06  1.839300e-08
  6.564710e+06  3.557710e-08
  6.787240e+06  0.000000e+00
  7.009780e+06  1.989930e-08
  7.232310e+06  9.973850e-09
  7.454840e+06  7.372060e-08
  7.677370e+06  0.000000e+00
  7.899910e+06  9.434520e-08
  8.122440e+06  0.000000e+00
  8.344980e+06  0.000000e+00
  8.567500e+06  7.543160e-08
  8.790040e+06  3.604200e-09
  9.012580e+06  1.210510e-08
  9.235100e+06  0.000000e+00
  9.457630e+06  5.344930e-08
  9.568900e+06  0.000000e+00
  1.450000e+07            46             0             1
  0.000000e+00  0.000000e+00
  1.133520e+05  2.432580e-07
  3.400560e+05  1.912400e-07
  5.667610e+05  2.474670e-07
  7.934650e+05  2.686940e-07
  1.020170e+06  2.666170e-07
  1.246880e+06  2.563590e-07
  1.473580e+06  2.393050e-07
  1.700280e+06  2.232960e-07
  1.926990e+06  2.096470e-07
  2.153690e+06  1.985170e-07
  2.380390e+06  1.889290e-07
  2.607100e+06  1.800880e-07
  2.833810e+06  1.720180e-07
  3.060510e+06  1.642010e-07
  3.287210e+06  1.561840e-07
  3.513920e+06  1.480390e-07
  3.740620e+06  8.461480e-08
  3.967320e+06  8.051520e-08
  4.194030e+06  7.637920e-08
  4.420730e+06  7.215210e-08
  4.647440e+06  7.714450e-08
  4.874140e+06  4.427520e-08
  5.100840e+06  7.472120e-08
  5.327550e+06  8.618170e-08
  5.554260e+06  6.967420e-08
  5.780960e+06  4.135990e-08
  6.007660e+06  6.111070e-09
  6.234360e+06  7.231610e-08
  6.461070e+06  2.957140e-08
  6.687780e+06  0.000000e+00
  6.914480e+06  4.312730e-08
  7.141180e+06  0.000000e+00
  7.367890e+06  1.553460e-08
  7.594590e+06  7.683470e-09
  7.821290e+06  3.303330e-08
  8.048000e+06  2.505280e-08
  8.274700e+06  7.508560e-08
  8.501410e+06  0.000000e+00
  8.728120e+06  0.000000e+00
  8.954820e+06  5.978060e-08
  9.181520e+06  2.734860e-09
  9.408230e+06  9.263170e-09
  9.634930e+06  0.000000e+00
  9.861640e+06  4.223450e-08
  9.974990e+06  0.000000e+00
  1.500000e+07            47             0             1
  0.000000e+00  0.000000e+00
  1.154380e+05  2.074980e-07
  3.463140e+05  2.730740e-07
  5.771900e+05  3.506970e-07
  8.080660e+05  2.558570e-07
  1.038940e+06  2.562870e-07
  1.269820e+06  2.491390e-07
  1.500690e+06  2.330690e-07
  1.731570e+06  2.150650e-07
  1.962450e+06  1.988990e-07
  2.193320e+06  1.848630e-07
  2.424200e+06  1.727090e-07
  2.655070e+06  1.625100e-07
  2.885950e+06  1.543050e-07
  3.116830e+06  1.470030e-07
  3.347700e+06  1.397530e-07
  3.578570e+06  1.324610e-07
  3.809450e+06  1.251690e-07
  4.040330e+06  1.179500e-07
  4.271200e+06  6.782480e-08
  4.502080e+06  6.399100e-08
  4.732950e+06  6.003190e-08
  4.963830e+06  5.601900e-08
  5.194710e+06  4.170520e-08
  5.425580e+06  0.000000e+00
  5.656460e+06  7.954090e-08
  5.887330e+06  8.418080e-08
  6.118210e+06  1.333210e-08
  6.349080e+06  3.608000e-08
  6.579960e+06  5.455000e-08
  6.810840e+06  2.230370e-08
  7.041720e+06  0.000000e+00
  7.272590e+06  3.290920e-08
  7.503470e+06  0.000000e+00
  7.734340e+06  1.172510e-08
  7.965220e+06  0.000000e+00
  8.196100e+06  5.797170e-09
  8.426970e+06  4.387290e-08
  8.657840e+06  0.000000e+00
  8.888720e+06  5.575030e-08
  9.119600e+06  0.000000e+00
  9.350480e+06  4.449990e-08
  9.581350e+06  2.065560e-09
  9.812230e+06  6.977740e-09
  1.004310e+07  0.000000e+00
  1.027400e+07  3.165510e-08
  1.038940e+07  0.000000e+00
