NMSAlphaLE
JENDL
            88
  3.481870e+06  0.000000e+00  3.500000e+06  2.926800e-04  3.749800e+06  2.106438e-03
  3.971360e+06  4.785934e-03  4.000000e+06  6.678300e-03  4.500000e+06  2.774390e-02
  4.723840e+06  3.721000e-02  5.000000e+06  5.595640e-02  5.500000e+06  8.170890e-02
  5.547120e+06  8.278748e-02  5.655140e+06  8.796437e-02  5.910740e+06  1.049442e-01
  5.911680e+06  1.050405e-01  5.914620e+06  1.054281e-01  6.000000e+06  1.185055e-01
  6.258860e+06  1.374323e-01  6.470320e+06  1.589321e-01  6.500000e+06  1.631336e-01
  6.605930e+06  1.685650e-01  6.697740e+06  1.747163e-01  6.902040e+06  1.906108e-01
  7.000000e+06  1.999582e-01  7.091070e+06  2.021684e-01  7.190870e+06  2.063930e-01
  7.477930e+06  2.221371e-01  7.500000e+06  2.244772e-01  7.600040e+06  2.257085e-01
  7.703950e+06  2.298867e-01  7.793180e+06  2.343498e-01  7.803750e+06  2.350418e-01
  7.853060e+06  2.392556e-01  7.884760e+06  2.421618e-01  7.888280e+06  2.425201e-01
  8.000000e+06  2.541075e-01  8.082010e+06  2.567917e-01  8.133670e+06  2.595395e-01
  8.153630e+06  2.608363e-01  8.403720e+06  2.774371e-01  8.418980e+06  2.785686e-01
  8.500000e+06  2.856035e-01  8.530520e+06  2.860554e-01  9.000000e+06  3.156000e-01
  9.500000e+06  3.560000e-01  1.000000e+07  3.875996e-01  1.050000e+07  4.128997e-01
  1.088650e+07  4.289009e-01  1.090000e+07  4.294598e-01  1.100000e+07  4.335999e-01
  1.110000e+07  4.350431e-01  1.120000e+07  4.364967e-01  1.130000e+07  4.381125e-01
  1.140000e+07  4.396804e-01  1.150000e+07  4.421025e-01  1.160000e+07  4.402744e-01
  1.170000e+07  4.384961e-01  1.180000e+07  4.393726e-01  1.190000e+07  4.397785e-01
  1.200000e+07  4.416992e-01  1.210000e+07  4.435451e-01  1.220000e+07  4.430443e-01
  1.230000e+07  4.459262e-01  1.240000e+07  4.523723e-01  1.250000e+07  4.542215e-01
  1.260000e+07  4.606541e-01  1.270000e+07  4.606410e-01  1.280000e+07  4.623650e-01
  1.290000e+07  4.719587e-01  1.300000e+07  4.704307e-01  1.310000e+07  4.630877e-01
  1.320000e+07  4.839548e-01  1.330000e+07  4.849098e-01  1.340000e+07  4.918679e-01
  1.350000e+07  4.958599e-01  1.360000e+07  5.053428e-01  1.370000e+07  5.152018e-01
  1.380000e+07  5.255737e-01  1.390000e+07  5.346246e-01  1.400000e+07  5.411565e-01
  1.410000e+07  5.500046e-01  1.420000e+07  5.556036e-01  1.430000e+07  5.545466e-01
  1.440000e+07  5.626556e-01  1.450000e+07  5.655227e-01  1.460000e+07  5.679577e-01
  1.470000e+07  5.766197e-01  1.480000e+07  5.877688e-01  1.490000e+07  5.831228e-01
  1.500000e+07  5.870169e-01
