NMSAlphaLE
JENDL
           368
  3.027380e+06  0.000000e+00  3.050000e+06  4.300000e-06  3.069000e+06  1.270000e-05
  3.089000e+06  7.700000e-06  3.109000e+06  3.580000e-06  3.132000e+06  1.870000e-06
  3.149000e+06  3.610000e-06  3.158000e+06  1.070000e-06  3.167000e+06  1.240000e-05
  3.168000e+06  5.500000e-06  3.176000e+06  1.630000e-05  3.181000e+06  2.220000e-05
  3.188000e+06  2.690000e-05  3.191000e+06  3.390000e-05  3.198000e+06  4.280000e-05
  3.201000e+06  3.270000e-05  3.209000e+06  1.120000e-05  3.210000e+06  1.990000e-05
  3.214000e+06  6.800000e-06  3.224000e+06  6.800000e-06  3.228000e+06  1.520000e-05
  3.231000e+06  2.330000e-05  3.238000e+06  3.170000e-05  3.241000e+06  1.920000e-05
  3.245000e+06  1.260000e-05  3.251000e+06  1.720000e-05  3.255000e+06  2.080000e-05
  3.258000e+06  2.340000e-05  3.265000e+06  2.340000e-05  3.269000e+06  2.630000e-05
  3.279000e+06  3.730000e-05  3.282000e+06  4.700000e-05  3.288000e+06  5.900000e-05
  3.290000e+06  1.060000e-04  3.296000e+06  1.140000e-04  3.301000e+06  8.100000e-05
  3.306000e+06  6.200000e-05  3.309000e+06  4.910000e-05  3.314000e+06  4.210000e-05
  3.318000e+06  3.610000e-05  3.326000e+06  3.620000e-05  3.329000e+06  2.990000e-05
  3.336000e+06  2.770000e-05  3.341000e+06  2.380000e-05  3.346000e+06  2.200000e-05
  3.349000e+06  2.040000e-05  3.353000e+06  2.040000e-05  3.358000e+06  1.620000e-05
  3.366000e+06  1.150000e-05  3.370000e+06  2.580000e-05  3.377000e+06  5.600000e-05
  3.381000e+06  1.120000e-04  3.387000e+06  8.900000e-05  3.388000e+06  1.580000e-04
  3.389000e+06  1.210000e-04  3.399000e+06  6.500000e-05  3.404000e+06  5.600000e-05
  3.409000e+06  5.000000e-05  3.414000e+06  4.630000e-05  3.421000e+06  5.010000e-05
  3.424000e+06  6.800000e-05  3.428000e+06  1.000000e-04  3.435000e+06  1.590000e-04
  3.442000e+06  2.530000e-04  3.447000e+06  1.730000e-04  3.450000e+06  3.730000e-04
  3.454000e+06  6.400000e-04  3.459000e+06  7.800000e-04  3.463000e+06  8.700000e-04
  3.470000e+06  9.400000e-04  3.476000e+06  1.100000e-03  3.480000e+06  8.100000e-04
  3.482000e+06  3.480000e-04  3.487000e+06  3.620000e-04  3.494000e+06  3.620000e-04
  3.499000e+06  3.620000e-04  3.506000e+06  3.360000e-04  3.506000e+06  3.770000e-04
  3.514000e+06  2.570000e-04  3.519000e+06  2.200000e-04  3.523000e+06  1.970000e-04
  3.529000e+06  1.620000e-04  3.532000e+06  1.290000e-04  3.535000e+06  8.400000e-05
  3.542000e+06  7.300000e-05  3.549000e+06  5.130000e-05  3.552000e+06  4.400000e-05
  3.557000e+06  4.240000e-05  3.562000e+06  3.780000e-05  3.567000e+06  6.500000e-05
  3.576000e+06  1.250000e-04  3.580000e+06  1.700000e-04  3.582000e+06  3.800000e-05
  3.589000e+06  4.270000e-05  3.596000e+06  5.180000e-05  3.600000e+06  6.000000e-05
  3.603000e+06  8.200000e-05  3.608000e+06  1.260000e-04  3.615000e+06  2.160000e-04
  3.617000e+06  3.570000e-04  3.624000e+06  8.000000e-04  3.630000e+06  2.020000e-03
  3.635000e+06  9.000000e-04  3.638000e+06  5.900000e-04  3.644000e+06  4.180000e-04
  3.647000e+06  2.850000e-04  3.654000e+06  2.540000e-04  3.661000e+06  2.180000e-04
  3.677000e+06  2.527000e-04  3.681000e+06  1.339500e-03  3.687000e+06  1.729000e-03
  3.690000e+06  1.273000e-03  3.695000e+06  1.843000e-03  3.708000e+06  1.130500e-03
  3.712000e+06  5.890000e-04  3.714000e+06  2.897500e-04  3.718000e+06  4.712000e-04
  3.721000e+06  1.130500e-03  3.723000e+06  1.320500e-03  3.729000e+06  1.121000e-03
  3.747000e+06  8.075000e-04  3.749000e+06  6.935000e-04  3.751000e+06  4.987500e-04
  3.754000e+06  4.987500e-04  3.756000e+06  8.930000e-04  3.759000e+06  1.548500e-03
  3.764000e+06  2.128000e-03  3.769000e+06  2.508000e-03  3.773000e+06  2.128000e-03
  3.776000e+06  1.805000e-03  3.782000e+06  1.301500e-03  3.789000e+06  1.244500e-03
  3.792000e+06  9.405000e-04  3.799000e+06  7.315000e-04  3.801000e+06  5.795000e-04
  3.809000e+06  4.930500e-04  3.825000e+06  5.795000e-04  3.834000e+06  6.460000e-04
  3.838000e+06  6.745000e-04  3.840000e+06  1.292000e-03  3.844000e+06  1.900000e-03
  3.846000e+06  2.707500e-03  3.851000e+06  2.460500e-03  3.861000e+06  2.185000e-03
  3.868000e+06  1.767000e-03  3.879000e+06  1.368000e-03  3.881000e+06  7.505000e-04
  3.886000e+06  5.690500e-04  3.903000e+06  2.071000e-03  3.914000e+06  1.757500e-03
  3.921000e+06  1.073500e-03  3.926000e+06  4.807000e-04  3.931000e+06  3.638500e-04
  3.938000e+06  4.484000e-04  3.940000e+06  4.788000e-04  3.943000e+06  4.066000e-04
  3.955000e+06  4.541000e-04  3.966000e+06  4.759500e-04  3.973000e+06  4.037500e-04
  3.979000e+06  1.254000e-03  3.985000e+06  9.025000e-04  3.990000e+06  1.111500e-03
  3.995000e+06  1.615000e-03  4.000000e+06  1.719500e-03  4.007000e+06  1.463000e-03
  4.009000e+06  2.612500e-03  4.011000e+06  3.277500e-03  4.013000e+06  3.857000e-03
  4.025000e+06  3.268000e-03  4.028000e+06  2.365500e-03  4.031000e+06  1.710000e-03
  4.033000e+06  1.453500e-03  4.042000e+06  1.235000e-03  4.060000e+06  1.444000e-03
  4.070000e+06  1.700500e-03  4.075000e+06  1.995000e-03  4.077000e+06  2.337000e-03
  4.087000e+06  3.220500e-03  4.089000e+06  4.455500e-03  4.094000e+06  5.234500e-03
  4.105000e+06  5.215500e-03  4.112000e+06  4.436500e-03  4.115000e+06  4.151500e-03
  4.122000e+06  3.771500e-03  4.129000e+06  3.752500e-03  4.139000e+06  3.192000e-03
  4.146000e+06  2.308500e-03  4.151000e+06  2.194500e-03  4.164000e+06  2.527000e-03
  4.168000e+06  3.173000e-03  4.170000e+06  5.149000e-03  4.172000e+06  3.724000e-03
  4.176000e+06  7.125000e-03  4.181000e+06  8.360000e-03  4.189000e+06  9.785000e-03
  4.198000e+06  8.265000e-03  4.201000e+06  6.013500e-03  4.207000e+06  4.351000e-03
  4.212000e+06  3.705000e-03  4.216000e+06  3.135000e-03  4.233000e+06  3.125500e-03
  4.242000e+06  3.116000e-03  4.252000e+06  4.303500e-03  4.268000e+06  3.097000e-03
  4.285000e+06  3.087500e-03  4.289000e+06  4.066000e-03  4.293000e+06  4.265500e-03
  4.303000e+06  4.256000e-03  4.313000e+06  3.068500e-03  4.320000e+06  1.890500e-03
  4.325000e+06  1.368000e-03  4.337000e+06  1.358500e-03  4.339000e+06  3.049500e-03
  4.341000e+06  3.952000e-03  4.346000e+06  4.208500e-03  4.355000e+06  4.940000e-03
  4.365000e+06  9.405000e-03  4.372000e+06  7.980000e-03  4.390000e+06  6.745000e-03
  4.396000e+06  5.405500e-03  4.400000e+06  4.161000e-03  4.417000e+06  3.952000e-03
  4.424000e+06  3.524500e-03  4.442000e+06  3.505500e-03  4.459000e+06  3.496000e-03
  4.469000e+06  3.486500e-03  4.476000e+06  3.781000e-03  4.478000e+06  3.486500e-03
  4.480000e+06  4.588500e-03  4.482000e+06  4.094500e-03  4.484000e+06  4.816500e-03
  4.486000e+06  6.650000e-03  4.489000e+06  9.120000e-03  4.494000e+06  4.075500e-03
  4.504000e+06  1.073500e-02  4.511000e+06  1.197000e-02  4.518000e+06  1.073500e-02
  4.523000e+06  7.695000e-03  4.526000e+06  6.555000e-03  4.529000e+06  5.595500e-03
  4.554000e+06  6.080000e-03  4.566000e+06  8.550000e-03  4.574000e+06  1.007000e-02
  4.575000e+06  1.406000e-02  4.587000e+06  1.966500e-02  4.594000e+06  1.966500e-02
  4.603000e+06  1.396500e-02  4.609000e+06  9.975000e-03  4.613000e+06  1.178000e-02
  4.626000e+06  9.310000e-03  4.631000e+06  9.975000e-03  4.642000e+06  7.125000e-03
  4.652000e+06  5.985000e-03  4.659000e+06  5.605000e-03  4.676000e+06  5.016000e-03
  4.682000e+06  5.510000e-03  4.694000e+06  5.890000e-03  4.695000e+06  8.455000e-03
  4.697000e+06  1.368000e-02  4.708000e+06  1.415500e-02  4.713000e+06  8.265000e-03
  4.714000e+06  1.149500e-02  4.715000e+06  1.368000e-02  4.730000e+06  8.170000e-03
  4.732000e+06  1.358500e-02  4.743000e+06  1.605500e-02  4.751000e+06  1.890500e-02
  4.761000e+06  1.890500e-02  4.767000e+06  1.491500e-02  4.768000e+06  1.596000e-02
  4.780000e+06  1.881000e-02  4.786000e+06  1.881000e-02  4.795000e+06  1.339500e-02
  4.801000e+06  9.595000e-03  4.811000e+06  8.930000e-03  4.818000e+06  8.075000e-03
  4.826000e+06  9.500000e-03  4.835000e+06  8.835000e-03  4.847000e+06  7.980000e-03
  4.854000e+06  1.121000e-02  4.871000e+06  9.405000e-03  4.882000e+06  1.111500e-02
  4.890000e+06  1.548500e-02  4.901000e+06  1.311000e-02  4.915000e+06  1.102000e-02
  4.924000e+06  1.301500e-02  4.943000e+06  1.814500e-02  4.961000e+06  2.403500e-02
  4.964000e+06  2.527000e-02  4.978000e+06  2.128000e-02  4.979000e+06  2.517500e-02
  4.989000e+06  2.118500e-02  4.996000e+06  2.508000e-02  5.006000e+06  2.109000e-02
  5.007000e+06  1.786000e-02  5.013000e+06  2.109000e-02  5.023000e+06  1.776500e-02
  5.042000e+06  1.776500e-02  5.048000e+06  1.957000e-02  5.064000e+06  1.491500e-02
  5.074000e+06  1.254000e-02  5.081000e+06  1.254000e-02  5.082000e+06  1.482000e-02
  5.099000e+06  1.168500e-02  5.104000e+06  1.254000e-02  5.109000e+06  1.662500e-02
  5.117000e+06  1.738500e-02  5.136000e+06  2.156500e-02  5.154000e+06  2.859500e-02
  5.166000e+06  2.669500e-02  5.170000e+06  2.033000e-02  5.171000e+06  2.403500e-02
  5.189000e+06  2.840500e-02  5.190000e+06  3.353500e-02  5.200000e+06  3.182500e-02
  5.206000e+06  2.384500e-02  5.223000e+06  2.375000e-02  5.240000e+06  1.748000e-02
  5.252000e+06  2.793000e-02  5.258000e+06  1.995000e-02  5.259000e+06  3.087500e-02
  5.275000e+06  1.985500e-02  5.285000e+06  1.672000e-02  5.292000e+06  1.567500e-02
  5.293000e+06  1.976000e-02  5.302000e+06  2.337000e-02  5.307000e+06  3.268000e-02
  5.313000e+06  4.569500e-02  5.323000e+06  3.847500e-02  5.329000e+06  3.249000e-02
  5.330000e+06  3.847500e-02  5.344000e+06  1.653000e-02  5.346000e+06  2.736000e-02
  5.347000e+06  3.239500e-02  5.364000e+06  2.546000e-02  5.381000e+06  2.299000e-02
  5.387000e+06  2.536500e-02  5.398000e+06  2.175500e-02  5.416000e+06  2.280000e-02
  5.417000e+06  3.524500e-02  5.427000e+06  4.446000e-02  5.434000e+06  3.173000e-02
  5.435000e+06  3.762000e-02  5.440000e+06  4.218000e-02  5.445000e+06  3.439000e-02
  5.452000e+06  3.163500e-02  5.469000e+06  3.363000e-02  5.470000e+06  3.543500e-02
  5.482000e+06  3.714500e-02  5.487000e+06  3.705000e-02  5.488000e+06  4.246500e-02
  5.500000e+06  3.406000e-02  5.600000e+06  3.875400e-02  5.800000e+06  4.494300e-02
  6.000000e+06  5.106500e-02  6.500000e+06  6.893500e-02  7.000000e+06  9.754000e-02
  7.500000e+06  1.378000e-01  8.000000e+06  1.560000e-01  8.500000e+06  1.680000e-01
  9.000000e+06  1.800000e-01  9.500000e+06  2.100000e-01  1.000000e+07  2.800000e-01
  1.100000e+07  2.600000e-01  1.200000e+07  2.400000e-01  1.300000e+07  2.628400e-01
  1.400000e+07  3.452200e-01  1.500000e+07  4.412900e-01
