NMSAlphaLE
JENDL
           146
  9.252330e+06  0.000000e+00  9.260000e+06  2.680000e-04  9.280000e+06  4.960000e-04
  9.300000e+06  6.282000e-04  9.320000e+06  7.959000e-04  9.340000e+06  1.008000e-03
  9.360000e+06  1.278000e-03  9.380000e+06  1.453000e-03  9.400000e+06  1.564000e-03
  9.420000e+06  1.685000e-03  9.440000e+06  1.816000e-03  9.460000e+06  1.957000e-03
  9.480000e+06  2.109000e-03  9.500000e+06  2.220000e-03  9.520000e+06  2.334000e-03
  9.540000e+06  2.455000e-03  9.560000e+06  2.583000e-03  9.580000e+06  2.719000e-03
  9.600000e+06  2.855000e-03  9.620000e+06  2.976000e-03  9.640000e+06  3.103000e-03
  9.660000e+06  3.236000e-03  9.680000e+06  3.376000e-03  9.700000e+06  3.524000e-03
  9.720000e+06  3.669000e-03  9.740000e+06  3.811000e-03  9.760000e+06  3.960000e-03
  9.780000e+06  4.118000e-03  9.800000e+06  4.283000e-03  9.820000e+06  4.458000e-03
  9.840000e+06  4.630000e-03  9.860000e+06  4.807000e-03  9.880000e+06  4.995000e-03
  9.900000e+06  5.194000e-03  9.920000e+06  5.404000e-03  9.940000e+06  5.626000e-03
  9.960000e+06  5.850000e-03  9.980000e+06  6.087000e-03  1.000000e+07  6.341000e-03
  1.002000e+07  6.611000e-03  1.004000e+07  6.901000e-03  1.006000e+07  7.207000e-03
  1.008000e+07  7.528000e-03  1.010000e+07  7.873000e-03  1.012000e+07  8.245000e-03
  1.014000e+07  8.647000e-03  1.016000e+07  9.083000e-03  1.018000e+07  9.547000e-03
  1.020000e+07  1.005000e-02  1.022000e+07  1.059000e-02  1.024000e+07  1.118000e-02
  1.026000e+07  1.183000e-02  1.028000e+07  1.254000e-02  1.030000e+07  1.330000e-02
  1.032000e+07  1.413000e-02  1.034000e+07  1.503000e-02  1.036000e+07  1.601000e-02
  1.038000e+07  1.708000e-02  1.040000e+07  1.821000e-02  1.042000e+07  1.938000e-02
  1.044000e+07  2.061000e-02  1.046000e+07  2.188000e-02  1.048000e+07  2.315000e-02
  1.050000e+07  2.441000e-02  1.052000e+07  2.559000e-02  1.054000e+07  2.665000e-02
  1.056000e+07  2.754000e-02  1.058000e+07  2.821000e-02  1.060000e+07  2.864000e-02
  1.062000e+07  2.879000e-02  1.064000e+07  2.869000e-02  1.066000e+07  2.835000e-02
  1.068000e+07  2.781000e-02  1.070000e+07  2.712000e-02  1.072000e+07  2.633000e-02
  1.074000e+07  2.547000e-02  1.076000e+07  2.460000e-02  1.078000e+07  2.373000e-02
  1.080000e+07  2.290000e-02  1.082000e+07  2.212000e-02  1.084000e+07  2.140000e-02
  1.086000e+07  2.074000e-02  1.088000e+07  2.015000e-02  1.090000e+07  1.963000e-02
  1.092000e+07  1.916000e-02  1.094000e+07  1.876000e-02  1.096000e+07  1.841000e-02
  1.098000e+07  1.809000e-02  1.100000e+07  1.780000e-02  1.102000e+07  1.757000e-02
  1.104000e+07  1.737000e-02  1.106000e+07  1.721000e-02  1.108000e+07  1.708000e-02
  1.110000e+07  1.699000e-02  1.112000e+07  1.693000e-02  1.114000e+07  1.689000e-02
  1.116000e+07  1.688000e-02  1.118000e+07  1.689000e-02  1.120000e+07  1.692000e-02
  1.122000e+07  1.697000e-02  1.124000e+07  1.705000e-02  1.126000e+07  1.713000e-02
  1.128000e+07  1.724000e-02  1.130000e+07  1.736000e-02  1.132000e+07  1.749000e-02
  1.134000e+07  1.764000e-02  1.136000e+07  1.780000e-02  1.138000e+07  1.798000e-02
  1.140000e+07  1.816000e-02  1.142000e+07  1.836000e-02  1.144000e+07  1.857000e-02
  1.146000e+07  1.879000e-02  1.148000e+07  1.902000e-02  1.150000e+07  1.926000e-02
  1.152000e+07  1.951000e-02  1.154000e+07  1.977000e-02  1.156000e+07  2.002000e-02
  1.158000e+07  2.028000e-02  1.160000e+07  2.054000e-02  1.162000e+07  2.082000e-02
  1.164000e+07  2.110000e-02  1.166000e+07  2.139000e-02  1.168000e+07  2.168000e-02
  1.170000e+07  2.199000e-02  1.172000e+07  2.230000e-02  1.174000e+07  2.262000e-02
  1.176000e+07  2.295000e-02  1.178000e+07  2.328000e-02  1.180000e+07  2.363000e-02
  1.182000e+07  2.397000e-02  1.184000e+07  2.433000e-02  1.186000e+07  2.469000e-02
  1.188000e+07  2.506000e-02  1.190000e+07  2.543000e-02  1.192000e+07  2.582000e-02
  1.194000e+07  2.620000e-02  1.196000e+07  2.660000e-02  1.198000e+07  2.699000e-02
  1.200000e+07  2.740000e-02  1.225000e+07  2.854000e-02  1.250000e+07  2.992700e-02
  1.300000e+07  2.890300e-02  1.350000e+07  3.470800e-02  1.400000e+07  3.812300e-02
  1.450000e+07  3.970800e-02  1.500000e+07  4.092800e-02
