NMSAlphaLE
JENDL
          1170
  3.960400e+06  0.000000e+00  4.000000e+06  2.210700e-04  4.002000e+06  2.402900e-04
  4.004000e+06  2.618100e-04  4.006000e+06  2.860300e-04  4.008000e+06  3.133100e-04
  4.010000e+06  3.442600e-04  4.012000e+06  3.795200e-04  4.014000e+06  4.198600e-04
  4.016000e+06  4.661800e-04  4.018000e+06  5.198000e-04  4.020000e+06  5.822600e-04
  4.022000e+06  6.553800e-04  4.024000e+06  7.416700e-04  4.026000e+06  8.444700e-04
  4.028000e+06  9.681800e-04  4.030000e+06  1.118400e-03  4.032000e+06  1.302100e-03
  4.034000e+06  1.531200e-03  4.036000e+06  1.820400e-03  4.038000e+06  2.191300e-03
  4.040000e+06  2.676200e-03  4.042000e+06  3.324100e-03  4.044000e+06  4.212600e-03
  4.046000e+06  5.467300e-03  4.048000e+06  7.300500e-03  4.050000e+06  1.007900e-02
  4.052000e+06  1.447000e-02  4.054000e+06  2.158500e-02  4.056000e+06  3.283800e-02
  4.058000e+06  4.750600e-02  4.060000e+06  5.640200e-02  4.062000e+06  4.980200e-02
  4.064000e+06  3.609400e-02  4.066000e+06  2.487100e-02  4.068000e+06  1.748500e-02
  4.070000e+06  1.277800e-02  4.072000e+06  9.706400e-03  4.074000e+06  7.631700e-03
  4.076000e+06  6.076900e-03  4.078000e+06  4.953000e-03  4.080000e+06  4.121000e-03
  4.082000e+06  3.488000e-03  4.084000e+06  2.997200e-03  4.086000e+06  2.609200e-03
  4.088000e+06  2.298000e-03  4.090000e+06  2.043900e-03  4.092000e+06  1.834900e-03
  4.094000e+06  1.661100e-03  4.096000e+06  1.514900e-03  4.098000e+06  1.391200e-03
  4.100000e+06  1.285200e-03  4.102000e+06  1.194800e-03  4.104000e+06  1.116300e-03
  4.106000e+06  1.049200e-03  4.108000e+06  9.906200e-04  4.110000e+06  9.390800e-04
  4.112000e+06  8.946400e-04  4.114000e+06  8.558700e-04  4.116000e+06  8.228100e-04
  4.118000e+06  7.932800e-04  4.120000e+06  7.680400e-04  4.122000e+06  7.463600e-04
  4.124000e+06  7.282600e-04  4.126000e+06  7.128100e-04  4.128000e+06  7.003000e-04
  4.130000e+06  6.905300e-04  4.132000e+06  6.832100e-04  4.134000e+06  6.784300e-04
  4.136000e+06  6.760400e-04  4.138000e+06  6.760500e-04  4.140000e+06  6.784700e-04
  4.142000e+06  6.833800e-04  4.144000e+06  6.907800e-04  4.146000e+06  7.009100e-04
  4.148000e+06  7.139200e-04  4.150000e+06  7.299600e-04  4.152000e+06  7.494100e-04
  4.154000e+06  7.722100e-04  4.156000e+06  7.994700e-04  4.158000e+06  8.312000e-04
  4.160000e+06  8.681600e-04  4.162000e+06  9.118300e-04  4.164000e+06  9.614900e-04
  4.166000e+06  1.020100e-03  4.168000e+06  1.087800e-03  4.170000e+06  1.167400e-03
  4.172000e+06  1.260500e-03  4.174000e+06  1.370900e-03  4.176000e+06  1.502300e-03
  4.178000e+06  1.659300e-03  4.180000e+06  1.849300e-03  4.182000e+06  2.081500e-03
  4.184000e+06  2.368600e-03  4.186000e+06  2.727900e-03  4.188000e+06  3.184400e-03
  4.190000e+06  3.768200e-03  4.192000e+06  4.541900e-03  4.194000e+06  5.592300e-03
  4.196000e+06  7.061300e-03  4.198000e+06  9.180600e-03  4.200000e+06  1.237000e-02
  4.202000e+06  1.732800e-02  4.204000e+06  2.526300e-02  4.206000e+06  3.761000e-02
  4.208000e+06  5.330200e-02  4.210000e+06  6.205700e-02  4.212000e+06  5.378200e-02
  4.214000e+06  3.829900e-02  4.216000e+06  2.595300e-02  4.218000e+06  1.796100e-02
  4.220000e+06  1.292900e-02  4.222000e+06  9.681400e-03  4.224000e+06  7.504500e-03
  4.226000e+06  5.991100e-03  4.228000e+06  4.903200e-03  4.230000e+06  4.097800e-03
  4.232000e+06  3.486200e-03  4.234000e+06  3.011900e-03  4.236000e+06  2.636800e-03
  4.238000e+06  2.336100e-03  4.240000e+06  2.091500e-03  4.242000e+06  1.889400e-03
  4.244000e+06  1.721500e-03  4.246000e+06  1.580200e-03  4.248000e+06  1.460100e-03
  4.250000e+06  1.357500e-03  4.252000e+06  1.269400e-03  4.254000e+06  1.193400e-03
  4.256000e+06  1.126600e-03  4.258000e+06  1.068900e-03  4.260000e+06  1.018100e-03
  4.262000e+06  9.733200e-04  4.264000e+06  9.339200e-04  4.266000e+06  8.991100e-04
  4.268000e+06  8.688800e-04  4.270000e+06  8.417100e-04  4.272000e+06  8.175900e-04
  4.274000e+06  7.957700e-04  4.276000e+06  7.769400e-04  4.278000e+06  7.602700e-04
  4.280000e+06  7.455900e-04  4.282000e+06  7.326800e-04  4.284000e+06  7.213800e-04
  4.286000e+06  7.116300e-04  4.288000e+06  7.032700e-04  4.290000e+06  6.962300e-04
  4.292000e+06  6.903600e-04  4.294000e+06  6.856500e-04  4.296000e+06  6.819500e-04
  4.298000e+06  6.792700e-04  4.300000e+06  6.775200e-04  4.302000e+06  6.762500e-04
  4.304000e+06  6.756000e-04  4.306000e+06  6.757400e-04  4.308000e+06  6.767600e-04
  4.310000e+06  6.784800e-04  4.312000e+06  6.810000e-04  4.314000e+06  6.843100e-04
  4.316000e+06  6.883500e-04  4.318000e+06  6.931000e-04  4.320000e+06  6.985800e-04
  4.322000e+06  7.048700e-04  4.324000e+06  7.118800e-04  4.326000e+06  7.196200e-04
  4.328000e+06  7.280900e-04  4.330000e+06  7.373700e-04  4.332000e+06  7.474700e-04
  4.334000e+06  7.583900e-04  4.336000e+06  7.701200e-04  4.338000e+06  7.827600e-04
  4.340000e+06  7.963000e-04  4.342000e+06  8.111500e-04  4.344000e+06  8.263500e-04
  4.346000e+06  8.423700e-04  4.348000e+06  8.600400e-04  4.350000e+06  8.793500e-04
  4.352000e+06  8.986900e-04  4.354000e+06  9.196700e-04  4.356000e+06  9.423100e-04
  4.358000e+06  9.666100e-04  4.360000e+06  9.917600e-04  4.362000e+06  1.019400e-03
  4.364000e+06  1.047900e-03  4.366000e+06  1.078800e-03  4.368000e+06  1.111500e-03
  4.370000e+06  1.145800e-03  4.372000e+06  1.183400e-03  4.374000e+06  1.222800e-03
  4.376000e+06  1.264600e-03  4.378000e+06  1.309800e-03  4.380000e+06  1.358300e-03
  4.382000e+06  1.410200e-03  4.384000e+06  1.466300e-03  4.386000e+06  1.525700e-03
  4.388000e+06  1.590200e-03  4.390000e+06  1.658800e-03  4.392000e+06  1.734200e-03
  4.394000e+06  1.814600e-03  4.396000e+06  1.901800e-03  4.398000e+06  1.997300e-03
  4.400000e+06  2.100400e-03  4.402000e+06  2.212700e-03  4.404000e+06  2.335200e-03
  4.406000e+06  2.469400e-03  4.408000e+06  2.617100e-03  4.410000e+06  2.779100e-03
  4.412000e+06  2.958800e-03  4.414000e+06  3.157000e-03  4.416000e+06  3.374600e-03
  4.418000e+06  3.617600e-03  4.420000e+06  3.889200e-03  4.422000e+06  4.193700e-03
  4.424000e+06  4.537100e-03  4.426000e+06  4.925200e-03  4.428000e+06  5.364800e-03
  4.430000e+06  5.867000e-03  4.432000e+06  6.441900e-03  4.434000e+06  7.103000e-03
  4.436000e+06  7.867400e-03  4.438000e+06  8.753800e-03  4.440000e+06  9.784100e-03
  4.442000e+06  1.099200e-02  4.444000e+06  1.240400e-02  4.446000e+06  1.406300e-02
  4.448000e+06  1.599300e-02  4.450000e+06  1.822900e-02  4.452000e+06  2.079000e-02
  4.454000e+06  2.365000e-02  4.456000e+06  2.673500e-02  4.458000e+06  2.986700e-02
  4.460000e+06  3.277500e-02  4.462000e+06  3.508800e-02  4.464000e+06  3.644800e-02
  4.466000e+06  3.660600e-02  4.468000e+06  3.555100e-02  4.470000e+06  3.350900e-02
  4.472000e+06  3.085200e-02  4.474000e+06  2.792700e-02  4.476000e+06  2.503000e-02
  4.478000e+06  2.234200e-02  4.480000e+06  1.995600e-02  4.482000e+06  1.789000e-02
  4.484000e+06  1.615400e-02  4.486000e+06  1.472200e-02  4.488000e+06  1.358000e-02
  4.490000e+06  1.269200e-02  4.492000e+06  1.205100e-02  4.494000e+06  1.166700e-02
  4.496000e+06  1.154800e-02  4.498000e+06  1.175500e-02  4.500000e+06  1.235800e-02
  4.502000e+06  1.352200e-02  4.504000e+06  1.552300e-02  4.506000e+06  1.883800e-02
  4.508000e+06  2.433300e-02  4.510000e+06  3.330900e-02  4.512000e+06  4.651800e-02
  4.514000e+06  5.933300e-02  4.516000e+06  5.935600e-02  4.518000e+06  4.649500e-02
  4.520000e+06  3.308400e-02  4.522000e+06  2.384200e-02  4.524000e+06  1.806800e-02
  4.526000e+06  1.446600e-02  4.528000e+06  1.220700e-02  4.530000e+06  1.080700e-02
  4.532000e+06  1.001400e-02  4.534000e+06  9.708000e-03  4.536000e+06  9.864400e-03
  4.538000e+06  1.056300e-02  4.540000e+06  1.198800e-02  4.542000e+06  1.452700e-02
  4.544000e+06  1.883900e-02  4.546000e+06  2.574500e-02  4.548000e+06  3.459100e-02
  4.550000e+06  3.944900e-02  4.552000e+06  3.451600e-02  4.554000e+06  2.550400e-02
  4.556000e+06  1.836000e-02  4.558000e+06  1.375100e-02  4.560000e+06  1.087000e-02
  4.562000e+06  9.052600e-03  4.564000e+06  7.876700e-03  4.566000e+06  7.116000e-03
  4.568000e+06  6.639800e-03  4.570000e+06  6.373400e-03  4.572000e+06  6.280300e-03
  4.574000e+06  6.345700e-03  4.576000e+06  6.575300e-03  4.578000e+06  6.999000e-03
  4.580000e+06  7.672100e-03  4.582000e+06  8.700400e-03  4.584000e+06  1.026400e-02
  4.586000e+06  1.269600e-02  4.588000e+06  1.655000e-02  4.590000e+06  2.270300e-02
  4.592000e+06  3.163400e-02  4.594000e+06  4.031200e-02  4.596000e+06  4.060400e-02
  4.598000e+06  3.245400e-02  4.600000e+06  2.398600e-02  4.602000e+06  1.830200e-02
  4.604000e+06  1.496000e-02  4.606000e+06  1.312200e-02  4.608000e+06  1.227900e-02
  4.610000e+06  1.213600e-02  4.612000e+06  1.257700e-02  4.614000e+06  1.360600e-02
  4.616000e+06  1.531200e-02  4.618000e+06  1.788700e-02  4.620000e+06  2.171300e-02
  4.622000e+06  2.739800e-02  4.624000e+06  3.588700e-02  4.626000e+06  4.847300e-02
  4.628000e+06  6.585400e-02  4.630000e+06  8.475000e-02  4.632000e+06  9.411000e-02
  4.634000e+06  8.543800e-02  4.636000e+06  6.707200e-02  4.638000e+06  5.012300e-02
  4.640000e+06  3.800000e-02  4.642000e+06  3.009400e-02  4.644000e+06  2.528500e-02
  4.646000e+06  2.284100e-02  4.648000e+06  2.257600e-02  4.650000e+06  2.499800e-02
  4.652000e+06  3.149400e-02  4.654000e+06  4.287000e-02  4.656000e+06  5.043500e-02
  4.658000e+06  4.159000e-02  4.660000e+06  2.870300e-02  4.662000e+06  2.040500e-02
  4.664000e+06  1.574300e-02  4.666000e+06  1.307900e-02  4.668000e+06  1.153400e-02
  4.670000e+06  1.065800e-02  4.672000e+06  1.023300e-02  4.674000e+06  1.016700e-02
  4.676000e+06  1.043400e-02  4.678000e+06  1.108900e-02  4.680000e+06  1.228100e-02
  4.682000e+06  1.433600e-02  4.684000e+06  1.808900e-02  4.686000e+06  2.572300e-02
  4.688000e+06  4.366600e-02  4.690000e+06  8.185700e-02  4.692000e+06  8.307300e-02
  4.694000e+06  4.713400e-02  4.696000e+06  3.152700e-02  4.698000e+06  2.658800e-02
  4.700000e+06  2.610500e-02  4.702000e+06  2.814900e-02  4.704000e+06  3.229700e-02
  4.706000e+06  3.876800e-02  4.708000e+06  4.814600e-02  4.710000e+06  6.110400e-02
  4.712000e+06  7.775200e-02  4.714000e+06  9.576500e-02  4.716000e+06  1.087800e-01
  4.718000e+06  1.089600e-01  4.720000e+06  9.626800e-02  4.722000e+06  7.836100e-02
  4.724000e+06  6.165900e-02  4.726000e+06  4.848900e-02  4.728000e+06  3.876700e-02
  4.730000e+06  3.173500e-02  4.732000e+06  2.665400e-02  4.734000e+06  2.299200e-02
  4.736000e+06  2.036400e-02  4.738000e+06  1.853500e-02  4.740000e+06  1.735700e-02
  4.742000e+06  1.678300e-02  4.744000e+06  1.688100e-02  4.746000e+06  1.787100e-02
  4.748000e+06  2.041900e-02  4.750000e+06  2.634300e-02  4.752000e+06  4.110000e-02
  4.754000e+06  7.309000e-02  4.756000e+06  7.362100e-02  4.758000e+06  4.249800e-02
  4.760000e+06  2.856000e-02  4.762000e+06  2.348600e-02  4.764000e+06  2.185100e-02
  4.766000e+06  2.181000e-02  4.768000e+06  2.265900e-02  4.770000e+06  2.407400e-02
  4.772000e+06  2.582600e-02  4.774000e+06  2.767600e-02  4.776000e+06  2.935600e-02
  4.778000e+06  3.057900e-02  4.780000e+06  3.112000e-02  4.782000e+06  3.086500e-02
  4.784000e+06  2.992600e-02  4.786000e+06  2.852300e-02  4.788000e+06  2.693500e-02
  4.790000e+06  2.543100e-02  4.792000e+06  2.422500e-02  4.794000e+06  2.346000e-02
  4.796000e+06  2.327500e-02  4.798000e+06  2.382400e-02  4.800000e+06  2.530400e-02
  4.802000e+06  2.797700e-02  4.804000e+06  3.219500e-02  4.806000e+06  3.819500e-02
  4.808000e+06  4.561200e-02  4.810000e+06  5.250500e-02  4.812000e+06  5.527600e-02
  4.814000e+06  5.177500e-02  4.816000e+06  4.407200e-02  4.818000e+06  3.573400e-02
  4.820000e+06  2.871000e-02  4.822000e+06  2.334400e-02  4.824000e+06  1.938600e-02
  4.826000e+06  1.647800e-02  4.828000e+06  1.432900e-02  4.830000e+06  1.271500e-02
  4.832000e+06  1.150000e-02  4.834000e+06  1.057700e-02  4.836000e+06  9.878300e-03
  4.838000e+06  9.359300e-03  4.840000e+06  8.989900e-03  4.842000e+06  8.748800e-03
  4.844000e+06  8.624300e-03  4.846000e+06  8.612900e-03  4.848000e+06  8.717800e-03
  4.850000e+06  8.950900e-03  4.852000e+06  9.332400e-03  4.854000e+06  9.904000e-03
  4.856000e+06  1.071200e-02  4.858000e+06  1.184700e-02  4.860000e+06  1.345900e-02
  4.862000e+06  1.577600e-02  4.864000e+06  1.921600e-02  4.866000e+06  2.448700e-02
  4.868000e+06  3.281100e-02  4.870000e+06  4.603500e-02  4.872000e+06  6.524100e-02
  4.874000e+06  8.381800e-02  4.876000e+06  8.414800e-02  4.878000e+06  6.615000e-02
  4.880000e+06  4.737800e-02  4.882000e+06  3.455400e-02  4.884000e+06  2.665300e-02
  4.886000e+06  2.184700e-02  4.888000e+06  1.891400e-02  4.890000e+06  1.717700e-02
  4.892000e+06  1.622800e-02  4.894000e+06  1.586900e-02  4.896000e+06  1.597100e-02
  4.898000e+06  1.649400e-02  4.900000e+06  1.740900e-02  4.902000e+06  1.876800e-02
  4.904000e+06  2.061200e-02  4.906000e+06  2.305100e-02  4.908000e+06  2.622900e-02
  4.910000e+06  3.033900e-02  4.912000e+06  3.561400e-02  4.914000e+06  4.233900e-02
  4.916000e+06  5.072000e-02  4.918000e+06  6.073000e-02  4.920000e+06  7.166400e-02
  4.922000e+06  8.169200e-02  4.924000e+06  8.802900e-02  4.926000e+06  8.829400e-02
  4.928000e+06  8.245500e-02  4.930000e+06  7.285200e-02  4.932000e+06  6.228200e-02
  4.934000e+06  5.260100e-02  4.936000e+06  4.452300e-02  4.938000e+06  3.812200e-02
  4.940000e+06  3.321000e-02  4.942000e+06  2.953400e-02  4.944000e+06  2.688300e-02
  4.946000e+06  2.507500e-02  4.948000e+06  2.403100e-02  4.950000e+06  2.371000e-02
  4.952000e+06  2.413600e-02  4.954000e+06  2.542200e-02  4.956000e+06  2.781600e-02
  4.958000e+06  3.174100e-02  4.960000e+06  3.794700e-02  4.962000e+06  4.779600e-02
  4.964000e+06  6.363500e-02  4.966000e+06  8.925100e-02  4.968000e+06  1.279400e-01
  4.970000e+06  1.706400e-01  4.972000e+06  1.812700e-01  4.974000e+06  1.471800e-01
  4.976000e+06  1.049900e-01  4.978000e+06  7.496000e-02  4.980000e+06  5.667000e-02
  4.982000e+06  4.621900e-02  4.984000e+06  4.104900e-02  4.986000e+06  4.008400e-02
  4.988000e+06  4.341600e-02  4.990000e+06  5.210000e-02  4.992000e+06  6.671800e-02
  4.994000e+06  8.126300e-02  4.996000e+06  8.014600e-02  4.998000e+06  6.320900e-02
  5.000000e+06  4.578100e-02  5.002000e+06  3.368800e-02  5.004000e+06  2.600500e-02
  5.006000e+06  2.107200e-02  5.008000e+06  1.783300e-02  5.010000e+06  1.563300e-02
  5.012000e+06  1.413000e-02  5.014000e+06  1.310500e-02  5.016000e+06  1.243400e-02
  5.018000e+06  1.204500e-02  5.020000e+06  1.189600e-02  5.022000e+06  1.197800e-02
  5.024000e+06  1.230100e-02  5.026000e+06  1.287600e-02  5.028000e+06  1.377700e-02
  5.030000e+06  1.508900e-02  5.032000e+06  1.697200e-02  5.034000e+06  1.967700e-02
  5.036000e+06  2.361800e-02  5.038000e+06  2.955600e-02  5.040000e+06  3.877000e-02
  5.042000e+06  5.341000e-02  5.044000e+06  7.607300e-02  5.046000e+06  1.047700e-01
  5.048000e+06  1.211600e-01  5.050000e+06  1.073900e-01  5.052000e+06  8.150000e-02
  5.054000e+06  6.213600e-02  5.056000e+06  5.195800e-02  5.058000e+06  4.932000e-02
  5.060000e+06  5.343000e-02  5.062000e+06  6.382400e-02  5.064000e+06  7.528400e-02
  5.066000e+06  7.538900e-02  5.068000e+06  6.408200e-02  5.070000e+06  5.378200e-02
  5.072000e+06  4.975700e-02  5.074000e+06  5.254300e-02  5.076000e+06  6.300600e-02
  5.078000e+06  8.288300e-02  5.080000e+06  1.095500e-01  5.082000e+06  1.239600e-01
  5.084000e+06  1.074500e-01  5.086000e+06  7.821200e-02  5.088000e+06  5.499900e-02
  5.090000e+06  3.993600e-02  5.092000e+06  3.042300e-02  5.094000e+06  2.425800e-02
  5.096000e+06  2.013700e-02  5.098000e+06  1.728000e-02  5.100000e+06  1.525800e-02
  5.102000e+06  1.380400e-02  5.104000e+06  1.274600e-02  5.106000e+06  1.198900e-02
  5.108000e+06  1.146800e-02  5.110000e+06  1.114100e-02  5.112000e+06  1.097600e-02
  5.114000e+06  1.095100e-02  5.116000e+06  1.106600e-02  5.118000e+06  1.133400e-02
  5.120000e+06  1.175300e-02  5.122000e+06  1.235700e-02  5.124000e+06  1.317800e-02
  5.126000e+06  1.427200e-02  5.128000e+06  1.574800e-02  5.130000e+06  1.773700e-02
  5.132000e+06  2.050000e-02  5.134000e+06  2.442000e-02  5.136000e+06  3.021900e-02
  5.138000e+06  3.910900e-02  5.140000e+06  5.290600e-02  5.142000e+06  7.269000e-02
  5.144000e+06  9.208600e-02  5.146000e+06  9.408000e-02  5.148000e+06  7.868300e-02
  5.150000e+06  6.300300e-02  5.152000e+06  5.365200e-02  5.154000e+06  4.971100e-02
  5.156000e+06  4.950300e-02  5.158000e+06  5.185000e-02  5.160000e+06  5.593400e-02
  5.162000e+06  6.093500e-02  5.164000e+06  6.584300e-02  5.166000e+06  6.937300e-02
  5.168000e+06  7.039800e-02  5.170000e+06  6.839600e-02  5.172000e+06  6.376800e-02
  5.174000e+06  5.752500e-02  5.176000e+06  5.075500e-02  5.178000e+06  4.426300e-02
  5.180000e+06  3.845800e-02  5.182000e+06  3.349700e-02  5.184000e+06  2.933700e-02
  5.186000e+06  2.591400e-02  5.188000e+06  2.310600e-02  5.190000e+06  2.081600e-02
  5.192000e+06  1.896600e-02  5.194000e+06  1.746900e-02  5.196000e+06  1.628100e-02
  5.198000e+06  1.535800e-02  5.200000e+06  1.466700e-02  5.202000e+06  1.420900e-02
  5.204000e+06  1.396300e-02  5.206000e+06  1.394900e-02  5.208000e+06  1.418100e-02
  5.210000e+06  1.472600e-02  5.212000e+06  1.566200e-02  5.214000e+06  1.712400e-02
  5.216000e+06  1.933700e-02  5.218000e+06  2.270500e-02  5.220000e+06  2.790200e-02
  5.222000e+06  3.612900e-02  5.224000e+06  4.935300e-02  5.226000e+06  6.996200e-02
  5.228000e+06  9.608400e-02  5.230000e+06  1.105600e-01  5.232000e+06  9.665600e-02
  5.234000e+06  7.097300e-02  5.236000e+06  5.076900e-02  5.238000e+06  3.804800e-02
  5.240000e+06  3.050300e-02  5.242000e+06  2.628400e-02  5.244000e+06  2.436100e-02
  5.246000e+06  2.437700e-02  5.248000e+06  2.656100e-02  5.250000e+06  3.190000e-02
  5.252000e+06  4.293300e-02  5.254000e+06  6.534100e-02  5.256000e+06  1.060300e-01
  5.258000e+06  1.375300e-01  5.260000e+06  1.059000e-01  5.262000e+06  6.483800e-02
  5.264000e+06  4.194000e-02  5.266000e+06  3.033600e-02  5.268000e+06  2.433200e-02
  5.270000e+06  2.131100e-02  5.272000e+06  2.019800e-02  5.274000e+06  2.062100e-02
  5.276000e+06  2.266200e-02  5.278000e+06  2.690600e-02  5.280000e+06  3.444100e-02
  5.282000e+06  4.670000e-02  5.284000e+06  6.245800e-02  5.286000e+06  7.104600e-02
  5.288000e+06  6.206800e-02  5.290000e+06  4.581000e-02  5.292000e+06  3.291100e-02
  5.294000e+06  2.457800e-02  5.296000e+06  1.936500e-02  5.298000e+06  1.602800e-02
  5.300000e+06  1.383300e-02  5.302000e+06  1.236000e-02  5.304000e+06  1.134800e-02
  5.306000e+06  1.066800e-02  5.308000e+06  1.022700e-02  5.310000e+06  9.970600e-03
  5.312000e+06  9.865000e-03  5.314000e+06  9.891900e-03  5.316000e+06  1.004200e-02
  5.318000e+06  1.031800e-02  5.320000e+06  1.072400e-02  5.322000e+06  1.127800e-02
  5.324000e+06  1.200600e-02  5.326000e+06  1.293900e-02  5.328000e+06  1.415200e-02
  5.330000e+06  1.570200e-02  5.332000e+06  1.771700e-02  5.334000e+06  2.038500e-02
  5.336000e+06  2.396200e-02  5.338000e+06  2.887900e-02  5.340000e+06  3.579000e-02
  5.342000e+06  4.576900e-02  5.344000e+06  6.047300e-02  5.346000e+06  8.206700e-02
  5.348000e+06  1.117600e-01  5.350000e+06  1.438800e-01  5.352000e+06  1.596100e-01
  5.354000e+06  1.446500e-01  5.356000e+06  1.130300e-01  5.358000e+06  8.375000e-02
  5.360000e+06  6.251500e-02  5.362000e+06  4.819400e-02  5.364000e+06  3.863300e-02
  5.366000e+06  3.221200e-02  5.368000e+06  2.789300e-02  5.370000e+06  2.503600e-02
  5.372000e+06  2.329100e-02  5.374000e+06  2.244700e-02  5.376000e+06  2.247300e-02
  5.378000e+06  2.347500e-02  5.380000e+06  2.574800e-02  5.382000e+06  2.988500e-02
  5.384000e+06  3.695000e-02  5.386000e+06  4.823100e-02  5.388000e+06  6.268800e-02
  5.390000e+06  7.093000e-02  5.392000e+06  6.380400e-02  5.394000e+06  5.044100e-02
  5.396000e+06  4.038400e-02  5.398000e+06  3.481200e-02  5.400000e+06  3.263100e-02
  5.402000e+06  3.310100e-02  5.404000e+06  3.615600e-02  5.406000e+06  4.240500e-02
  5.408000e+06  5.338600e-02  5.410000e+06  7.157700e-02  5.412000e+06  9.842900e-02
  5.414000e+06  1.244900e-01  5.416000e+06  1.249200e-01  5.418000e+06  9.936900e-02
  5.420000e+06  7.290100e-02  5.422000e+06  5.493600e-02  5.424000e+06  4.403200e-02
  5.426000e+06  3.757900e-02  5.428000e+06  3.387600e-02  5.430000e+06  3.196100e-02
  5.432000e+06  3.129900e-02  5.434000e+06  3.160500e-02  5.436000e+06  3.273700e-02
  5.438000e+06  3.469700e-02  5.440000e+06  3.749800e-02  5.442000e+06  4.128600e-02
  5.444000e+06  4.625400e-02  5.446000e+06  5.266900e-02  5.448000e+06  6.090500e-02
  5.450000e+06  7.142300e-02  5.452000e+06  8.467100e-02  5.454000e+06  1.008600e-01
  5.456000e+06  1.195000e-01  5.458000e+06  1.385600e-01  5.460000e+06  1.540800e-01
  5.462000e+06  1.614100e-01  5.464000e+06  1.582400e-01  5.466000e+06  1.469800e-01
  5.468000e+06  1.325700e-01  5.470000e+06  1.193100e-01  5.472000e+06  1.096800e-01
  5.474000e+06  1.047900e-01  5.476000e+06  1.052200e-01  5.478000e+06  1.113300e-01
  5.480000e+06  1.228600e-01  5.482000e+06  1.371300e-01  5.484000e+06  1.475300e-01
  5.486000e+06  1.464000e-01  5.488000e+06  1.333600e-01  5.490000e+06  1.161800e-01
  5.492000e+06  1.013400e-01  5.494000e+06  9.138700e-02  5.496000e+06  8.664000e-02
  5.498000e+06  8.702000e-02  5.500000e+06  9.301300e-02  5.502000e+06  1.061700e-01
  5.504000e+06  1.297200e-01  5.506000e+06  1.697600e-01  5.508000e+06  2.332000e-01
  5.510000e+06  3.144700e-01  5.512000e+06  3.613000e-01  5.514000e+06  3.229200e-01
  5.516000e+06  2.504200e-01  5.518000e+06  1.971000e-01  5.520000e+06  1.699700e-01
  5.522000e+06  1.633100e-01  5.524000e+06  1.718900e-01  5.526000e+06  1.909200e-01
  5.528000e+06  2.113300e-01  5.530000e+06  2.190800e-01  5.532000e+06  2.055400e-01
  5.534000e+06  1.784300e-01  5.536000e+06  1.505400e-01  5.538000e+06  1.294100e-01
  5.540000e+06  1.170600e-01  5.542000e+06  1.137200e-01  5.544000e+06  1.197400e-01
  5.546000e+06  1.349100e-01  5.548000e+06  1.541700e-01  5.550000e+06  1.620500e-01
  5.552000e+06  1.471600e-01  5.554000e+06  1.201000e-01  5.556000e+06  9.565400e-02
  5.558000e+06  7.820000e-02  5.560000e+06  6.682300e-02  5.562000e+06  5.984300e-02
  5.564000e+06  5.606100e-02  5.566000e+06  5.483700e-02  5.568000e+06  5.587700e-02
  5.570000e+06  5.927200e-02  5.572000e+06  6.539800e-02  5.574000e+06  7.499800e-02
  5.576000e+06  8.913600e-02  5.578000e+06  1.089800e-01  5.580000e+06  1.346200e-01
  5.582000e+06  1.625600e-01  5.584000e+06  1.825400e-01  5.586000e+06  1.823900e-01
  5.588000e+06  1.619700e-01  5.590000e+06  1.333800e-01  5.592000e+06  1.068400e-01
  5.594000e+06  8.598800e-02  5.596000e+06  7.065700e-02  5.598000e+06  5.963800e-02
  5.600000e+06  5.181000e-02  5.602000e+06  4.629800e-02  5.604000e+06  4.252700e-02
  5.606000e+06  4.014800e-02  5.608000e+06  3.892500e-02  5.610000e+06  3.879600e-02
  5.612000e+06  3.975000e-02  5.614000e+06  4.194200e-02  5.616000e+06  4.565000e-02
  5.618000e+06  5.133200e-02  5.620000e+06  5.964800e-02  5.622000e+06  7.142400e-02
  5.624000e+06  8.729800e-02  5.626000e+06  1.064300e-01  5.628000e+06  1.241400e-01
  5.630000e+06  1.318700e-01  5.632000e+06  1.243300e-01  5.634000e+06  1.067200e-01
  5.636000e+06  8.758400e-02  5.638000e+06  7.162300e-02  5.640000e+06  5.969600e-02
  5.642000e+06  5.122600e-02  5.644000e+06  4.535400e-02  5.646000e+06  4.142200e-02
  5.648000e+06  3.896200e-02  5.650000e+06  3.768500e-02  5.652000e+06  3.743900e-02
  5.654000e+06  3.818700e-02  5.656000e+06  3.996900e-02  5.658000e+06  4.295400e-02
  5.660000e+06  4.743700e-02  5.662000e+06  5.389400e-02  5.664000e+06  6.304400e-02
  5.666000e+06  7.585100e-02  5.668000e+06  9.332100e-02  5.670000e+06  1.156300e-01
  5.672000e+06  1.397300e-01  5.674000e+06  1.571200e-01  5.676000e+06  1.576000e-01
  5.678000e+06  1.409900e-01  5.680000e+06  1.176500e-01  5.682000e+06  9.597700e-02
  5.684000e+06  7.909100e-02  5.686000e+06  6.685800e-02  5.688000e+06  5.826800e-02
  5.690000e+06  5.237300e-02  5.692000e+06  4.843200e-02  5.694000e+06  4.595700e-02
  5.696000e+06  4.461500e-02  5.698000e+06  4.421300e-02  5.700000e+06  4.461300e-02
  5.702000e+06  4.574900e-02  5.704000e+06  4.761200e-02  5.706000e+06  5.022600e-02
  5.708000e+06  5.364700e-02  5.710000e+06  5.796500e-02  5.712000e+06  6.332500e-02
  5.714000e+06  6.991000e-02  5.716000e+06  7.791800e-02  5.718000e+06  8.759500e-02
  5.720000e+06  9.919400e-02  5.722000e+06  1.129200e-01  5.724000e+06  1.288300e-01
  5.726000e+06  1.465300e-01  5.728000e+06  1.653600e-01  5.730000e+06  1.833000e-01
  5.732000e+06  1.978700e-01  5.734000e+06  2.063300e-01  5.736000e+06  2.068400e-01
  5.738000e+06  1.992500e-01  5.740000e+06  1.855100e-01  5.742000e+06  1.683600e-01
  5.744000e+06  1.504000e-01  5.746000e+06  1.333400e-01  5.748000e+06  1.180700e-01
  5.750000e+06  1.050000e-01  5.752000e+06  9.405700e-02  5.754000e+06  8.508600e-02
  5.756000e+06  7.782400e-02  5.758000e+06  7.205100e-02  5.760000e+06  6.755800e-02
  5.762000e+06  6.419100e-02  5.764000e+06  6.182000e-02  5.766000e+06  6.034100e-02
  5.768000e+06  5.971600e-02  5.770000e+06  5.991900e-02  5.772000e+06  6.094100e-02
  5.774000e+06  6.284600e-02  5.776000e+06  6.567800e-02  5.778000e+06  6.955500e-02
  5.780000e+06  7.459900e-02  5.782000e+06  8.097000e-02  5.784000e+06  8.882800e-02
  5.786000e+06  9.834900e-02  5.788000e+06  1.096300e-01  5.790000e+06  1.225500e-01
  5.792000e+06  1.367500e-01  5.794000e+06  1.512800e-01  5.796000e+06  1.647600e-01
  5.798000e+06  1.756000e-01  5.800000e+06  1.822000e-01  5.802000e+06  1.844300e-01
  5.804000e+06  1.832000e-01  5.806000e+06  1.807700e-01  5.808000e+06  1.799300e-01
  5.810000e+06  1.834900e-01  5.812000e+06  1.941200e-01  5.814000e+06  2.134200e-01
  5.816000e+06  2.399400e-01  5.818000e+06  2.650300e-01  5.820000e+06  2.725100e-01
  5.822000e+06  2.527600e-01  5.824000e+06  2.150700e-01  5.826000e+06  1.750600e-01
  5.828000e+06  1.414400e-01  5.830000e+06  1.157400e-01  5.832000e+06  9.659300e-02
  5.834000e+06  8.241100e-02  5.836000e+06  7.184900e-02  5.838000e+06  6.393100e-02
  5.840000e+06  5.799200e-02  5.842000e+06  5.359000e-02  5.844000e+06  5.044800e-02
  5.846000e+06  4.837700e-02  5.848000e+06  4.731300e-02  5.850000e+06  4.724500e-02
  5.852000e+06  4.828000e-02  5.854000e+06  5.061000e-02  5.856000e+06  5.457400e-02
  5.858000e+06  6.070000e-02  5.860000e+06  6.974700e-02  5.862000e+06  8.264000e-02
  5.864000e+06  1.001000e-01  5.866000e+06  1.211700e-01  5.868000e+06  1.406600e-01
  5.870000e+06  1.489900e-01  5.872000e+06  1.404000e-01  5.874000e+06  1.204400e-01
  5.876000e+06  9.887400e-02  5.878000e+06  8.087700e-02  5.880000e+06  6.740600e-02
  5.882000e+06  5.779000e-02  5.884000e+06  5.112400e-02  5.886000e+06  4.668000e-02
  5.888000e+06  4.394500e-02  5.890000e+06  4.266200e-02  5.892000e+06  4.268500e-02
  5.894000e+06  4.405600e-02  5.896000e+06  4.695400e-02  5.898000e+06  5.177700e-02
  5.900000e+06  5.907500e-02  5.902000e+06  6.960100e-02  5.904000e+06  8.390600e-02
  5.906000e+06  1.012100e-01  5.908000e+06  1.172600e-01  5.910000e+06  1.242300e-01
  5.912000e+06  1.175100e-01  5.914000e+06  1.016200e-01  5.916000e+06  8.443200e-02
  5.918000e+06  7.016900e-02  5.920000e+06  5.964700e-02  5.922000e+06  5.232500e-02
  5.924000e+06  4.746600e-02  5.926000e+06  4.446900e-02  5.928000e+06  4.295400e-02
  5.930000e+06  4.268800e-02  5.932000e+06  4.356300e-02  5.934000e+06  4.563600e-02
  5.936000e+06  4.902000e-02  5.938000e+06  5.401900e-02  5.940000e+06  6.110400e-02
  5.942000e+06  7.097000e-02  5.944000e+06  8.466700e-02  5.946000e+06  1.036100e-01
  5.948000e+06  1.292700e-01  5.950000e+06  1.619700e-01  5.952000e+06  1.974500e-01
  5.954000e+06  2.238400e-01  5.956000e+06  2.268600e-01  5.958000e+06  2.066200e-01
  5.960000e+06  1.779100e-01  5.962000e+06  1.531900e-01  5.964000e+06  1.374600e-01
  5.966000e+06  1.315700e-01  5.968000e+06  1.350300e-01  5.970000e+06  1.465600e-01
  5.972000e+06  1.624800e-01  5.974000e+06  1.736900e-01  5.976000e+06  1.700200e-01
  5.978000e+06  1.513200e-01  5.980000e+06  1.268300e-01  5.982000e+06  1.045800e-01
  5.984000e+06  8.743300e-02  5.986000e+06  7.520200e-02  5.988000e+06  6.695100e-02
  5.990000e+06  6.184700e-02  5.992000e+06  5.935000e-02  5.994000e+06  5.924000e-02
  5.996000e+06  6.164900e-02  5.998000e+06  6.705300e-02  6.000000e+06  7.648200e-02
  6.002000e+06  9.161600e-02  6.004000e+06  1.148000e-01  6.006000e+06  1.472800e-01
  6.008000e+06  1.828400e-01  6.010000e+06  2.006200e-01  6.012000e+06  1.849400e-01
  6.014000e+06  1.514800e-01  6.016000e+06  1.212100e-01  6.018000e+06  1.006000e-01
  6.020000e+06  8.860600e-02  6.022000e+06  8.317400e-02  6.024000e+06  8.296400e-02
  6.026000e+06  8.750000e-02  6.028000e+06  9.709000e-02  6.030000e+06  1.126900e-01
  6.032000e+06  1.357600e-01  6.034000e+06  1.674400e-01  6.036000e+06  2.058000e-01
  6.038000e+06  2.415000e-01  6.040000e+06  2.570400e-01  6.042000e+06  2.420600e-01
  6.044000e+06  2.070600e-01  6.046000e+06  1.691200e-01  6.048000e+06  1.380500e-01
  6.050000e+06  1.155800e-01  6.052000e+06  1.006700e-01  6.054000e+06  9.189600e-02
  6.056000e+06  8.829800e-02  6.058000e+06  8.950200e-02  6.060000e+06  9.573200e-02
  6.062000e+06  1.076300e-01  6.064000e+06  1.257100e-01  6.066000e+06  1.486800e-01
  6.068000e+06  1.701000e-01  6.070000e+06  1.787800e-01  6.072000e+06  1.677200e-01
  6.074000e+06  1.436400e-01  6.076000e+06  1.178700e-01  6.078000e+06  9.640400e-02
  6.080000e+06  8.044400e-02  6.082000e+06  6.916000e-02  6.084000e+06  6.148800e-02
  6.086000e+06  5.657400e-02  6.088000e+06  5.385800e-02  6.090000e+06  5.306000e-02
  6.092000e+06  5.411000e-02  6.094000e+06  5.719000e-02  6.096000e+06  6.276200e-02
  6.098000e+06  7.169400e-02  6.100000e+06  8.542800e-02  6.102000e+06  1.062900e-01
  6.104000e+06  1.374000e-01  6.106000e+06  1.804600e-01  6.108000e+06  2.277800e-01
  6.110000e+06  2.528400e-01  6.112000e+06  2.361800e-01  6.114000e+06  1.982400e-01
  6.116000e+06  1.663200e-01  6.118000e+06  1.492400e-01  6.120000e+06  1.463000e-01
  6.122000e+06  1.533000e-01  6.124000e+06  1.629600e-01  6.126000e+06  1.645000e-01
  6.128000e+06  1.514800e-01  6.130000e+06  1.288600e-01  6.132000e+06  1.054900e-01
  6.134000e+06  8.632400e-02  6.136000e+06  7.219800e-02  6.138000e+06  6.245400e-02
  6.140000e+06  5.630800e-02  6.142000e+06  5.334000e-02  6.144000e+06  5.362000e-02
  6.146000e+06  5.793200e-02  6.148000e+06  6.777400e-02  6.150000e+06  8.398600e-02
  6.152000e+06  9.997400e-02  6.154000e+06  9.865800e-02  6.156000e+06  7.991200e-02
  6.158000e+06  6.070400e-02  6.160000e+06  4.746000e-02  6.162000e+06  3.913000e-02
  6.164000e+06  3.393600e-02  6.166000e+06  3.070200e-02  6.168000e+06  2.877000e-02
  6.170000e+06  2.774800e-02  6.172000e+06  2.751000e-02  6.174000e+06  2.798600e-02
  6.176000e+06  2.930200e-02  6.178000e+06  3.172400e-02  6.180000e+06  3.581200e-02
  6.182000e+06  4.281200e-02  6.184000e+06  5.544000e-02  6.186000e+06  7.945000e-02
  6.188000e+06  1.218600e-01  6.190000e+06  1.551200e-01  6.192000e+06  1.254800e-01
  6.194000e+06  8.681400e-02  6.196000e+06  6.694800e-02  6.198000e+06  5.920600e-02
  6.200000e+06  5.821200e-02  6.202000e+06  6.188000e-02  6.204000e+06  6.997200e-02
  6.206000e+06  8.337000e-02  6.208000e+06  1.041700e-01  6.210000e+06  1.353100e-01
  6.212000e+06  1.783600e-01  6.214000e+06  2.252600e-01  6.216000e+06  2.489200e-01
  6.218000e+06  2.289000e-01  6.220000e+06  1.857800e-01  6.222000e+06  1.464400e-01
  6.224000e+06  1.192100e-01  6.226000e+06  1.026200e-01  6.228000e+06  9.375800e-02
  6.230000e+06  9.048200e-02  6.232000e+06  9.164400e-02  6.234000e+06  9.674000e-02
  6.236000e+06  1.057700e-01  6.238000e+06  1.191000e-01  6.240000e+06  1.373500e-01
  6.242000e+06  1.612800e-01  6.244000e+06  1.911000e-01  6.246000e+06  2.259600e-01
  6.248000e+06  2.613800e-01  6.250000e+06  2.898000e-01  6.252000e+06  3.017000e-01
  6.254000e+06  2.927400e-01  6.256000e+06  2.674000e-01  6.258000e+06  2.353400e-01
  6.260000e+06  2.046800e-01  6.262000e+06  1.800400e-01  6.264000e+06  1.629600e-01
  6.266000e+06  1.541400e-01  6.268000e+06  1.537200e-01  6.270000e+06  1.621200e-01
  6.272000e+06  1.787800e-01  6.274000e+06  1.995000e-01  6.276000e+06  2.133600e-01
  6.278000e+06  2.079000e-01  6.280000e+06  1.828400e-01  6.282000e+06  1.502200e-01
  6.400000e+06  1.698600e-01  6.600000e+06  1.914400e-01  6.800000e+06  2.143500e-01
  7.000000e+06  2.321100e-01  7.200000e+06  2.454800e-01  7.400000e+06  2.778300e-01
  7.600000e+06  3.111900e-01  7.800000e+06  3.371500e-01  8.000000e+06  3.565800e-01
  8.200000e+06  3.726500e-01  8.400000e+06  3.851300e-01  8.600000e+06  4.005100e-01
  8.800000e+06  4.256800e-01  9.000000e+06  4.427500e-01  9.500000e+06  4.752300e-01
  1.000000e+07  5.260100e-01  1.050000e+07  5.554400e-01  1.100000e+07  5.940900e-01
  1.150000e+07  6.129600e-01  1.200000e+07  6.292400e-01  1.250000e+07  6.482400e-01
  1.300000e+07  6.617200e-01  1.350000e+07  6.799200e-01  1.375700e+07  6.861500e-01
  1.400000e+07  6.920500e-01  1.450000e+07  7.095800e-01  1.500000e+07  7.336100e-01
