NMSAlphaLE
JENDL
            90
  6.313170e+06  0.000000e+00  6.621390e+06  2.108240e-11  6.800000e+06  4.496603e-05
  6.900000e+06  8.644000e-03  7.000000e+06  1.111900e-02  7.100000e+06  1.377100e-02
  7.200000e+06  1.663200e-02  7.300000e+06  1.967200e-02  7.400000e+06  2.281200e-02
  7.500000e+06  2.592300e-02  7.600000e+06  2.884500e-02  7.700000e+06  3.143100e-02
  7.800000e+06  3.359700e-02  7.900000e+06  3.534700e-02  8.000000e+06  3.678100e-02
  8.100000e+06  3.804400e-02  8.200000e+06  3.930800e-02  8.300000e+06  4.072200e-02
  8.400000e+06  4.239100e-02  8.500000e+06  4.436600e-02  8.600000e+06  4.663600e-02
  8.700000e+06  4.913400e-02  8.800000e+06  5.173301e-02  8.900000e+06  5.426004e-02
  9.000000e+06  5.651223e-02  9.100000e+06  5.835545e-02  9.200000e+06  5.958703e-02
  9.286070e+06  6.009448e-02  9.300000e+06  6.019399e-02  9.400000e+06  6.022823e-02
  9.432780e+06  6.003945e-02  9.500000e+06  5.965232e-02  9.600000e+06  5.886960e-02
  9.700000e+06  5.858880e-02  9.800000e+06  5.849560e-02  9.900000e+06  5.970310e-02
  1.000000e+07  6.093451e-02  1.010000e+07  6.232325e-02  1.020000e+07  6.266279e-02
  1.030000e+07  6.267516e-02  1.040000e+07  6.311100e-02  1.050000e+07  6.371680e-02
  1.055350e+07  6.449506e-02  1.060000e+07  6.517150e-02  1.070000e+07  6.661390e-02
  1.080000e+07  6.861910e-02  1.090000e+07  7.061903e-02  1.100000e+07  7.250120e-02
  1.110000e+07  7.419670e-02  1.120000e+07  7.498020e-02  1.126460e+07  7.515675e-02
  1.130000e+07  7.538962e-02  1.140000e+07  7.525373e-02  1.150000e+07  7.423105e-02
  1.160000e+07  7.377430e-02  1.170000e+07  7.394850e-02  1.180000e+07  7.472240e-02
  1.190000e+07  7.585560e-02  1.200000e+07  7.670240e-02  1.210000e+07  7.631780e-02
  1.220000e+07  7.565930e-02  1.230000e+07  7.489520e-02  1.240000e+07  7.465303e-02
  1.250000e+07  7.449079e-02  1.260000e+07  7.469437e-02  1.270000e+07  7.498330e-02
  1.280000e+07  7.554959e-02  1.290000e+07  7.636647e-02  1.300000e+07  7.747468e-02
  1.310000e+07  7.903081e-02  1.320000e+07  8.086142e-02  1.330000e+07  8.299586e-02
  1.340000e+07  8.492352e-02  1.350000e+07  8.637896e-02  1.360000e+07  8.702901e-02
  1.370000e+07  8.724752e-02  1.380000e+07  8.730482e-02  1.390000e+07  8.758396e-02
  1.400000e+07  8.808742e-02  1.410000e+07  8.887809e-02  1.420000e+07  8.986009e-02
  1.430000e+07  9.103517e-02  1.440000e+07  9.232740e-02  1.450000e+07  9.372859e-02
  1.460000e+07  9.519919e-02  1.461540e+07  9.543264e-02  1.470000e+07  9.703312e-02
  1.480000e+07  9.896637e-02  1.490000e+07  9.982291e-02  1.500000e+07  1.013999e-01
