NMSAlphaLE
JENDL
           185
  4.380900e+06  0.000000e+00  4.420000e+06  6.615100e-03  4.480000e+06  7.589500e-03
  4.540000e+06  8.838500e-03  4.600000e+06  1.038000e-02  4.660000e+06  1.191700e-02
  4.720000e+06  1.283800e-02  4.780000e+06  1.316200e-02  4.840000e+06  1.361800e-02
  4.900000e+06  1.471100e-02  4.960000e+06  1.664900e-02  5.020000e+06  1.952300e-02
  5.080000e+06  2.319200e-02  5.140000e+06  2.678100e-02  5.200000e+06  2.849700e-02
  5.260000e+06  2.760500e-02  5.320000e+06  2.553800e-02  5.380000e+06  2.383900e-02
  5.440000e+06  2.304200e-02  5.500000e+06  2.313300e-02  5.508510e+06  2.324306e-02
  5.560000e+06  2.391269e-02  5.620000e+06  2.537598e-02  5.680000e+06  2.754166e-02
  5.740000e+06  3.049515e-02  5.800000e+06  3.442028e-02  5.860000e+06  3.962720e-02
  5.920000e+06  4.658590e-02  5.980000e+06  5.592100e-02  6.040000e+06  6.806200e-02
  6.100000e+06  8.248500e-02  6.160000e+06  9.575600e-02  6.220000e+06  1.024200e-01
  6.280000e+06  1.020300e-01  6.340000e+06  1.002000e-01  6.400000e+06  1.016000e-01
  6.460000e+06  1.077600e-01  6.520000e+06  1.187200e-01  6.580000e+06  1.342000e-01
  6.640000e+06  1.540300e-01  6.700000e+06  1.772320e-01  6.760000e+06  2.017670e-01
  6.820000e+06  2.244720e-01  6.880000e+06  2.421470e-01  6.940000e+06  2.534300e-01
  7.000000e+06  2.594370e-01  7.060000e+06  2.624370e-01  7.113560e+06  2.643875e-01
  7.120000e+06  2.646220e-01  7.180000e+06  2.667431e-01  7.240000e+06  2.683393e-01
  7.300000e+06  2.677406e-01  7.360000e+06  2.623370e-01  7.420000e+06  2.500400e-01
  7.480000e+06  2.314503e-01  7.540000e+06  2.099317e-01  7.600000e+06  1.892794e-01
  7.660000e+06  1.718869e-01  7.720000e+06  1.586335e-01  7.763750e+06  1.519297e-01
  7.780000e+06  1.494398e-01  7.840000e+06  1.438801e-01  7.900000e+06  1.413796e-01
  7.960000e+06  1.412797e-01  8.020000e+06  1.428295e-01  8.080000e+06  1.451895e-01
  8.140000e+06  1.475900e-01  8.200000e+06  1.491003e-01  8.260000e+06  1.489998e-01
  8.320000e+06  1.469696e-01  8.380000e+06  1.431402e-01  8.440000e+06  1.380801e-01
  8.500000e+06  1.325204e-01  8.560000e+06  1.271602e-01  8.620000e+06  1.225798e-01
  8.680000e+06  1.191404e-01  8.740000e+06  1.170298e-01  8.800000e+06  1.162696e-01
  8.860000e+06  1.167303e-01  8.920000e+06  1.181099e-01  8.980000e+06  1.199502e-01
  9.040000e+06  1.216399e-01  9.100000e+06  1.225707e-01  9.160000e+06  1.222206e-01
  9.220000e+06  1.203296e-01  9.280000e+06  1.169803e-01  9.340000e+06  1.125606e-01
  9.400000e+06  1.076801e-01  9.460000e+06  1.029492e-01  9.520000e+06  9.890744e-02
  9.580000e+06  9.596150e-02  9.640000e+06  9.444011e-02  9.700000e+06  9.459780e-02
  9.760000e+06  9.663250e-02  9.820000e+06  1.006595e-01  9.880000e+06  1.065993e-01
  9.940000e+06  1.139597e-01  1.000000e+07  1.216000e-01  1.001430e+07  1.230464e-01
  1.006000e+07  1.280913e-01  1.012000e+07  1.311461e-01  1.018000e+07  1.293718e-01
  1.024000e+07  1.210501e-01  1.030000e+07  1.114895e-01  1.036000e+07  1.011301e-01
  1.042000e+07  9.138258e-02  1.048000e+07  8.298093e-02  1.054000e+07  7.616332e-02
  1.060000e+07  7.090819e-02  1.066000e+07  6.709926e-02  1.072000e+07  6.460720e-02
  1.078000e+07  6.332469e-02  1.084000e+07  6.317496e-02  1.090000e+07  6.409450e-02
  1.096000e+07  6.601068e-02  1.102000e+07  6.876318e-02  1.108000e+07  7.206320e-02
  1.114000e+07  7.547832e-02  1.120000e+07  7.832709e-02  1.126000e+07  7.986729e-02
  1.132000e+07  7.958037e-02  1.138000e+07  7.743370e-02  1.138600e+07  7.708025e-02
  1.144000e+07  7.389922e-02  1.150000e+07  6.969909e-02  1.156000e+07  6.550126e-02
  1.162000e+07  6.177246e-02  1.168000e+07  5.875650e-02  1.174000e+07  5.654790e-02
  1.180000e+07  5.514966e-02  1.186000e+07  5.452680e-02  1.187840e+07  5.455823e-02
  1.192000e+07  5.479561e-02  1.198000e+07  5.581230e-02  1.204000e+07  5.696271e-02
  1.210000e+07  5.915502e-02  1.216000e+07  6.181690e-02  1.222000e+07  6.483016e-02
  1.228000e+07  6.802892e-02  1.234000e+07  7.119160e-02  1.240000e+07  7.405274e-02
  1.246000e+07  7.631709e-02  1.252000e+07  7.772026e-02  1.258000e+07  7.806860e-02
  1.264000e+07  7.730014e-02  1.270000e+07  7.548621e-02  1.276000e+07  7.282028e-02
  1.282000e+07  6.956073e-02  1.288000e+07  6.597920e-02  1.294000e+07  6.231534e-02
  1.300000e+07  5.875727e-02  1.306000e+07  5.691022e-02  1.312000e+07  5.537824e-02
  1.318000e+07  5.420712e-02  1.324000e+07  5.342293e-02  1.330000e+07  5.303467e-02
  1.336000e+07  5.305136e-02  1.342000e+07  5.348602e-02  1.348000e+07  5.436205e-02
  1.354000e+07  5.572442e-02  1.360000e+07  5.763260e-02  1.366000e+07  6.015355e-02
  1.372000e+07  6.328763e-02  1.378000e+07  6.681985e-02  1.384000e+07  7.013295e-02
  1.390000e+07  7.232818e-02  1.396000e+07  7.297824e-02  1.402000e+07  7.265150e-02
  1.408000e+07  7.227487e-02  1.414000e+07  7.232971e-02  1.420000e+07  7.298994e-02
  1.426000e+07  7.424464e-02  1.432000e+07  7.603690e-02  1.438000e+07  7.833142e-02
  1.444000e+07  8.113761e-02  1.450000e+07  8.453442e-02  1.456000e+07  8.868626e-02
  1.462000e+07  9.383004e-02  1.468000e+07  9.990787e-02  1.474000e+07  1.054990e-01
  1.480000e+07  1.086994e-01  1.486000e+07  1.108411e-01  1.492000e+07  1.141207e-01
  1.498000e+07  1.205086e-01  1.500000e+07  1.279592e-01
