NMSAlphaLE
JENDL
           688
  1.000000e-05  0.000000e+00  2.000000e+05  0.000000e+00  2.600000e+05  3.289100e-08
  2.800000e+05  3.305000e-08  3.000000e+05  5.000900e-08  3.200000e+05  9.077800e-08
  3.400000e+05  1.740200e-07  3.600000e+05  3.572100e-07  3.800000e+05  7.295600e-07
  4.000000e+05  1.573700e-06  4.200000e+05  3.487600e-06  4.400000e+05  7.974700e-06
  4.600000e+05  1.926800e-05  4.800000e+05  4.703800e-05  5.000000e+05  1.047500e-04
  5.200000e+05  1.648700e-04  5.400000e+05  1.721900e-04  5.600000e+05  1.512900e-04
  5.800000e+05  1.324600e-04  6.000000e+05  1.303400e-04  6.145000e+05  3.788000e-04
  6.171000e+05  6.503400e-04  6.200000e+05  5.472400e-04  6.400000e+05  1.427300e-04
  6.600000e+05  1.250400e-04  6.800000e+05  1.263600e-04  7.000000e+05  1.316200e-04
  7.200000e+05  1.390200e-04  7.400000e+05  1.489700e-04  7.600000e+05  1.610500e-04
  7.800000e+05  1.749200e-04  8.000000e+05  1.897700e-04  8.200000e+05  2.092600e-04
  8.400000e+05  2.305900e-04  8.600000e+05  2.534600e-04  8.800000e+05  2.815400e-04
  9.000000e+05  3.095300e-04  9.200000e+05  3.422400e-04  9.400000e+05  3.799500e-04
  9.600000e+05  4.225900e-04  9.800000e+05  4.685000e-04  1.000000e+06  5.183000e-04
  1.020000e+06  5.772600e-04  1.040000e+06  6.516100e-04  1.060000e+06  7.168900e-04
  1.080000e+06  7.995800e-04  1.100000e+06  8.966900e-04  1.120000e+06  1.005600e-03
  1.140000e+06  1.111100e-03  1.160000e+06  1.254900e-03  1.180000e+06  1.412300e-03
  1.200000e+06  1.576500e-03  1.220000e+06  1.785300e-03  1.240000e+06  2.029600e-03
  1.260000e+06  2.315700e-03  1.280000e+06  2.627000e-03  1.300000e+06  3.026300e-03
  1.320000e+06  3.463500e-03  1.340000e+06  3.976000e-03  1.360000e+06  4.623500e-03
  1.380000e+06  5.407700e-03  1.400000e+06  6.449200e-03  1.420000e+06  7.613900e-03
  1.440000e+06  9.261800e-03  1.460000e+06  1.125000e-02  1.480000e+06  1.382200e-02
  1.500000e+06  1.708400e-02  1.520000e+06  2.064900e-02  1.540000e+06  2.436700e-02
  1.560000e+06  2.764300e-02  1.580000e+06  2.986300e-02  1.600000e+06  3.165800e-02
  1.620000e+06  3.363500e-02  1.640000e+06  3.655300e-02  1.660000e+06  4.086600e-02
  1.680000e+06  4.689800e-02  1.700000e+06  5.529900e-02  1.720000e+06  6.558000e-02
  1.740000e+06  7.800000e-02  1.760000e+06  1.010000e-01  1.780000e+06  1.360040e-01
  1.800000e+06  2.027120e-01  1.820000e+06  2.250020e-01  1.840000e+06  2.629960e-01
  1.860000e+06  2.859970e-01  1.880000e+06  2.993210e-01  1.900000e+06  2.966460e-01
  1.920000e+06  2.669980e-01  1.940000e+06  2.410000e-01  1.960000e+06  2.236210e-01
  1.980000e+06  2.107260e-01  2.000000e+06  2.010000e-01  2.020000e+06  1.933470e-01
  2.040000e+06  1.873490e-01  2.060000e+06  1.828060e-01  2.080000e+06  1.794740e-01
  2.100000e+06  1.771160e-01  2.120000e+06  1.754400e-01  2.140000e+06  1.741730e-01
  2.160000e+06  1.730300e-01  2.180000e+06  1.717330e-01  2.200000e+06  1.700000e-01
  2.220000e+06  1.676340e-01  2.240000e+06  1.647700e-01  2.260000e+06  1.616290e-01
  2.280000e+06  1.584280e-01  2.300000e+06  1.553900e-01  2.320000e+06  1.527260e-01
  2.340000e+06  1.504790e-01  2.360000e+06  1.485310e-01  2.380000e+06  1.467510e-01
  2.400000e+06  1.450130e-01  2.405060e+06  1.445508e-01  2.420000e+06  1.431881e-01
  2.440000e+06  1.411480e-01  2.460000e+06  1.389188e-01  2.480000e+06  1.401307e-01
  2.500000e+06  1.520135e-01  2.520000e+06  1.600504e-01  2.540000e+06  1.401532e-01
  2.560000e+06  1.420221e-01  2.580000e+06  1.544999e-01  2.600000e+06  1.480278e-01
  2.620000e+06  1.339646e-01  2.640000e+06  1.309305e-01  2.660000e+06  1.300363e-01
  2.680000e+06  1.277722e-01  2.700000e+06  1.168381e-01  2.720000e+06  1.110859e-01
  2.740000e+06  1.147588e-01  2.760000e+06  1.120946e-01  2.780000e+06  1.020535e-01
  2.800000e+06  9.627731e-02  2.820000e+06  9.522016e-02  2.820150e+06  9.522879e-02
  2.840000e+06  9.685255e-02  2.860000e+06  9.824457e-02  2.880000e+06  9.836260e-02
  2.894000e+06  9.782781e-02  2.900000e+06  9.752098e-02  2.920000e+06  9.606220e-02
  2.932000e+06  9.515213e-02  2.940000e+06  9.455862e-02  2.960000e+06  9.332584e-02
  2.970000e+06  9.295745e-02  2.980000e+06  9.260480e-02  3.000000e+06  9.241349e-02
  3.008000e+06  9.252617e-02  3.020000e+06  9.271157e-02  3.040000e+06  9.345658e-02
  3.046000e+06  9.379799e-02  3.060000e+06  9.460907e-02  3.080000e+06  9.610977e-02
  3.084000e+06  9.645690e-02  3.100000e+06  9.785439e-02  3.120000e+06  9.972024e-02
  3.122000e+06  9.990662e-02  3.140000e+06  1.015839e-01  3.160000e+06  1.033274e-01
  3.180000e+06  1.048202e-01  3.198000e+06  1.058478e-01  3.200000e+06  1.059594e-01
  3.220000e+06  1.067360e-01  3.236000e+06  1.071941e-01  3.240000e+06  1.073014e-01
  3.260000e+06  1.077771e-01  3.274000e+06  1.081647e-01  3.280000e+06  1.083176e-01
  3.300000e+06  1.090495e-01  3.312000e+06  1.097064e-01  3.320000e+06  1.101249e-01
  3.340000e+06  1.116673e-01  3.350000e+06  1.126814e-01  3.360000e+06  1.136707e-01
  3.380000e+06  1.159733e-01  3.388000e+06  1.169579e-01  3.400000e+06  1.184059e-01
  3.420000e+06  1.208082e-01  3.426000e+06  1.214779e-01  3.440000e+06  1.230094e-01
  3.460000e+06  1.249863e-01  3.464000e+06  1.253565e-01  3.480000e+06  1.268056e-01
  3.500000e+06  1.285781e-01  3.502000e+06  1.287603e-01  3.520000e+06  1.303700e-01
  3.540000e+06  1.322966e-01  3.560000e+06  1.344221e-01  3.578000e+06  1.365977e-01
  3.580000e+06  1.368372e-01  3.600000e+06  1.394927e-01  3.616000e+06  1.417860e-01
  3.620000e+06  1.423557e-01  3.640000e+06  1.453603e-01  3.654000e+06  1.475427e-01
  3.660000e+06  1.484743e-01  3.680000e+06  1.518495e-01  3.692000e+06  1.542551e-01
  3.700000e+06  1.558570e-01  3.720000e+06  1.608347e-01  3.730000e+06  1.636646e-01
  3.740000e+06  1.664995e-01  3.760000e+06  1.719223e-01  3.768000e+06  1.736106e-01
  3.780000e+06  1.761687e-01  3.800000e+06  1.783472e-01  3.806000e+06  1.785993e-01
  3.820000e+06  1.792738e-01  3.840000e+06  1.812784e-01  3.844000e+06  1.823775e-01
  3.860000e+06  1.870444e-01  3.880000e+06  1.988230e-01  3.882000e+06  2.008460e-01
  3.900000e+06  2.199478e-01  3.920000e+06  2.536910e-01  3.940000e+06  3.065975e-01
  3.958000e+06  3.621334e-01  3.960000e+06  3.686298e-01  3.980000e+06  4.089331e-01
  3.996000e+06  4.079038e-01  4.000000e+06  4.061256e-01  4.020000e+06  3.788342e-01
  4.034000e+06  3.541163e-01  4.040000e+06  3.444173e-01  4.060000e+06  3.261175e-01
  4.072000e+06  3.209637e-01  4.080000e+06  3.170829e-01  4.100000e+06  3.159710e-01
  4.110000e+06  3.178601e-01  4.120000e+06  3.187773e-01  4.140000e+06  3.237717e-01
  4.148000e+06  3.265255e-01  4.160000e+06  3.301547e-01  4.180000e+06  3.364133e-01
  4.186000e+06  3.377359e-01  4.200000e+06  3.407417e-01  4.220000e+06  3.420256e-01
  4.224000e+06  3.421723e-01  4.240000e+06  3.428652e-01  4.260000e+06  3.466012e-01
  4.262000e+06  3.474538e-01  4.280000e+06  3.552882e-01  4.300000e+06  3.649132e-01
  4.320000e+06  3.704871e-01  4.338000e+06  3.711926e-01  4.340000e+06  3.712852e-01
  4.360000e+06  3.714412e-01  4.376000e+06  3.742700e-01  4.380000e+06  3.749991e-01
  4.400000e+06  3.847446e-01  4.414000e+06  3.934844e-01  4.420000e+06  3.972489e-01
  4.440000e+06  4.078170e-01  4.452000e+06  4.117219e-01  4.460000e+06  4.143266e-01
  4.480000e+06  4.174684e-01  4.490000e+06  4.177143e-01  4.500000e+06  4.179418e-01
  4.520000e+06  4.165167e-01  4.528000e+06  4.155039e-01  4.540000e+06  4.139641e-01
  4.560000e+06  4.109709e-01  4.566000e+06  4.100783e-01  4.580000e+06  4.080037e-01
  4.600000e+06  4.054391e-01  4.604000e+06  4.050819e-01  4.620000e+06  4.037077e-01
  4.640000e+06  4.031479e-01  4.642000e+06  4.033701e-01  4.660000e+06  4.054724e-01
  4.680000e+06  4.087563e-01  4.700000e+06  4.128604e-01  4.718000e+06  4.169116e-01
  4.720000e+06  4.173786e-01  4.740000e+06  4.221824e-01  4.756000e+06  4.260357e-01
  4.760000e+06  4.270328e-01  4.780000e+06  4.325662e-01  4.794000e+06  4.372834e-01
  4.800000e+06  4.393392e-01  4.820000e+06  4.474017e-01  4.832000e+06  4.525464e-01
  4.840000e+06  4.559777e-01  4.860000e+06  4.643629e-01  4.870000e+06  4.681715e-01
  4.880000e+06  4.719185e-01  4.900000e+06  4.785656e-01  4.908000e+06  4.809040e-01
  4.920000e+06  4.842853e-01  4.940000e+06  4.891668e-01  4.946000e+06  4.904195e-01
  4.960000e+06  4.931688e-01  4.980000e+06  4.964405e-01  4.984000e+06  4.969724e-01
  5.000000e+06  4.988959e-01  5.020000e+06  5.007863e-01  5.022000e+06  5.009391e-01
  5.040000e+06  5.020892e-01  5.060000e+06  5.032040e-01  5.080000e+06  5.041125e-01
  5.098000e+06  5.051453e-01  5.100000e+06  5.052393e-01  5.120000e+06  5.066089e-01
  5.136000e+06  5.082078e-01  5.140000e+06  5.085744e-01  5.160000e+06  5.112372e-01
  5.174000e+06  5.137557e-01  5.180000e+06  5.148005e-01  5.200000e+06  5.189461e-01
  5.212000e+06  5.220718e-01  5.220000e+06  5.241291e-01  5.240000e+06  5.292004e-01
  5.250000e+06  5.315050e-01  5.260000e+06  5.337973e-01  5.280000e+06  5.375538e-01
  5.288000e+06  5.385768e-01  5.300000e+06  5.401164e-01  5.320000e+06  5.411383e-01
  5.326000e+06  5.409721e-01  5.340000e+06  5.406075e-01  5.360000e+06  5.388626e-01
  5.364000e+06  5.383360e-01  5.380000e+06  5.362709e-01  5.400000e+06  5.331516e-01
  5.402000e+06  5.329056e-01  5.420000e+06  5.307524e-01  5.440000e+06  5.283430e-01
  5.460000e+06  5.261909e-01  5.478000e+06  5.245636e-01  5.480000e+06  5.243944e-01
  5.500000e+06  5.232251e-01  5.516000e+06  5.228464e-01  5.520000e+06  5.227853e-01
  5.540000e+06  5.233559e-01  5.554000e+06  5.244938e-01  5.560000e+06  5.250569e-01
  5.580000e+06  5.281391e-01  5.592000e+06  5.306226e-01  5.600000e+06  5.324183e-01
  5.620000e+06  5.392944e-01  5.630000e+06  5.437660e-01  5.640000e+06  5.484134e-01
  5.660000e+06  5.732661e-01  5.668000e+06  5.796184e-01  5.680000e+06  5.892072e-01
  5.689640e+06  5.986632e-01  5.700000e+06  6.202474e-01  5.706000e+06  6.253763e-01
  5.720000e+06  6.269914e-01  5.740000e+06  6.269567e-01  5.744000e+06  6.265580e-01
  5.760000e+06  6.248548e-01  5.780000e+06  6.210589e-01  5.782000e+06  6.205500e-01
  5.800000e+06  6.165147e-01  5.820000e+06  6.099700e-01  5.840000e+06  6.034063e-01
  5.858000e+06  5.975404e-01  5.860000e+06  5.968598e-01  5.880000e+06  5.905007e-01
  5.896000e+06  5.861182e-01  5.900000e+06  5.849539e-01  5.920000e+06  5.803217e-01
  5.934000e+06  5.778414e-01  5.940000e+06  5.766824e-01  5.960000e+06  5.737352e-01
  5.972000e+06  5.723880e-01  5.980000e+06  5.713678e-01  6.000000e+06  5.693443e-01
  6.010000e+06  5.685550e-01  6.020000e+06  5.676144e-01  6.040000e+06  5.658723e-01
  6.048000e+06  5.651498e-01  6.060000e+06  5.639707e-01  6.080000e+06  5.617936e-01
  6.086000e+06  5.610985e-01  6.100000e+06  5.594489e-01  6.120000e+06  5.570603e-01
  6.124000e+06  5.565960e-01  6.140000e+06  5.548204e-01  6.160000e+06  5.527959e-01
  6.162000e+06  5.526238e-01  6.180000e+06  5.513094e-01  6.200000e+06  5.502400e-01
  6.220000e+06  5.501079e-01  6.238000e+06  5.505309e-01  6.240000e+06  5.506136e-01
  6.260000e+06  5.519574e-01  6.276000e+06  5.533804e-01  6.280000e+06  5.537604e-01
  6.300000e+06  5.559642e-01  6.314000e+06  5.576707e-01  6.320000e+06  5.583615e-01
  6.340000e+06  5.607851e-01  6.352000e+06  5.622464e-01  6.360000e+06  5.630621e-01
  6.380000e+06  5.650404e-01  6.390000e+06  5.659295e-01  6.400000e+06  5.670936e-01
  6.420000e+06  5.677299e-01  6.428000e+06  5.679220e-01  6.440000e+06  5.681423e-01
  6.460000e+06  5.684224e-01  6.466000e+06  5.685004e-01  6.480000e+06  5.684080e-01
  6.500000e+06  5.683040e-01  6.504000e+06  5.682982e-01  6.520000e+06  5.680792e-01
  6.540000e+06  5.679595e-01  6.542000e+06  5.679665e-01  6.560000e+06  5.679213e-01
  6.580000e+06  5.681300e-01  6.600000e+06  5.684219e-01  6.618000e+06  5.691554e-01
  6.620000e+06  5.692100e-01  6.640000e+06  5.699650e-01  6.656000e+06  5.707298e-01
  6.660000e+06  5.708812e-01  6.680000e+06  5.718043e-01  6.694000e+06  5.725421e-01
  6.700000e+06  5.727724e-01  6.720000e+06  5.736552e-01  6.732000e+06  5.742376e-01
  6.740000e+06  5.744817e-01  6.760000e+06  5.751449e-01  6.770000e+06  5.754950e-01
  6.780000e+06  5.757577e-01  6.800000e+06  5.762752e-01  6.808000e+06  5.759642e-01
  6.820000e+06  5.758081e-01  6.840000e+06  5.755219e-01  6.846000e+06  5.754232e-01
  6.860000e+06  5.749172e-01  6.880000e+06  5.741514e-01  6.884000e+06  5.739904e-01
  6.900000e+06  5.731305e-01  6.920000e+06  5.720097e-01  6.922000e+06  5.718930e-01
  6.940000e+06  5.707320e-01  6.960000e+06  5.694000e-01  6.980000e+06  5.682548e-01
  6.998000e+06  5.667400e-01  7.000000e+06  5.666637e-01  7.020000e+06  5.652655e-01
  7.036000e+06  5.641918e-01  7.040000e+06  5.639403e-01  7.060000e+06  5.627519e-01
  7.074000e+06  5.619984e-01  7.080000e+06  5.617031e-01  7.100000e+06  5.608328e-01
  7.112000e+06  5.603976e-01  7.120000e+06  5.601647e-01  7.140000e+06  5.597516e-01
  7.150000e+06  5.596450e-01  7.160000e+06  5.596324e-01  7.180000e+06  5.598211e-01
  7.188000e+06  5.599902e-01  7.200000e+06  5.604027e-01  7.220000e+06  5.612902e-01
  7.226000e+06  5.616326e-01  7.240000e+06  5.626122e-01  7.260000e+06  5.642515e-01
  7.264000e+06  5.646322e-01  7.280000e+06  5.663448e-01  7.300000e+06  5.687255e-01
  7.302000e+06  5.689912e-01  7.320000e+06  5.715864e-01  7.340000e+06  5.747100e-01
  7.360000e+06  5.783416e-01  7.378000e+06  5.818261e-01  7.380000e+06  5.822399e-01
  7.400000e+06  5.866548e-01  7.416000e+06  5.902996e-01  7.420000e+06  5.912692e-01
  7.440000e+06  5.963843e-01  7.454000e+06  6.001349e-01  7.460000e+06  6.017966e-01
  7.480000e+06  6.075667e-01  7.492000e+06  6.111104e-01  7.500000e+06  6.134895e-01
  7.520000e+06  6.194982e-01  7.530000e+06  6.224850e-01  7.540000e+06  6.254111e-01
  7.560000e+06  6.311522e-01  7.568000e+06  6.333862e-01  7.580000e+06  6.366365e-01
  7.600000e+06  6.417817e-01  7.606000e+06  6.429626e-01  7.620000e+06  6.459011e-01
  7.640000e+06  6.496868e-01  7.644000e+06  6.503604e-01  7.660000e+06  6.526159e-01
  7.680000e+06  6.550643e-01  7.682000e+06  6.552778e-01  7.700000e+06  6.567648e-01
  7.720000e+06  6.581600e-01  7.740000e+06  6.589599e-01  7.758000e+06  6.595170e-01
  7.760000e+06  6.595513e-01  7.780000e+06  6.597979e-01  7.796000e+06  6.599400e-01
  7.800000e+06  6.598434e-01  7.820000e+06  6.599135e-01  7.834000e+06  6.599626e-01
  7.840000e+06  6.598891e-01  7.860000e+06  6.596839e-01  7.872000e+06  6.595527e-01
  7.910000e+06  6.581354e-01  7.948000e+06  6.567191e-01  7.986000e+06  6.553018e-01
  8.000000e+06  6.553149e-01  8.020000e+06  6.542918e-01  8.024000e+06  6.540867e-01
  8.040000e+06  6.536219e-01  8.060000e+06  6.530450e-01  8.062000e+06  6.529881e-01
  8.080000e+06  6.524637e-01  8.100000e+06  6.518900e-01  8.120000e+06  6.513051e-01
  8.138000e+06  6.507921e-01  8.140000e+06  6.507319e-01  8.160000e+06  6.501469e-01
  8.176000e+06  6.496941e-01  8.180000e+06  6.495815e-01  8.200000e+06  6.490396e-01
  8.214000e+06  6.493427e-01  8.220000e+06  6.494817e-01  8.240000e+06  6.499672e-01
  8.252000e+06  6.502716e-01  8.260000e+06  6.504576e-01  8.280000e+06  6.509454e-01
  8.290000e+06  6.512008e-01  8.300000e+06  6.514336e-01  8.320000e+06  6.519241e-01
  8.328000e+06  6.521296e-01  8.340000e+06  6.524099e-01  8.360000e+06  6.529031e-01
  8.366000e+06  6.530583e-01  8.380000e+06  6.535250e-01  8.400000e+06  6.542187e-01
  8.404000e+06  6.546194e-01  8.420000e+06  6.575214e-01  8.440000e+06  6.611779e-01
  8.442000e+06  6.615467e-01  8.460000e+06  6.648119e-01  8.480000e+06  6.684740e-01
  8.500000e+06  6.721004e-01  8.518000e+06  6.754011e-01  8.520000e+06  6.757597e-01
  8.540000e+06  6.793885e-01  8.556000e+06  6.823292e-01  8.560000e+06  6.830461e-01
  8.580000e+06  6.866783e-01  8.594000e+06  6.892566e-01  8.600000e+06  6.903831e-01
  8.620000e+06  6.945633e-01  8.632000e+06  6.971038e-01  8.640000e+06  6.987689e-01
  8.660000e+06  7.029876e-01  8.670000e+06  7.051234e-01  8.680000e+06  7.072095e-01
  8.700000e+06  7.114347e-01  8.708000e+06  7.131436e-01  8.720000e+06  7.156554e-01
  8.740000e+06  7.198838e-01  8.746000e+06  7.211631e-01  8.760000e+06  7.241047e-01
  8.780000e+06  7.283340e-01  8.784000e+06  7.291833e-01  8.800000e+06  7.323972e-01
  8.820000e+06  7.352261e-01  8.822000e+06  7.355070e-01  8.840000e+06  7.379228e-01
  8.860000e+06  7.405970e-01  8.880000e+06  7.432996e-01  8.898000e+06  7.456870e-01
  8.900000e+06  7.459626e-01  8.920000e+06  7.486684e-01  8.936000e+06  7.507770e-01
  8.940000e+06  7.513312e-01  8.960000e+06  7.540323e-01  8.974000e+06  7.558670e-01
  8.980000e+06  7.566159e-01  9.000000e+06  7.590322e-01  9.012000e+06  7.591788e-01
  9.020000e+06  7.591033e-01  9.040000e+06  7.588144e-01  9.050000e+06  7.586350e-01
  9.060000e+06  7.585314e-01  9.080000e+06  7.582341e-01  9.088000e+06  7.580912e-01
  9.100000e+06  7.579542e-01  9.120000e+06  7.576559e-01  9.126000e+06  7.575484e-01
  9.140000e+06  7.573768e-01  9.160000e+06  7.570716e-01  9.164000e+06  7.570046e-01
  9.180000e+06  7.567617e-01  9.200000e+06  7.564082e-01  9.202000e+06  7.562945e-01
  9.220000e+06  7.545324e-01  9.240000e+06  7.525744e-01  9.260000e+06  7.506070e-01
  9.278000e+06  7.488543e-01  9.280000e+06  7.486579e-01  9.300000e+06  7.466936e-01
  9.316000e+06  7.451334e-01  9.320000e+06  7.447369e-01  9.340000e+06  7.427735e-01
  9.354000e+06  7.414131e-01  9.360000e+06  7.408175e-01  9.380000e+06  7.388560e-01
  9.392000e+06  7.376935e-01  9.400000e+06  7.369469e-01  9.420000e+06  7.350904e-01
  9.430000e+06  7.341741e-01  9.440000e+06  7.332497e-01  9.460000e+06  7.314269e-01
  9.468000e+06  7.307085e-01  9.480000e+06  7.296007e-01  9.500000e+06  7.277803e-01
  9.506000e+06  7.272423e-01  9.520000e+06  7.259520e-01  9.540000e+06  7.241356e-01
  9.544000e+06  7.237773e-01  9.560000e+06  7.223051e-01  9.580000e+06  7.204907e-01
  9.582000e+06  7.203118e-01  9.600000e+06  7.187673e-01  9.620000e+06  7.173092e-01
  9.640000e+06  7.159384e-01  9.658000e+06  7.147227e-01  9.660000e+06  7.145839e-01
  9.680000e+06  7.132163e-01  9.696000e+06  7.121374e-01  9.700000e+06  7.118607e-01
  9.720000e+06  7.104953e-01  9.734000e+06  7.095514e-01  9.740000e+06  7.091373e-01
  9.760000e+06  7.077738e-01  9.772000e+06  7.069653e-01  9.780000e+06  7.064305e-01
  9.800000e+06  7.051086e-01  9.810000e+06  7.046206e-01  9.820000e+06  7.041749e-01
  9.840000e+06  7.032966e-01  9.848000e+06  7.029500e-01  9.860000e+06  7.024170e-01
  9.880000e+06  7.015396e-01  9.886000e+06  7.012799e-01  9.900000e+06  7.006592e-01
  9.920000e+06  6.997836e-01  9.924000e+06  6.996102e-01  9.940000e+06  6.989024e-01
  9.960000e+06  6.980267e-01  9.962000e+06  6.979401e-01  9.980000e+06  6.971452e-01
  1.000000e+07  6.962700e-01  1.020000e+07  7.023896e-01  1.040000e+07  7.080962e-01
  1.050000e+07  7.106650e-01  1.060000e+07  7.138066e-01  1.080000e+07  7.195138e-01
  1.100000e+07  7.247400e-01  1.120000e+07  7.244046e-01  1.140000e+07  7.236572e-01
  1.150000e+07  7.230600e-01  1.160000e+07  7.214828e-01  1.180000e+07  7.178874e-01
  1.200000e+07  7.138900e-01  1.220000e+07  7.111818e-01  1.240000e+07  7.081346e-01
  1.250000e+07  7.064650e-01  1.260000e+07  7.065556e-01  1.280000e+07  7.064418e-01
  1.300000e+07  7.060900e-01  1.320000e+07  7.098602e-01  1.340000e+07  7.134084e-01
  1.350000e+07  7.151145e-01  1.360000e+07  7.167330e-01  1.380000e+07  7.198620e-01
  1.400000e+07  7.229300e-01  1.420000e+07  7.221662e-01  1.440000e+07  7.213674e-01
  1.450000e+07  7.209399e-01  1.460000e+07  7.209191e-01  1.480000e+07  7.207995e-01
  1.500000e+07  7.205764e-01
