NMSAlphaLE
JENDL
           159
  1.000000e-05  0.000000e+00  1.000000e+06  0.000000e+00  1.040000e+06  1.189500e-06
  1.080000e+06  1.952100e-06  1.120000e+06  3.199900e-06  1.160000e+06  5.269900e-06
  1.200000e+06  8.776500e-06  1.238240e+06  1.464395e-05  1.240000e+06  1.492044e-05
  1.280000e+06  2.631970e-05  1.320000e+06  4.855397e-05  1.360000e+06  9.667124e-05
  1.400000e+06  2.188515e-04  1.440000e+06  6.221978e-04  1.480000e+06  2.564784e-03
  1.520000e+06  4.528830e-03  1.560000e+06  1.560277e-03  1.600000e+06  7.425428e-04
  1.640000e+06  4.677391e-04  1.680000e+06  3.467054e-04  1.720000e+06  2.854516e-04
  1.760000e+06  2.533479e-04  1.800000e+06  2.384242e-04  1.828210e+06  2.363269e-04
  1.840000e+06  2.355816e-04  1.880000e+06  2.427127e-04  1.920000e+06  2.613430e-04
  1.960000e+06  2.939292e-04  2.000000e+06  3.458055e-04  2.040000e+06  4.250218e-04
  2.080000e+06  5.516080e-04  2.120000e+06  7.781743e-04  2.160000e+06  1.674371e-03
  2.200000e+06  1.343117e-03  2.240000e+06  1.376763e-03  2.280000e+06  1.360709e-03
  2.320000e+06  1.166056e-03  2.360000e+06  9.448619e-04  2.400000e+06  7.803862e-04
  2.440000e+06  6.812254e-04  2.480000e+06  6.317697e-04  2.520000e+06  6.315300e-04
  2.560000e+06  6.736000e-04  2.600000e+06  7.627800e-04  2.640000e+06  9.129300e-04
  2.680000e+06  1.149700e-03  2.720000e+06  1.512401e-03  2.760000e+06  2.041704e-03
  2.800000e+06  2.723600e-03  2.840000e+06  3.443900e-03  2.880000e+06  4.186800e-03
  2.920000e+06  5.184500e-03  2.960000e+06  6.305900e-03  3.000000e+06  1.309602e-02
  3.040000e+06  1.130804e-02  3.080000e+06  9.181020e-03  3.120000e+06  7.717200e-03
  3.160000e+06  6.919900e-03  3.200000e+06  6.610600e-03  3.240000e+06  6.655900e-03
  3.280000e+06  6.978000e-03  3.320000e+06  7.531490e-03  3.360000e+06  8.287040e-03
  3.400000e+06  9.211770e-03  3.432320e+06  1.005796e-02  3.440000e+06  1.026110e-02
  3.480000e+06  1.137080e-02  3.482710e+06  1.144307e-02  3.520000e+06  1.245588e-02
  3.560000e+06  1.339325e-02  3.600000e+06  1.409675e-02  3.640000e+06  1.440103e-02
  3.680000e+06  1.457898e-02  3.720000e+06  1.462696e-02  3.760000e+06  1.468302e-02
  3.800000e+06  1.489599e-02  3.840000e+06  1.541399e-02  3.880000e+06  1.636101e-02
  3.920000e+06  1.779705e-02  3.960000e+06  1.963490e-02  4.000000e+06  2.155890e-02
  4.040000e+06  2.313490e-02  4.080000e+06  2.418100e-02  4.120000e+06  2.498500e-02
  4.160000e+06  2.607510e-02  4.200000e+06  2.786700e-02  4.240000e+06  3.050720e-02
  4.280000e+06  3.380400e-02  4.320000e+06  3.721660e-02  4.360000e+06  4.000590e-02
  4.400000e+06  4.165110e-02  4.440000e+06  4.222520e-02  4.480000e+06  4.230360e-02
  4.520000e+06  4.253740e-02  4.560000e+06  4.328730e-02  4.600000e+06  4.450590e-02
  4.640000e+06  4.578560e-02  4.680000e+06  4.656090e-02  4.720000e+06  4.638470e-02
  4.760000e+06  4.517510e-02  4.800000e+06  4.314950e-02  4.840000e+06  4.068460e-02
  4.880000e+06  3.813300e-02  4.920000e+06  3.573870e-02  4.960000e+06  3.599970e-02
  5.000000e+06  4.887020e-02  5.200000e+06  6.400160e-02  5.400000e+06  6.772250e-02
  5.600000e+06  7.034380e-02  5.800000e+06  7.219240e-02  6.000000e+06  7.357840e-02
  6.200000e+06  7.477190e-02  6.400000e+06  7.582820e-02  6.600000e+06  7.673390e-02
  6.800000e+06  7.750200e-02  7.000000e+06  7.812000e-02  7.200000e+06  7.858220e-02
  7.400000e+06  7.881640e-02  7.425790e+06  7.880788e-02  7.600000e+06  7.875030e-02
  7.800000e+06  7.829413e-02  8.000000e+06  7.738162e-02  8.155050e+06  7.629364e-02
  8.200000e+06  7.597825e-02  8.400000e+06  7.427990e-02  8.600000e+06  7.255221e-02
  8.800000e+06  7.104659e-02  9.000000e+06  7.000841e-02  9.200000e+06  6.962414e-02
  9.400000e+06  6.975647e-02  9.600000e+06  7.018765e-02  9.800000e+06  7.071021e-02
  1.000000e+07  7.111164e-02  1.020000e+07  7.119560e-02  1.040000e+07  7.084787e-02
  1.060000e+07  6.998393e-02  1.080000e+07  6.850188e-02  1.100000e+07  6.631834e-02
  1.120000e+07  6.340227e-02  1.140000e+07  5.999162e-02  1.160000e+07  5.638280e-02
  1.180000e+07  5.287880e-02  1.180860e+07  5.274556e-02  1.200000e+07  4.978010e-02
  1.220000e+07  4.732091e-02  1.240000e+07  4.547317e-02  1.260000e+07  4.414539e-02
  1.280000e+07  4.324071e-02  1.300000e+07  4.267021e-02  1.320000e+07  4.234970e-02
  1.340000e+07  4.225344e-02  1.360000e+07  4.236491e-02  1.380000e+07  4.266793e-02
  1.400000e+07  4.315016e-02  1.420000e+07  4.378510e-02  1.440000e+07  4.451541e-02
  1.460000e+07  4.527471e-02  1.480000e+07  4.599533e-02  1.500000e+07  4.661183e-02
