NMSAlphaLE
JENDL
           689
  1.000000e-05  0.000000e+00  1.000000e+06  0.000000e+00  1.010000e+06  3.781600e-06
  1.020000e+06  4.143800e-06  1.030000e+06  4.542500e-06  1.040000e+06  4.981100e-06
  1.050000e+06  5.464100e-06  1.060000e+06  5.996000e-06  1.070000e+06  6.582400e-06
  1.080000e+06  7.228900e-06  1.090000e+06  7.942300e-06  1.100000e+06  8.730100e-06
  1.110000e+06  9.600600e-06  1.120000e+06  1.056300e-05  1.130000e+06  1.162800e-05
  1.140000e+06  1.280800e-05  1.150000e+06  1.411600e-05  1.160000e+06  1.556600e-05
  1.170000e+06  1.717800e-05  1.180000e+06  1.897000e-05  1.190000e+06  2.096500e-05
  1.200000e+06  2.319000e-05  1.210000e+06  2.517600e-05  1.220000e+06  2.735900e-05
  1.230000e+06  2.976400e-05  1.240000e+06  3.241800e-05  1.250000e+06  3.535300e-05
  1.260000e+06  3.861000e-05  1.270000e+06  4.223400e-05  1.280000e+06  4.628000e-05
  1.290000e+06  5.081300e-05  1.300000e+06  5.591400e-05  1.310000e+06  6.168200e-05
  1.320000e+06  6.823900e-05  1.330000e+06  7.574200e-05  1.340000e+06  8.438600e-05
  1.350000e+06  9.442900e-05  1.360000e+06  1.062100e-04  1.370000e+06  1.201800e-04
  1.380000e+06  1.369800e-04  1.390000e+06  1.574800e-04  1.400000e+06  1.829500e-04
  1.410000e+06  2.124600e-04  1.420000e+06  2.507300e-04  1.430000e+06  3.020300e-04
  1.440000e+06  3.735700e-04  1.450000e+06  4.786000e-04  1.460000e+06  6.433100e-04
  1.470000e+06  9.260900e-04  1.480000e+06  1.479400e-03  1.490000e+06  2.811800e-03
  1.500000e+06  7.540200e-03  1.510000e+06  5.267900e-02  1.520000e+06  5.399300e-02
  1.530000e+06  8.842600e-03  1.540000e+06  4.182100e-03  1.550000e+06  3.572300e-03
  1.560000e+06  5.977200e-03  1.570000e+06  3.458200e-02  1.580000e+06  3.513800e-02
  1.590000e+06  5.973700e-03  1.600000e+06  2.706800e-03  1.610000e+06  1.724500e-03
  1.620000e+06  1.305500e-03  1.630000e+06  1.092300e-03  1.640000e+06  9.746300e-04
  1.650000e+06  9.087600e-04  1.660000e+06  8.746100e-04  1.670000e+06  8.618600e-04
  1.680000e+06  8.648500e-04  1.690000e+06  8.803300e-04  1.700000e+06  9.064300e-04
  1.710000e+06  9.421700e-04  1.720000e+06  9.870800e-04  1.730000e+06  1.041200e-03
  1.740000e+06  1.104700e-03  1.750000e+06  1.178300e-03  1.760000e+06  1.262900e-03
  1.770000e+06  1.359400e-03  1.780000e+06  1.469400e-03  1.790000e+06  1.594600e-03
  1.800000e+06  1.737200e-03  1.810000e+06  1.886300e-03  1.820000e+06  2.056100e-03
  1.830000e+06  2.249900e-03  1.840000e+06  2.472000e-03  1.850000e+06  2.727600e-03
  1.860000e+06  3.022900e-03  1.870000e+06  3.365900e-03  1.880000e+06  3.766700e-03
  1.890000e+06  4.237800e-03  1.900000e+06  4.795600e-03  1.910000e+06  5.461200e-03
  1.920000e+06  6.262200e-03  1.930000e+06  7.235300e-03  1.940000e+06  8.429900e-03
  1.950000e+06  9.913200e-03  1.960000e+06  1.177800e-02  1.970000e+06  1.415500e-02
  1.980000e+06  1.723000e-02  1.990000e+06  2.126500e-02  2.000000e+06  2.664800e-02
  2.010000e+06  3.378700e-02  2.020000e+06  4.352800e-02  2.030000e+06  5.679600e-02
  2.040000e+06  7.438000e-02  2.050000e+06  9.585400e-02  2.060000e+06  1.174500e-01
  2.070000e+06  1.310800e-01  2.080000e+06  1.296000e-01  2.090000e+06  1.148200e-01
  2.100000e+06  9.487000e-02  2.110000e+06  7.610400e-02  2.120000e+06  6.085200e-02
  2.130000e+06  4.915200e-02  2.140000e+06  4.032800e-02  2.150000e+06  3.366100e-02
  2.160000e+06  2.857300e-02  2.170000e+06  2.464200e-02  2.180000e+06  2.156300e-02
  2.190000e+06  1.912200e-02  2.200000e+06  1.716600e-02  2.210000e+06  1.552400e-02
  2.220000e+06  1.418400e-02  2.230000e+06  1.308100e-02  2.240000e+06  1.217200e-02
  2.250000e+06  1.141900e-02  2.260000e+06  1.079700e-02  2.270000e+06  1.028500e-02
  2.280000e+06  9.867400e-03  2.290000e+06  9.532200e-03  2.300000e+06  9.269900e-03
  2.310000e+06  9.073400e-03  2.320000e+06  8.937700e-03  2.330000e+06  8.859400e-03
  2.340000e+06  8.836200e-03  2.350000e+06  8.867800e-03  2.360000e+06  8.954500e-03
  2.370000e+06  9.098400e-03  2.380000e+06  9.303000e-03  2.390000e+06  9.573100e-03
  2.400000e+06  9.915600e-03  2.410000e+06  1.030700e-02  2.420000e+06  1.078800e-02
  2.430000e+06  1.137400e-02  2.440000e+06  1.208300e-02  2.450000e+06  1.294000e-02
  2.460000e+06  1.397500e-02  2.470000e+06  1.522900e-02  2.480000e+06  1.675600e-02
  2.490000e+06  1.862500e-02  2.500000e+06  2.093000e-02  2.510000e+06  2.379700e-02
  2.520000e+06  2.739500e-02  2.530000e+06  3.194400e-02  2.540000e+06  3.773500e-02
  2.550000e+06  4.513000e-02  2.560000e+06  5.452100e-02  2.570000e+06  6.620900e-02
  2.580000e+06  8.008100e-02  2.590000e+06  9.503200e-02  2.600000e+06  1.083800e-01
  2.610000e+06  1.162800e-01  2.620000e+06  1.158900e-01  2.630000e+06  1.076600e-01
  2.640000e+06  9.488500e-02  2.650000e+06  8.114900e-02  2.660000e+06  6.863300e-02
  2.670000e+06  5.814500e-02  2.680000e+06  4.971200e-02  2.690000e+06  4.305700e-02
  2.700000e+06  3.784300e-02  2.710000e+06  3.376600e-02  2.720000e+06  3.057800e-02
  2.730000e+06  2.809300e-02  2.740000e+06  2.616700e-02  2.750000e+06  2.469500e-02
  2.760000e+06  2.359800e-02  2.770000e+06  2.281900e-02  2.780000e+06  2.231900e-02
  2.790000e+06  2.207000e-02  2.800000e+06  2.205700e-02  2.810000e+06  2.222900e-02
  2.820000e+06  2.263000e-02  2.830000e+06  2.326800e-02  2.840000e+06  2.416200e-02
  2.850000e+06  2.533600e-02  2.860000e+06  2.682500e-02  2.870000e+06  2.867400e-02
  2.880000e+06  3.093400e-02  2.890000e+06  3.366200e-02  2.900000e+06  3.691800e-02
  2.910000e+06  4.074500e-02  2.920000e+06  4.514800e-02  2.930000e+06  5.005700e-02
  2.938270e+06  5.437394e-02  2.940000e+06  5.527764e-02  2.950000e+06  5.540432e-02
  2.960000e+06  5.959800e-02  2.970000e+06  6.267850e-02  2.980000e+06  5.834120e-02
  2.990000e+06  5.808350e-02  3.000000e+06  5.637400e-02  3.010000e+06  5.364200e-02
  3.020000e+06  5.034400e-02  3.030000e+06  4.692100e-02  3.040000e+06  4.368700e-02
  3.050000e+06  4.082800e-02  3.060000e+06  3.843000e-02  3.070000e+06  3.652200e-02
  3.080000e+06  3.510100e-02  3.090000e+06  3.415500e-02  3.100000e+06  3.367500e-02
  3.110000e+06  3.366800e-02  3.120000e+06  3.415400e-02  3.130000e+06  3.518200e-02
  3.140000e+06  3.682700e-02  3.150000e+06  3.919900e-02  3.160000e+06  4.243100e-02
  3.170000e+06  4.665600e-02  3.180000e+06  5.192200e-02  3.190000e+06  5.801200e-02
  3.200000e+06  6.419100e-02  3.210000e+06  6.909100e-02  3.220000e+06  7.120900e-02
  3.230000e+06  6.998500e-02  3.240000e+06  6.629000e-02  3.250000e+06  6.165800e-02
  3.260000e+06  5.730400e-02  3.270000e+06  5.381600e-02  3.280000e+06  5.134300e-02
  3.290000e+06  4.981900e-02  3.300000e+06  4.911800e-02  3.310000e+06  4.911400e-02
  3.320000e+06  4.970400e-02  3.330000e+06  5.080700e-02  3.340000e+06  5.236100e-02
  3.350000e+06  5.431900e-02  3.360000e+06  5.664000e-02  3.370000e+06  5.929000e-02
  3.380000e+06  6.222900e-02  3.390000e+06  6.541100e-02  3.400000e+06  6.878300e-02
  3.410000e+06  7.227600e-02  3.420000e+06  7.580800e-02  3.430000e+06  7.928500e-02
  3.440000e+06  8.259800e-02  3.450000e+06  8.563900e-02  3.460000e+06  8.830300e-02
  3.470000e+06  9.050200e-02  3.480000e+06  9.217100e-02  3.490000e+06  9.328300e-02
  3.500000e+06  9.384600e-02  3.510000e+06  9.396700e-02  3.520000e+06  9.364800e-02
  3.530000e+06  9.298800e-02  3.540000e+06  9.209900e-02  3.550000e+06  9.110700e-02
  3.560000e+06  9.014400e-02  3.570000e+06  8.934900e-02  3.580000e+06  8.886200e-02
  3.590000e+06  8.883900e-02  3.600000e+06  8.945400e-02  3.610000e+06  9.092800e-02
  3.620000e+06  9.354200e-02  3.630000e+06  9.768400e-02  3.640000e+06  1.038700e-01
  3.650000e+06  1.127900e-01  3.660000e+06  1.251900e-01  3.670000e+06  1.414000e-01
  3.680000e+06  1.601400e-01  3.690000e+06  1.766900e-01  3.700000e+06  1.836800e-01
  3.710000e+06  1.773700e-01  3.720000e+06  1.622000e-01  3.730000e+06  1.454200e-01
  3.740000e+06  1.312900e-01  3.750000e+06  1.209200e-01  3.760000e+06  1.139200e-01
  3.770000e+06  1.096300e-01  3.780000e+06  1.074300e-01  3.790000e+06  1.068600e-01
  3.800000e+06  1.075700e-01  3.810000e+06  1.093400e-01  3.820000e+06  1.119900e-01
  3.830000e+06  1.153800e-01  3.840000e+06  1.194100e-01  3.850000e+06  1.239800e-01
  3.860000e+06  1.289700e-01  3.870000e+06  1.342700e-01  3.880000e+06  1.397300e-01
  3.890000e+06  1.452000e-01  3.900000e+06  1.504900e-01  3.910000e+06  1.554300e-01
  3.920000e+06  1.598000e-01  3.930000e+06  1.634100e-01  3.940000e+06  1.661200e-01
  3.950000e+06  1.678100e-01  3.960000e+06  1.684300e-01  3.970000e+06  1.679900e-01
  3.980000e+06  1.665500e-01  3.990000e+06  1.642600e-01  4.000000e+06  1.612600e-01
  4.010000e+06  1.576848e-01  4.020000e+06  1.537738e-01  4.030000e+06  1.497264e-01
  4.040000e+06  1.457432e-01  4.050000e+06  1.419560e-01  4.060000e+06  1.385580e-01
  4.070000e+06  1.356634e-01  4.080000e+06  1.334073e-01  4.090000e+06  1.319463e-01
  4.100000e+06  1.314584e-01  4.110000e+06  1.321337e-01  4.120000e+06  1.342047e-01
  4.130000e+06  1.379880e-01  4.140000e+06  1.438432e-01  4.150000e+06  1.521233e-01
  4.160000e+06  1.629982e-01  4.170000e+06  1.760798e-01  4.180000e+06  1.897963e-01
  4.190000e+06  2.012306e-01  4.200000e+06  2.069970e-01  4.210000e+06  2.058710e-01
  4.220000e+06  1.998360e-01  4.230000e+06  1.925830e-01  4.240000e+06  1.871590e-01
  4.250000e+06  1.852460e-01  4.260000e+06  1.874270e-01  4.270000e+06  1.936420e-01
  4.280000e+06  2.032920e-01  4.290000e+06  2.150200e-01  4.300000e+06  2.264780e-01
  4.310000e+06  2.345210e-01  4.320000e+06  2.362360e-01  4.330000e+06  2.305630e-01
  4.340000e+06  2.187870e-01  4.350000e+06  2.037040e-01  4.360000e+06  1.879870e-01
  4.370000e+06  1.734630e-01  4.380000e+06  1.609430e-01  4.390000e+06  1.506030e-01
  4.400000e+06  1.423150e-01  4.410000e+06  1.358300e-01  4.420000e+06  1.308540e-01
  4.430000e+06  1.271360e-01  4.440000e+06  1.244540e-01  4.450000e+06  1.226280e-01
  4.460000e+06  1.215200e-01  4.470000e+06  1.210350e-01  4.480000e+06  1.210460e-01
  4.490000e+06  1.215100e-01  4.500000e+06  1.223540e-01  4.510000e+06  1.234130e-01
  4.520000e+06  1.247560e-01  4.530000e+06  1.263610e-01  4.540000e+06  1.281760e-01
  4.550000e+06  1.301780e-01  4.560000e+06  1.323460e-01  4.570000e+06  1.346480e-01
  4.580000e+06  1.370610e-01  4.590000e+06  1.395430e-01  4.600000e+06  1.420810e-01
  4.610000e+06  1.446520e-01  4.620000e+06  1.472140e-01  4.630000e+06  1.497630e-01
  4.640000e+06  1.522460e-01  4.650000e+06  1.546590e-01  4.660000e+06  1.569890e-01
  4.670000e+06  1.591710e-01  4.680000e+06  1.612340e-01  4.690000e+06  1.631330e-01
  4.700000e+06  1.648460e-01  4.710000e+06  1.664010e-01  4.720000e+06  1.677460e-01
  4.730000e+06  1.689290e-01  4.740000e+06  1.699210e-01  4.750000e+06  1.707520e-01
  4.760000e+06  1.714240e-01  4.770000e+06  1.719920e-01  4.780000e+06  1.724580e-01
  4.790000e+06  1.728890e-01  4.800000e+06  1.733340e-01  4.810000e+06  1.738540e-01
  4.820000e+06  1.745200e-01  4.830000e+06  1.754410e-01  4.840000e+06  1.767410e-01
  4.850000e+06  1.785760e-01  4.860000e+06  1.811670e-01  4.870000e+06  1.847620e-01
  4.880000e+06  1.896510e-01  4.890000e+06  1.962400e-01  4.900000e+06  2.048850e-01
  4.910000e+06  2.157470e-01  4.920000e+06  2.284020e-01  4.930000e+06  2.412280e-01
  4.940000e+06  2.510900e-01  4.950000e+06  2.543880e-01  4.960000e+06  2.495710e-01
  4.970000e+06  2.385070e-01  4.980000e+06  2.248740e-01  4.990000e+06  2.116750e-01
  5.000000e+06  1.603680e-01  5.010000e+06  1.540854e-01  5.020000e+06  1.495356e-01
  5.030000e+06  1.465050e-01  5.040000e+06  1.447544e-01  5.050000e+06  1.440929e-01
  5.060000e+06  1.443391e-01  5.070000e+06  1.453610e-01  5.080000e+06  1.470354e-01
  5.090000e+06  1.492329e-01  5.100000e+06  1.517524e-01  5.110000e+06  1.544323e-01
  5.120000e+06  1.570206e-01  5.130000e+06  1.592595e-01  5.140000e+06  1.609500e-01
  5.150000e+06  1.619155e-01  5.160000e+06  1.621009e-01  5.167700e+06  1.616612e-01
  5.170000e+06  1.615298e-01  5.180000e+06  1.603568e-01  5.190000e+06  1.587482e-01
  5.200000e+06  1.569236e-01  5.210000e+06  1.550161e-01  5.220000e+06  1.531972e-01
  5.230000e+06  1.515423e-01  5.240000e+06  1.501094e-01  5.250000e+06  1.489405e-01
  5.260000e+06  1.480126e-01  5.270000e+06  1.473337e-01  5.280000e+06  1.468889e-01
  5.290000e+06  1.466970e-01  5.300000e+06  1.467571e-01  5.310000e+06  1.471243e-01
  5.320000e+06  1.479275e-01  5.330000e+06  1.496166e-01  5.340000e+06  1.535249e-01
  5.350000e+06  1.645772e-01  5.360000e+06  1.900349e-01  5.370000e+06  1.744709e-01
  5.380000e+06  1.578087e-01  5.390000e+06  1.525508e-01  5.400000e+06  1.506899e-01
  5.410000e+06  1.500173e-01  5.420000e+06  1.498596e-01  5.430000e+06  1.499754e-01
  5.440000e+06  1.502738e-01  5.450000e+06  1.507206e-01  5.460000e+06  1.513030e-01
  5.470000e+06  1.520528e-01  5.480000e+06  1.529795e-01  5.490000e+06  1.541169e-01
  5.500000e+06  1.555293e-01  5.510000e+06  1.572125e-01  5.520000e+06  1.592760e-01
  5.530000e+06  1.617607e-01  5.540000e+06  1.647200e-01  5.550000e+06  1.682235e-01
  5.560000e+06  1.722616e-01  5.570000e+06  1.768483e-01  5.580000e+06  1.818821e-01
  5.590000e+06  1.871668e-01  5.600000e+06  1.923764e-01  5.610000e+06  1.970381e-01
  5.620000e+06  2.006058e-01  5.630000e+06  2.025288e-01  5.640000e+06  2.023818e-01
  5.650000e+06  1.999968e-01  5.660000e+06  1.956102e-01  5.670000e+06  1.895675e-01
  5.680000e+06  1.824602e-01  5.690000e+06  1.748376e-01  5.700000e+06  1.671432e-01
  5.710000e+06  1.596961e-01  5.720000e+06  1.526718e-01  5.730000e+06  1.462157e-01
  5.740000e+06  1.403113e-01  5.750000e+06  1.349880e-01  5.760000e+06  1.302091e-01
  5.770000e+06  1.259103e-01  5.780000e+06  1.220560e-01  5.790000e+06  1.186194e-01
  5.800000e+06  1.155394e-01  5.810000e+06  1.127795e-01  5.820000e+06  1.103302e-01
  5.830000e+06  1.081403e-01  5.840000e+06  1.061991e-01  5.850000e+06  1.045001e-01
  5.860000e+06  1.030107e-01  5.870000e+06  1.017292e-01  5.880000e+06  1.006594e-01
  5.890000e+06  9.978130e-02  5.900000e+06  9.909970e-02  5.910000e+06  9.861800e-02
  5.920000e+06  9.833360e-02  5.930000e+06  9.825930e-02  5.940000e+06  9.839790e-02
  5.950000e+06  9.876500e-02  5.960000e+06  9.936850e-02  5.970000e+06  1.002304e-01
  5.980000e+06  1.013602e-01  5.990000e+06  1.027899e-01  6.000000e+06  1.045304e-01
  6.050000e+06  1.185404e-01  6.100000e+06  1.419297e-01  6.150000e+06  1.633400e-01
  6.200000e+06  1.581898e-01  6.250000e+06  1.306400e-01  6.300000e+06  1.039095e-01
  6.350000e+06  8.528200e-02  6.400000e+06  7.318050e-02  6.450000e+06  6.532830e-02
  6.486270e+06  6.164951e-02  6.500000e+06  6.025690e-02  6.550000e+06  5.706970e-02
  6.600000e+06  5.554550e-02  6.650000e+06  5.572102e-02  6.700000e+06  5.811786e-02
  6.746710e+06  6.383819e-02  6.750000e+06  6.424110e-02  6.800000e+06  7.711320e-02
  6.850000e+06  1.002802e-01  6.900000e+06  1.191097e-01  6.950000e+06  1.067395e-01
  7.000000e+06  9.010732e-02  7.050000e+06  8.342070e-02  7.100000e+06  8.519440e-02
  7.150000e+06  9.269800e-02  7.200000e+06  1.037003e-01  7.250000e+06  1.145105e-01
  7.300000e+06  1.200305e-01  7.350000e+06  1.178597e-01  7.400000e+06  1.113208e-01
  7.450000e+06  1.058999e-01  7.500000e+06  1.056194e-01  7.543030e+06  1.121694e-01
  7.550000e+06  1.132304e-01  7.600000e+06  1.290398e-01  7.650000e+06  1.485503e-01
  7.700000e+06  1.577098e-01  7.750000e+06  1.463097e-01  7.800000e+06  1.245199e-01
  7.850000e+06  1.056705e-01  7.900000e+06  9.396250e-02  7.950000e+06  8.892750e-02
  8.000000e+06  8.923000e-02  8.050000e+06  9.308540e-02  8.100000e+06  9.755380e-02
  8.150000e+06  9.853490e-02  8.200000e+06  9.383000e-02  8.250000e+06  8.529610e-02
  8.300000e+06  7.632760e-02  8.350000e+06  6.898004e-02  8.400000e+06  6.383586e-02
  8.450000e+06  6.080148e-02  8.500000e+06  5.966043e-02  8.550000e+06  6.023848e-02
  8.600000e+06  6.253838e-02  8.650000e+06  6.660121e-02  8.700000e+06  7.243074e-02
  8.750000e+06  7.977161e-02  8.800000e+06  8.775691e-02  8.850000e+06  9.474990e-02
  8.900000e+06  9.891840e-02  8.950000e+06  9.956640e-02  9.000000e+06  9.780448e-02
  9.050000e+06  9.551268e-02  9.100000e+06  9.439938e-02  9.150000e+06  9.505553e-02
  9.200000e+06  9.697287e-02  9.250000e+06  9.865732e-02  9.300000e+06  9.830810e-02
  9.350000e+06  9.503225e-02  9.400000e+06  8.953076e-02  9.450000e+06  8.331897e-02
  9.500000e+06  7.770861e-02  9.550000e+06  7.330491e-02  9.600000e+06  7.041749e-02
  9.650000e+06  6.908397e-02  9.700000e+06  6.927832e-02  9.750000e+06  7.098530e-02
  9.800000e+06  7.414394e-02  9.850000e+06  7.848744e-02  9.900000e+06  8.330062e-02
  9.950000e+06  8.729412e-02  1.000000e+07  8.901001e-02  1.005000e+07  8.765628e-02
  1.008000e+07  8.549159e-02  1.010000e+07  8.404846e-02  1.015000e+07  7.952167e-02
  1.020000e+07  7.517021e-02  1.025000e+07  7.154789e-02  1.030000e+07  6.879838e-02
  1.035000e+07  6.686844e-02  1.040000e+07  6.563704e-02  1.045000e+07  6.497661e-02
  1.050000e+07  6.478446e-02  1.055000e+07  6.488024e-02  1.060000e+07  6.528665e-02
  1.065000e+07  6.595667e-02  1.070000e+07  6.684594e-02  1.075000e+07  6.792254e-02
  1.080000e+07  6.916074e-02  1.085000e+07  7.053820e-02  1.090000e+07  7.204079e-02
  1.095000e+07  7.365110e-02  1.100000e+07  7.535114e-02  1.105000e+07  7.699741e-02
  1.110000e+07  7.870821e-02  1.115000e+07  8.047521e-02  1.120000e+07  8.228300e-02
  1.125000e+07  8.412682e-02  1.130000e+07  8.599650e-02  1.135000e+07  8.788288e-02
  1.140000e+07  8.977215e-02  1.145000e+07  9.166681e-02  1.150000e+07  9.354942e-02
  1.155000e+07  9.529007e-02  1.160000e+07  9.700018e-02  1.165000e+07  9.867913e-02
  1.170000e+07  1.003267e-01  1.175000e+07  1.019360e-01  1.180000e+07  1.035053e-01
  1.185000e+07  1.050417e-01  1.190000e+07  1.065385e-01  1.195000e+07  1.079967e-01
  1.200000e+07  1.094356e-01  1.205000e+07  1.107733e-01  1.210000e+07  1.120870e-01
  1.215000e+07  1.133822e-01  1.220000e+07  1.146762e-01  1.225000e+07  1.159535e-01
  1.230000e+07  1.172327e-01  1.235000e+07  1.185192e-01  1.240000e+07  1.198245e-01
  1.245000e+07  1.211594e-01  1.250000e+07  1.225285e-01  1.255000e+07  1.237236e-01
  1.260000e+07  1.249691e-01  1.265000e+07  1.262444e-01  1.270000e+07  1.275717e-01
  1.275000e+07  1.289518e-01  1.280000e+07  1.303858e-01  1.285000e+07  1.318661e-01
  1.290000e+07  1.334115e-01  1.295000e+07  1.350160e-01  1.300000e+07  1.366692e-01
  1.305000e+07  1.382488e-01  1.310000e+07  1.398880e-01  1.315000e+07  1.415607e-01
  1.320000e+07  1.432793e-01  1.325000e+07  1.450540e-01  1.330000e+07  1.468577e-01
  1.335000e+07  1.486795e-01  1.340000e+07  1.505319e-01  1.345000e+07  1.524022e-01
  1.350000e+07  1.542756e-01  1.355000e+07  1.558898e-01  1.360000e+07  1.574870e-01
  1.365000e+07  1.590686e-01  1.370000e+07  1.606059e-01  1.375000e+07  1.620970e-01
  1.380000e+07  1.635401e-01  1.385000e+07  1.649342e-01  1.390000e+07  1.662646e-01
  1.395000e+07  1.675188e-01  1.400000e+07  1.687086e-01  1.405000e+07  1.695435e-01
  1.410000e+07  1.702912e-01  1.415000e+07  1.709519e-01  1.417450e+07  1.712186e-01
  1.420000e+07  1.714961e-01  1.425000e+07  1.719749e-01  1.430000e+07  1.723630e-01
  1.435000e+07  1.726681e-01  1.440000e+07  1.728905e-01  1.445000e+07  1.730267e-01
  1.450000e+07  1.730930e-01  1.455000e+07  1.727201e-01  1.460000e+07  1.722919e-01
  1.465000e+07  1.717879e-01  1.470000e+07  1.712199e-01  1.475000e+07  1.706129e-01
  1.480000e+07  1.699359e-01  1.485000e+07  1.692421e-01  1.490000e+07  1.685239e-01
  1.495000e+07  1.677631e-01  1.500000e+07  1.669864e-01
