NMSAlphaLE
JENDL
           848
  1.000000e-05  0.000000e+00  7.800000e+05  0.000000e+00  7.931000e+05  4.048000e-06
  8.546100e+05  1.262200e-05  9.161200e+05  3.654600e-05  9.407300e+05  5.467400e-05
  9.653300e+05  8.062200e-05  9.899400e+05  1.170400e-04  1.002200e+06  1.402700e-04
  1.014500e+06  1.679700e-04  1.026800e+06  2.031600e-04  1.039100e+06  2.659300e-04
  1.040400e+06  2.778700e-04  1.041600e+06  2.926500e-04  1.042800e+06  3.115800e-04
  1.044100e+06  3.369100e-04  1.045300e+06  3.726200e-04  1.046500e+06  4.262700e-04
  1.047800e+06  5.137400e-04  1.049000e+06  6.727300e-04  1.050200e+06  1.010000e-03
  1.051500e+06  1.912400e-03  1.052100e+06  2.999300e-03  1.052700e+06  5.162000e-03
  1.052800e+06  5.781500e-03  1.052900e+06  6.459800e-03  1.053100e+06  7.178000e-03
  1.053200e+06  7.902100e-03  1.053300e+06  8.579500e-03  1.053400e+06  9.142600e-03
  1.053500e+06  9.521200e-03  1.053700e+06  9.660200e-03  1.053800e+06  9.538500e-03
  1.053900e+06  9.176500e-03  1.054200e+06  7.963900e-03  1.054400e+06  6.540700e-03
  1.054700e+06  5.253200e-03  1.054900e+06  4.215300e-03  1.055100e+06  3.417400e-03
  1.055400e+06  2.812400e-03  1.055600e+06  2.352800e-03  1.055900e+06  2.000300e-03
  1.056100e+06  1.726500e-03  1.056400e+06  1.510900e-03  1.056600e+06  1.338900e-03
  1.056900e+06  1.200000e-03  1.057100e+06  1.086400e-03  1.057400e+06  9.924900e-04
  1.057600e+06  9.141700e-04  1.058800e+06  6.672700e-04  1.060100e+06  5.446400e-04
  1.061300e+06  4.761700e-04  1.062500e+06  4.349100e-04  1.063800e+06  4.087700e-04
  1.066200e+06  3.804000e-04  1.068700e+06  3.681900e-04  1.071100e+06  3.638800e-04
  1.073600e+06  3.639200e-04  1.076100e+06  3.665700e-04  1.082200e+06  3.793900e-04
  1.088400e+06  3.967200e-04  1.094500e+06  4.162200e-04  1.100700e+06  4.369300e-04
  1.106800e+06  4.583200e-04  1.113000e+06  4.800600e-04  1.119100e+06  5.019500e-04
  1.125300e+06  5.238100e-04  1.131400e+06  5.455000e-04  1.137600e+06  5.669000e-04
  1.143700e+06  5.879100e-04  1.149900e+06  6.084600e-04  1.156000e+06  6.284700e-04
  1.162200e+06  6.478800e-04  1.168300e+06  6.666500e-04  1.174500e+06  6.847600e-04
  1.176900e+06  6.918100e-04  1.179400e+06  6.987900e-04  1.181900e+06  7.056100e-04
  1.184300e+06  7.122800e-04  1.186800e+06  7.189300e-04  1.189200e+06  7.254200e-04
  1.191700e+06  7.318300e-04  1.194200e+06  7.380800e-04  1.196600e+06  7.442500e-04
  1.199100e+06  7.503300e-04  1.201500e+06  7.562500e-04  1.204000e+06  7.620900e-04
  1.206500e+06  7.678500e-04  1.208900e+06  7.735200e-04  1.211400e+06  7.790500e-04
  1.217500e+06  7.924800e-04  1.223700e+06  8.054200e-04  1.229800e+06  8.177400e-04
  1.236000e+06  8.295700e-04  1.248300e+06  8.519500e-04  1.260600e+06  8.729300e-04
  1.272900e+06  8.928700e-04  1.285200e+06  9.124400e-04  1.297500e+06  9.327100e-04
  1.309800e+06  9.580500e-04  1.322100e+06  1.027900e-03  1.328300e+06  1.324200e-03
  1.329500e+06  1.607100e-03  1.330700e+06  2.417700e-03  1.331300e+06  3.554600e-03
  1.331900e+06  6.731300e-03  1.332600e+06  1.999300e-02  1.333200e+06  3.908900e-02
  1.333800e+06  1.185900e-02  1.334400e+06  5.492000e-03  1.335000e+06  4.086200e-03
  1.335600e+06  4.528600e-03  1.336200e+06  6.243600e-03  1.336400e+06  6.427500e-03
  1.336500e+06  6.429000e-03  1.336600e+06  6.240000e-03  1.336700e+06  5.896200e-03
  1.336900e+06  5.459200e-03  1.337500e+06  3.426400e-03  1.338100e+06  2.401300e-03
  1.338700e+06  1.912800e-03  1.339300e+06  1.649800e-03  1.339900e+06  1.491900e-03
  1.340600e+06  1.389000e-03  1.346700e+06  1.108400e-03  1.352900e+06  1.067400e-03
  1.359000e+06  1.058900e-03  1.365200e+06  1.060200e-03  1.371300e+06  1.065800e-03
  1.377500e+06  1.073600e-03  1.383600e+06  1.082700e-03  1.395900e+06  1.104000e-03
  1.408200e+06  1.128200e-03  1.420500e+06  1.154900e-03  1.432800e+06  1.184200e-03
  1.445100e+06  1.216000e-03  1.457400e+06  1.250600e-03  1.469700e+06  1.288200e-03
  1.482000e+06  1.329000e-03  1.494300e+06  1.373300e-03  1.506600e+06  1.421400e-03
  1.518900e+06  1.473700e-03  1.531200e+06  1.530300e-03  1.543500e+06  1.591900e-03
  1.555800e+06  1.659100e-03  1.568100e+06  1.734000e-03  1.580500e+06  2.177800e-03
  1.592800e+06  1.896700e-03  1.605100e+06  1.986500e-03  1.617400e+06  2.086900e-03
  1.629700e+06  2.196600e-03  1.642000e+06  2.316500e-03  1.654300e+06  2.447600e-03
  1.666600e+06  2.591900e-03  1.678900e+06  2.751800e-03  1.691200e+06  2.932000e-03
  1.703500e+06  3.143700e-03  1.709600e+06  3.270700e-03  1.715800e+06  3.424900e-03
  1.721900e+06  3.630900e-03  1.728100e+06  3.930100e-03  1.729300e+06  4.002300e-03
  1.730500e+06  4.076200e-03  1.731800e+06  4.149500e-03  1.733000e+06  4.218300e-03
  1.734200e+06  4.278700e-03  1.735500e+06  4.326700e-03  1.736700e+06  4.359500e-03
  1.737900e+06  4.376500e-03  1.739100e+06  4.379100e-03  1.740400e+06  4.370500e-03
  1.742800e+06  4.334900e-03  1.745300e+06  4.296700e-03  1.747800e+06  4.270100e-03
  1.750200e+06  4.259300e-03  1.752700e+06  4.263100e-03  1.758800e+06  4.321300e-03
  1.765000e+06  4.424000e-03  1.771100e+06  4.553300e-03  1.777300e+06  4.700900e-03
  1.789600e+06  5.037100e-03  1.801900e+06  5.420300e-03  1.814200e+06  5.849900e-03
  1.826500e+06  6.328100e-03  1.838800e+06  6.858600e-03  1.851100e+06  7.447400e-03
  1.863400e+06  8.100700e-03  1.875700e+06  8.825800e-03  1.888000e+06  9.631200e-03
  1.900300e+06  1.052800e-02  1.924900e+06  1.265200e-02  1.949500e+06  1.536100e-02
  1.974100e+06  1.897500e-02  1.998700e+06  2.418100e-02  2.023300e+06  3.247700e-02
  2.047900e+06  4.490800e-02  2.072500e+06  5.427900e-02  2.097100e+06  4.909300e-02
  2.121800e+06  4.059300e-02  2.146400e+06  3.766400e-02  2.158700e+06  3.892200e-02
  2.171000e+06  4.251300e-02  2.183300e+06  4.906300e-02  2.195600e+06  5.895700e-02
  2.207900e+06  7.115600e-02  2.220200e+06  8.201800e-02  2.226300e+06  8.544600e-02
  2.232500e+06  8.707200e-02  2.238600e+06  8.693200e-02  2.244800e+06  8.535200e-02
  2.250900e+06  8.278200e-02  2.257100e+06  7.966100e-02  2.263200e+06  7.633700e-02
  2.269400e+06  7.307400e-02  2.281700e+06  6.725900e-02  2.294000e+06  6.280600e-02
  2.306300e+06  5.981900e-02  2.318600e+06  5.831000e-02  2.330900e+06  5.833700e-02
  2.343200e+06  6.006200e-02  2.355500e+06  6.372700e-02  2.367800e+06  6.944500e-02
  2.380100e+06  7.684400e-02  2.392400e+06  8.479500e-02  2.398600e+06  8.793800e-02
  2.404700e+06  8.928200e-02  2.410900e+06  8.792900e-02  2.417000e+06  8.374100e-02
  2.418200e+06  8.261600e-02  2.419500e+06  8.141500e-02  2.420700e+06  8.014200e-02
  2.421900e+06  7.881800e-02  2.423200e+06  7.744700e-02  2.424400e+06  7.603200e-02
  2.425600e+06  7.459400e-02  2.426800e+06  7.313300e-02  2.428100e+06  7.166200e-02
  2.429300e+06  7.018200e-02  2.435500e+06  6.294700e-02  2.441600e+06  5.632600e-02
  2.447800e+06  5.057900e-02  2.453900e+06  4.572000e-02  2.460100e+06  4.167200e-02
  2.466200e+06  3.831500e-02  2.478500e+06  3.320700e-02  2.490800e+06  2.962200e-02
  2.503100e+06  2.704500e-02  2.515400e+06  2.516000e-02  2.527700e+06  2.379100e-02
  2.540000e+06  2.288700e-02  2.552300e+06  2.258900e-02  2.564600e+06  2.366100e-02
  2.570800e+06  2.560600e-02  2.576900e+06  3.017100e-02  2.583100e+06  4.126700e-02
  2.589200e+06  6.340300e-02  2.591700e+06  7.091500e-02  2.594200e+06  7.222400e-02
  2.596600e+06  6.716300e-02  2.599100e+06  5.921100e-02  2.601500e+06  5.144000e-02
  2.604000e+06  4.505500e-02  2.607700e+06  3.813900e-02  2.613800e+06  3.139300e-02
  2.620000e+06  2.779000e-02  2.626100e+06  2.571400e-02  2.632300e+06  2.448400e-02
  2.638400e+06  2.381800e-02  2.644600e+06  2.366200e-02  2.650800e+06  2.421300e-02
  2.656900e+06  2.633800e-02  2.663100e+06  3.422100e-02  2.664300e+06  3.789800e-02
  2.665500e+06  4.319300e-02  2.666700e+06  5.100100e-02  2.668000e+06  6.260700e-02
  2.669200e+06  7.920900e-02  2.670400e+06  9.920300e-02  2.671700e+06  1.128200e-01
  2.672900e+06  1.076300e-01  2.674100e+06  8.840200e-02  2.675400e+06  6.883800e-02
  2.676600e+06  5.440300e-02  2.677800e+06  4.468900e-02  2.679000e+06  3.821300e-02
  2.680300e+06  3.380800e-02  2.681500e+06  3.072500e-02  2.682700e+06  2.850600e-02
  2.684000e+06  2.686500e-02  2.685200e+06  2.562400e-02  2.686400e+06  2.466500e-02
  2.687700e+06  2.391100e-02  2.693800e+06  2.182200e-02  2.700000e+06  2.098900e-02
  2.706100e+06  2.065800e-02  2.712300e+06  2.061700e-02  2.718400e+06  2.081800e-02
  2.724600e+06  2.130900e-02  2.730700e+06  2.226600e-02  2.736900e+06  2.416100e-02
  2.743000e+06  2.844600e-02  2.749200e+06  4.096500e-02  2.750400e+06  4.606500e-02
  2.751600e+06  5.280000e-02  2.752900e+06  6.159200e-02  2.754100e+06  7.260800e-02
  2.755300e+06  8.511500e-02  2.756500e+06  9.612500e-02  2.757800e+06  1.011300e-01
  2.759000e+06  9.734300e-02  2.760200e+06  8.693800e-02  2.761500e+06  7.458200e-02
  2.767600e+06  3.945000e-02  2.773800e+06  3.208400e-02  2.779900e+06  3.334800e-02
  2.786100e+06  4.305300e-02  2.792200e+06  7.988300e-02  2.793500e+06  9.661000e-02
  2.794700e+06  1.195500e-01  2.795900e+06  1.500900e-01  2.797100e+06  1.869500e-01
  2.798400e+06  2.215000e-01  2.799600e+06  2.366300e-01  2.800800e+06  2.214600e-01
  2.802100e+06  1.860300e-01  2.803300e+06  1.479300e-01  2.804500e+06  1.163900e-01
  2.805800e+06  9.281700e-02  2.807000e+06  7.574800e-02  2.808200e+06  6.338900e-02
  2.809400e+06  5.433000e-02  2.810700e+06  4.757200e-02  2.816800e+06  3.084700e-02
  2.823000e+06  2.490700e-02  2.829100e+06  2.221300e-02  2.835300e+06  2.079900e-02
  2.841400e+06  1.998700e-02  2.847600e+06  1.949700e-02  2.853700e+06  1.919600e-02
  2.859900e+06  1.901500e-02  2.866000e+06  1.891600e-02  2.872200e+06  1.887500e-02
  2.878300e+06  1.887900e-02  2.884500e+06  1.891900e-02  2.890600e+06  1.899000e-02
  2.896800e+06  1.908900e-02  2.902900e+06  1.921300e-02  2.909100e+06  1.936400e-02
  2.915200e+06  1.954000e-02  2.921400e+06  1.974300e-02  2.927600e+06  1.997700e-02
  2.933700e+06  2.024400e-02  2.939900e+06  2.055100e-02  2.946000e+06  2.090300e-02
  2.952200e+06  2.131000e-02  2.958300e+06  2.178300e-02  2.964500e+06  2.233800e-02
  2.970600e+06  2.299800e-02  2.976800e+06  2.379000e-02  2.982900e+06  2.475500e-02
  2.989100e+06  2.594400e-02  2.995200e+06  2.743100e-02  3.001400e+06  2.930600e-02
  3.007500e+06  3.168600e-02  3.013700e+06  3.469600e-02  3.019800e+06  3.842700e-02
  3.026000e+06  4.284400e-02  3.032100e+06  4.762900e-02  3.038300e+06  5.208400e-02
  3.044400e+06  5.526800e-02  3.046900e+06  5.601800e-02  3.049300e+06  5.644200e-02
  3.050600e+06  5.653400e-02  3.051800e+06  5.655200e-02  3.053000e+06  5.649600e-02
  3.054300e+06  5.637800e-02  3.055500e+06  5.619600e-02  3.056700e+06  5.595700e-02
  3.058000e+06  5.567200e-02  3.059200e+06  5.534500e-02  3.060400e+06  5.498000e-02
  3.061600e+06  5.458800e-02  3.062900e+06  5.417600e-02  3.069000e+06  5.192000e-02
  3.075200e+06  4.971500e-02  3.081300e+06  4.782300e-02  3.093600e+06  4.522100e-02
  3.105900e+06  4.405700e-02  3.118200e+06  4.400500e-02  3.130500e+06  4.482100e-02
  3.142800e+06  4.637200e-02  3.155100e+06  4.860600e-02  3.167400e+06  5.151800e-02
  3.179700e+06  5.516800e-02  3.192100e+06  5.963900e-02  3.204400e+06  6.504700e-02
  3.216700e+06  7.152300e-02  3.229000e+06  7.920300e-02  3.241300e+06  8.817100e-02
  3.253600e+06  9.837000e-02  3.265900e+06  1.094300e-01  3.278200e+06  1.204600e-01
  3.290500e+06  1.298000e-01  3.302800e+06  1.352200e-01  3.315100e+06  1.346300e-01
  3.327400e+06  1.273800e-01  3.339700e+06  1.150600e-01  3.352000e+06  1.008800e-01
  3.364300e+06  8.866500e-02  3.376600e+06  8.306400e-02  3.379000e+06  8.339200e-02
  3.381500e+06  8.442000e-02  3.384000e+06  8.627800e-02  3.386400e+06  8.909300e-02
  3.388900e+06  9.295800e-02  3.391300e+06  9.788700e-02  3.393800e+06  1.037000e-01
  3.395000e+06  1.067900e-01  3.396300e+06  1.098800e-01  3.397500e+06  1.128200e-01
  3.398700e+06  1.154700e-01  3.400000e+06  1.176300e-01  3.401200e+06  1.191400e-01
  3.402400e+06  1.198400e-01  3.403600e+06  1.196200e-01  3.404900e+06  1.184300e-01
  3.406100e+06  1.163100e-01  3.407300e+06  1.133400e-01  3.408600e+06  1.096600e-01
  3.409800e+06  1.054400e-01  3.411000e+06  1.008600e-01  3.412300e+06  9.610100e-02
  3.413500e+06  9.128600e-02  3.414700e+06  8.653600e-02  3.416000e+06  8.193600e-02
  3.417200e+06  7.754500e-02  3.418400e+06  7.339200e-02  3.419600e+06  6.949600e-02
  3.420900e+06  6.586600e-02  3.422100e+06  6.249200e-02  3.423300e+06  5.936600e-02
  3.424600e+06  5.647300e-02  3.425800e+06  5.379400e-02  3.428300e+06  4.903000e-02
  3.430700e+06  4.493700e-02  3.433200e+06  4.140300e-02  3.435600e+06  3.833300e-02
  3.438100e+06  3.564600e-02  3.444200e+06  3.021000e-02  3.450400e+06  2.608300e-02
  3.456500e+06  2.284000e-02  3.462700e+06  2.022100e-02  3.475000e+06  1.625000e-02
  3.487300e+06  1.338800e-02  3.499600e+06  1.124400e-02  3.511900e+06  9.598200e-03
  3.524200e+06  8.313000e-03  3.536500e+06  7.298900e-03  3.548800e+06  6.494800e-03
  3.561100e+06  5.859300e-03  3.573400e+06  5.366100e-03  3.585700e+06  5.005100e-03
  3.598000e+06  4.797000e-03  3.610300e+06  4.894700e-03  3.622600e+06  7.424900e-03
  3.634900e+06  7.059900e-03  3.647200e+06  4.137800e-03  3.659500e+06  4.548700e-03
  3.671800e+06  5.573900e-03  3.684100e+06  4.381400e-03  3.690300e+06  4.089700e-03
  3.696400e+06  6.363400e-03  3.702600e+06  2.758800e-02  3.703800e+06  4.496700e-02
  3.705100e+06  7.338400e-02  3.706300e+06  9.575800e-02  3.707500e+06  8.114200e-02
  3.708700e+06  5.370100e-02  3.710000e+06  3.505700e-02  3.711200e+06  2.428500e-02
  3.712400e+06  1.793100e-02  3.713700e+06  1.397100e-02  3.714900e+06  1.136300e-02
  3.721000e+06  5.996000e-03  3.727200e+06  4.391300e-03  3.733400e+06  3.690100e-03
  3.739500e+06  3.315800e-03  3.745700e+06  3.090000e-03  3.758000e+06  2.839100e-03
  3.770300e+06  2.708200e-03  3.782600e+06  2.630900e-03  3.794900e+06  2.581300e-03
  3.807200e+06  2.547800e-03  3.819500e+06  2.524300e-03  3.831800e+06  2.507400e-03
  3.844100e+06  2.495400e-03  3.856400e+06  2.487600e-03  3.868700e+06  2.484400e-03
  3.881000e+06  2.487700e-03  3.893300e+06  2.500900e-03  3.905600e+06  2.529900e-03
  3.917900e+06  2.584000e-03  3.930200e+06  2.676600e-03  3.942500e+06  2.826200e-03
  3.954800e+06  3.055700e-03  3.967100e+06  3.389400e-03  3.979400e+06  3.848000e-03
  3.991700e+06  4.442900e-03  3.997900e+06  4.792800e-03  4.004000e+06  5.178500e-03
  4.010200e+06  5.603500e-03  4.016300e+06  6.072600e-03  4.022500e+06  6.599800e-03
  4.028600e+06  7.206500e-03  4.034800e+06  7.934300e-03  4.040500e+06  8.778000e-03
  4.040900e+06  8.854100e-03  4.047100e+06  1.009200e-02  4.053200e+06  1.188400e-02
  4.059400e+06  1.465700e-02  4.065500e+06  1.909100e-02  4.068000e+06  2.161600e-02
  4.071700e+06  2.540300e-02  4.075400e+06  2.804200e-02  4.077800e+06  2.980200e-02
  4.080300e+06  2.763500e-02  4.085200e+06  2.330000e-02  4.087700e+06  2.113300e-02
  4.090100e+06  1.896400e-02  4.096300e+06  1.515000e-02  4.102400e+06  1.133400e-02
  4.108600e+06  1.015100e-02  4.114700e+06  8.968700e-03  4.127000e+06  8.169600e-03
  4.139300e+06  7.902200e-03  4.151600e+06  7.857800e-03  4.163900e+06  7.925100e-03
  4.176200e+06  8.060400e-03  4.188500e+06  8.246000e-03  4.200800e+06  8.475900e-03
  4.213100e+06  8.750100e-03  4.225400e+06  9.074000e-03  4.237700e+06  9.457000e-03
  4.250000e+06  9.915000e-03  4.262300e+06  1.047200e-02  4.274700e+06  1.116500e-02
  4.287000e+06  1.205400e-02  4.299300e+06  1.324000e-02  4.311600e+06  1.490700e-02
  4.323900e+06  1.741700e-02  4.330000e+06  1.948800e-02  4.336200e+06  2.156000e-02
  4.342300e+06  2.544300e-02  4.348500e+06  2.932800e-02  4.354600e+06  3.797100e-02
  4.360800e+06  4.661800e-02  4.366900e+06  6.367000e-02  4.370600e+06  7.988100e-02
  4.373100e+06  9.069100e-02  4.375500e+06  1.038000e-01  4.379200e+06  1.234700e-01
  4.380500e+06  1.284000e-01  4.381700e+06  1.319000e-01  4.382900e+06  1.336100e-01
  4.384100e+06  1.333300e-01  4.385400e+06  1.310000e-01  4.386600e+06  1.267900e-01
  4.387800e+06  1.210100e-01  4.389100e+06  1.141000e-01  4.390300e+06  1.065100e-01
  4.391500e+06  9.866700e-02  4.392800e+06  9.082500e-02  4.395200e+06  7.626500e-02
  4.397700e+06  6.384700e-02  4.403800e+06  4.227600e-02  4.410000e+06  3.023300e-02
  4.416100e+06  2.339800e-02  4.422300e+06  1.936400e-02  4.428400e+06  1.690200e-02
  4.434600e+06  1.537000e-02  4.440700e+06  1.442100e-02  4.446900e+06  1.385500e-02
  4.453000e+06  1.354600e-02  4.459200e+06  1.338700e-02  4.461600e+06  1.332800e-02
  4.464100e+06  1.323200e-02  4.465300e+06  1.313600e-02  4.466600e+06  1.304100e-02
  4.469000e+06  1.263200e-02  4.471500e+06  1.179300e-02  4.473900e+06  1.035900e-02
  4.476400e+06  8.866600e-03  4.477600e+06  8.495400e-03  4.478900e+06  8.470000e-03
  4.480100e+06  8.711200e-03  4.481300e+06  9.098600e-03  4.482600e+06  9.535800e-03
  4.483800e+06  9.966300e-03  4.485000e+06  1.036600e-02  4.486300e+06  1.072700e-02
  4.487500e+06  1.105000e-02  4.488700e+06  1.133900e-02  4.491200e+06  1.183700e-02
  4.493600e+06  1.225700e-02  4.496100e+06  1.262500e-02  4.498600e+06  1.296200e-02
  4.501000e+06  1.328000e-02  4.502200e+06  1.343300e-02  4.503500e+06  1.358600e-02
  4.505900e+06  1.389000e-02  4.508400e+06  1.419400e-02  4.514500e+06  1.498700e-02
  4.520700e+06  1.586500e-02  4.526800e+06  1.687800e-02  4.533000e+06  1.808900e-02
  4.539200e+06  1.958700e-02  4.542800e+06  2.074800e-02  4.545300e+06  2.152200e-02
  4.547800e+06  2.257700e-02  4.550200e+06  2.363300e-02  4.551500e+06  2.416100e-02
  4.552700e+06  2.494100e-02  4.553900e+06  2.572000e-02  4.555100e+06  2.650100e-02
  4.556400e+06  2.728100e-02  4.557600e+06  2.806100e-02  4.558800e+06  2.914900e-02
  4.560100e+06  3.023700e-02  4.561300e+06  3.161900e-02  4.562500e+06  3.300000e-02
  4.563800e+06  3.483800e-02  4.565000e+06  3.667600e-02  4.566200e+06  3.928900e-02
  4.567400e+06  4.190200e-02  4.569900e+06  5.011000e-02  4.571100e+06  5.631600e-02
  4.572400e+06  6.501600e-02  4.573600e+06  7.776300e-02  4.574800e+06  9.694700e-02
  4.576100e+06  1.245300e-01  4.577300e+06  1.551600e-01  4.578500e+06  1.682500e-01
  4.579700e+06  1.543200e-01  4.581000e+06  1.328200e-01  4.582200e+06  1.175300e-01
  4.584700e+06  1.071300e-01  4.587100e+06  1.116500e-01  4.588400e+06  1.168100e-01
  4.589600e+06  1.219600e-01  4.592100e+06  1.307400e-01  4.594500e+06  1.302500e-01
  4.597000e+06  1.171900e-01  4.599400e+06  9.648900e-02  4.601900e+06  7.570100e-02
  4.604400e+06  5.885500e-02  4.606800e+06  4.649400e-02  4.609300e+06  3.864900e-02
  4.611700e+06  3.314400e-02  4.614200e+06  2.930200e-02  4.616700e+06  2.663300e-02
  4.619100e+06  2.479700e-02  4.625300e+06  2.249500e-02  4.631400e+06  2.206400e-02
  4.637600e+06  2.263600e-02  4.656000e+06  2.441900e-02  4.680600e+06  2.631500e-02
  4.729800e+06  3.534200e-02  4.779000e+06  3.469500e-02  4.803700e+06  3.317200e-02
  4.818700e+06  3.221400e-02  4.828300e+06  3.183500e-02  4.852900e+06  3.304000e-02
  4.877500e+06  3.577800e-02  4.902100e+06  4.374400e-02  4.926700e+06  6.648300e-02
  4.951300e+06  9.604700e-02  4.975900e+06  1.224100e-01  5.000500e+06  1.095500e-01
  5.013370e+06  9.693476e-02  5.020000e+06  9.310020e-02  5.030000e+06  8.576570e-02
  5.040000e+06  8.270020e-02  5.050000e+06  8.242200e-02  5.060000e+06  8.405400e-02
  5.070000e+06  8.708800e-02  5.080000e+06  9.121300e-02  5.090000e+06  9.622300e-02
  5.100000e+06  1.019600e-01  5.110000e+06  1.082800e-01  5.119310e+06  1.145736e-01
  5.120000e+06  1.150400e-01  5.130000e+06  1.220600e-01  5.140000e+06  1.291300e-01
  5.150000e+06  1.360400e-01  5.160000e+06  1.425300e-01  5.170000e+06  1.483540e-01
  5.180000e+06  1.532440e-01  5.190000e+06  1.570160e-01  5.200000e+06  1.595700e-01
  5.210000e+06  1.607953e-01  5.220000e+06  1.607502e-01  5.230000e+06  1.595743e-01
  5.240000e+06  1.573760e-01  5.250000e+06  1.544110e-01  5.260000e+06  1.508900e-01
  5.270000e+06  1.470490e-01  5.280000e+06  1.431200e-01  5.290000e+06  1.394100e-01
  5.300000e+06  1.365800e-01  5.310000e+06  1.377500e-01  5.320000e+06  1.747000e-01
  5.330000e+06  1.833700e-01  5.340000e+06  1.453490e-01  5.350000e+06  1.361490e-01
  5.360000e+06  1.330700e-01  5.370000e+06  1.325200e-01  5.380000e+06  1.336600e-01
  5.390000e+06  1.362506e-01  5.400000e+06  1.401198e-01  5.410000e+06  1.451202e-01
  5.420000e+06  1.509400e-01  5.430000e+06  1.569799e-01  5.440000e+06  1.624000e-01
  5.450000e+06  1.662399e-01  5.460000e+06  1.676900e-01  5.470000e+06  1.664594e-01
  5.480000e+06  1.628402e-01  5.490000e+06  1.576401e-01  5.500000e+06  1.516999e-01
  5.510000e+06  1.457796e-01  5.520000e+06  1.403602e-01  5.530000e+06  1.356796e-01
  5.540000e+06  1.318695e-01  5.550000e+06  1.288898e-01  5.560000e+06  1.266996e-01
  5.570000e+06  1.252098e-01  5.580000e+06  1.243807e-01  5.590000e+06  1.241096e-01
  5.600000e+06  1.241746e-01  5.610000e+06  1.243644e-01  5.620000e+06  1.246846e-01
  5.630000e+06  1.251372e-01  5.640000e+06  1.257057e-01  5.650000e+06  1.264086e-01
  5.660000e+06  1.272377e-01  5.670000e+06  1.281963e-01  5.680000e+06  1.292801e-01
  5.690000e+06  1.304942e-01  5.700000e+06  1.318338e-01  5.710000e+06  1.333030e-01
  5.720000e+06  1.348985e-01  5.730000e+06  1.366213e-01  5.740000e+06  1.384724e-01
  5.750000e+06  1.404521e-01  5.760000e+06  1.425583e-01  5.770000e+06  1.447933e-01
  5.780000e+06  1.471542e-01  5.790000e+06  1.496453e-01  5.800000e+06  1.522621e-01
  5.810000e+06  1.550068e-01  5.820000e+06  1.578802e-01  5.830000e+06  1.608800e-01
  5.840000e+06  1.699310e-01  5.850000e+06  1.779550e-01  5.860000e+06  1.885260e-01
  5.870000e+06  2.025100e-01  5.880000e+06  2.206990e-01  5.890000e+06  2.439490e-01
  5.900000e+06  2.741020e-01  5.910000e+06  3.155120e-01  5.920000e+06  3.590210e-01
  5.930000e+06  4.007310e-01  5.940000e+06  4.367460e-01  5.950000e+06  4.631450e-01
  5.960000e+06  4.760190e-01  5.970000e+06  4.707070e-01  5.980000e+06  4.516620e-01
  5.990000e+06  4.227770e-01  6.000000e+06  3.878400e-01  6.010000e+06  3.506750e-01
  6.020000e+06  3.150710e-01  6.030000e+06  2.842110e-01  6.040000e+06  2.588650e-01
  6.050000e+06  2.385810e-01  6.060000e+06  2.228310e-01  6.070000e+06  2.111000e-01
  6.080000e+06  2.028840e-01  6.090000e+06  1.976420e-01  6.100000e+06  1.948740e-01
  6.110000e+06  1.940620e-01  6.120000e+06  1.946890e-01  6.130000e+06  1.962380e-01
  6.140000e+06  1.982030e-01  6.148560e+06  1.997866e-01  6.150000e+06  2.000530e-01
  6.160000e+06  2.015680e-01  6.170000e+06  2.027640e-01  6.180000e+06  2.036430e-01
  6.190000e+06  2.042350e-01  6.200000e+06  2.045420e-01  6.400000e+06  1.757487e-01
  6.410120e+06  1.751133e-01  6.468850e+06  1.714255e-01  6.600000e+06  1.631905e-01
  6.800000e+06  2.049002e-01  7.000000e+06  2.553020e-01  7.200000e+06  2.784810e-01
  7.400000e+06  2.802800e-01  7.600000e+06  2.760800e-01  7.800000e+06  2.731927e-01
  8.000000e+06  2.709428e-01  8.200000e+06  2.682514e-01  8.400000e+06  2.655935e-01
  8.600000e+06  2.636757e-01  8.705330e+06  2.631410e-01  8.800000e+06  2.626604e-01
  9.000000e+06  2.620097e-01  9.200000e+06  2.614605e-01  9.400000e+06  2.614391e-01
  9.600000e+06  2.624202e-01  9.800000e+06  2.650299e-01  1.000000e+07  2.700307e-01
  1.020000e+07  2.778197e-01  1.040000e+07  2.877823e-01  1.060000e+07  2.991096e-01
  1.080000e+07  3.111401e-01  1.100000e+07  3.233597e-01  1.120000e+07  3.353902e-01
  1.140000e+07  3.471407e-01  1.160000e+07  3.586089e-01  1.180000e+07  3.697824e-01
  1.200000e+07  3.805908e-01  1.220000e+07  3.909874e-01  1.240000e+07  4.009989e-01
  1.260000e+07  4.106787e-01  1.280000e+07  4.200265e-01  1.296280e+07  4.273453e-01
  1.300000e+07  4.290176e-01  1.320000e+07  4.375059e-01  1.340000e+07  4.458024e-01
  1.360000e+07  4.543992e-01  1.380000e+07  4.626438e-01  1.400000e+07  4.688332e-01
  1.420000e+07  4.716380e-01  1.440000e+07  4.736533e-01  1.460000e+07  4.774026e-01
  1.480000e+07  4.835723e-01  1.500000e+07  4.910526e-01
