NMSAlphaLE
JENDL
           307
  6.088050e+06  0.000000e+00  6.090000e+06  1.942500e-06  6.120000e+06  2.213100e-05
  6.150000e+06  7.826700e-05  6.180000e+06  2.192900e-04  6.210000e+06  5.445400e-04
  6.240000e+06  1.272400e-03  6.270000e+06  2.880400e-03  6.300000e+06  6.214500e-03
  6.330000e+06  1.147100e-02  6.360000e+06  1.527100e-02  6.390000e+06  1.488300e-02
  6.420000e+06  1.293200e-02  6.450000e+06  1.148500e-02  6.480000e+06  1.100000e-02
  6.510000e+06  1.160000e-02  6.540000e+06  1.357100e-02  6.570000e+06  1.753000e-02
  6.600000e+06  2.443700e-02  6.630000e+06  3.502300e-02  6.660000e+06  4.768900e-02
  6.690000e+06  5.675800e-02  6.720000e+06  5.775100e-02  6.724540e+06  5.704034e-02
  6.750000e+06  5.317813e-02  6.780000e+06  4.745322e-02  6.810000e+06  4.263231e-02
  6.840000e+06  4.077210e-02  6.859900e+06  4.352606e-02  6.870000e+06  4.492380e-02
  6.900000e+06  5.576660e-02  6.930000e+06  4.526150e-02  6.960000e+06  3.861860e-02
  6.990000e+06  3.727520e-02  7.020000e+06  3.826900e-02  7.050000e+06  4.068680e-02
  7.080000e+06  4.406070e-02  7.110000e+06  4.781000e-02  7.140000e+06  5.114000e-02
  7.170000e+06  5.333900e-02  7.200000e+06  5.425200e-02  7.230000e+06  5.438200e-02
  7.260000e+06  5.445100e-02  7.290000e+06  5.498000e-02  7.320000e+06  5.615600e-02
  7.350000e+06  5.790100e-02  7.380000e+06  5.998500e-02  7.410000e+06  6.211900e-02
  7.440000e+06  6.402000e-02  7.470000e+06  6.547000e-02  7.500000e+06  6.634400e-02
  7.530000e+06  6.661000e-02  7.560000e+06  6.631300e-02  7.590000e+06  6.554200e-02
  7.620000e+06  6.440800e-02  7.650000e+06  6.302100e-02  7.680000e+06  6.147500e-02
  7.710000e+06  5.985100e-02  7.740000e+06  5.820700e-02  7.770000e+06  5.659100e-02
  7.800000e+06  5.503800e-02  7.830000e+06  5.357700e-02  7.860000e+06  5.223400e-02
  7.890000e+06  5.104100e-02  7.920000e+06  5.003700e-02  7.950000e+06  4.928600e-02
  7.980000e+06  4.889200e-02  8.000000e+06  4.898400e-02  8.010000e+06  4.903000e-02
  8.040000e+06  4.999600e-02  8.070000e+06  5.226600e-02  8.100000e+06  5.647400e-02
  8.130000e+06  6.295200e-02  8.160000e+06  7.041100e-02  8.190000e+06  7.541700e-02
  8.220000e+06  7.587101e-02  8.250000e+06  7.343104e-02  8.280000e+06  7.063914e-02
  8.310000e+06  6.869743e-02  8.340000e+06  6.803139e-02  8.370000e+06  6.869651e-02
  8.400000e+06  7.068199e-02  8.430000e+06  7.396558e-02  8.460000e+06  7.851497e-02
  8.490000e+06  8.432951e-02  8.520000e+06  9.077260e-02  8.550000e+06  9.703020e-02
  8.580000e+06  1.026205e-01  8.610000e+06  1.069078e-01  8.640000e+06  1.094916e-01
  8.670000e+06  1.103941e-01  8.700000e+06  1.098924e-01  8.730000e+06  1.084637e-01
  8.760000e+06  1.066062e-01  8.790000e+06  1.047639e-01  8.820000e+06  1.032873e-01
  8.850000e+06  1.024810e-01  8.880000e+06  1.026150e-01  8.910000e+06  1.039730e-01
  8.940000e+06  1.068900e-01  8.970000e+06  1.118060e-01  9.000000e+06  1.192880e-01
  9.030000e+06  1.243780e-01  9.060000e+06  1.318040e-01  9.090000e+06  1.411800e-01
  9.120000e+06  1.519040e-01  9.150000e+06  1.626120e-01  9.180000e+06  1.715340e-01
  9.210000e+06  1.770890e-01  9.240000e+06  1.786790e-01  9.270000e+06  1.768910e-01
  9.300000e+06  1.729360e-01  9.330000e+06  1.680770e-01  9.360000e+06  1.635430e-01
  9.390000e+06  1.613850e-01  9.420000e+06  1.663240e-01  9.450000e+06  1.735320e-01
  9.480000e+06  1.706050e-01  9.510000e+06  1.655910e-01  9.540000e+06  1.608990e-01
  9.570000e+06  1.577520e-01  9.600000e+06  1.556760e-01  9.630000e+06  1.543280e-01
  9.660000e+06  1.534430e-01  9.690000e+06  1.527770e-01  9.720000e+06  1.521060e-01
  9.750000e+06  1.511940e-01  9.780000e+06  1.498000e-01  9.810000e+06  2.088500e-01
  9.840000e+06  1.466690e-01  9.870000e+06  1.432680e-01  9.900000e+06  1.394350e-01
  9.930000e+06  1.349980e-01  9.960000e+06  1.299120e-01  9.990000e+06  1.241180e-01
  1.002000e+07  1.171400e-01  1.005000e+07  1.092500e-01  1.007930e+07  1.014650e-01
  1.008000e+07  1.012811e-01  1.011000e+07  9.598709e-02  1.014000e+07  9.941610e-02
  1.017000e+07  1.145271e-01  1.020000e+07  1.308051e-01  1.023000e+07  1.395931e-01
  1.026000e+07  1.425745e-01  1.029000e+07  1.427308e-01  1.032000e+07  1.419495e-01
  1.035000e+07  1.410993e-01  1.038000e+07  1.406517e-01  1.041000e+07  1.407791e-01
  1.044000e+07  1.417407e-01  1.047000e+07  1.445693e-01  1.050000e+07  1.496698e-01
  1.053000e+07  1.549299e-01  1.056000e+07  1.553565e-01  1.059000e+07  1.492501e-01
  1.062000e+07  1.416105e-01  1.065000e+07  1.358150e-01  1.068000e+07  1.323190e-01
  1.071000e+07  1.308768e-01  1.074000e+07  1.314590e-01  1.077000e+07  1.343915e-01
  1.080000e+07  1.403826e-01  1.083000e+07  1.503863e-01  1.086000e+07  1.651463e-01
  1.089000e+07  1.834699e-01  1.092000e+07  1.998357e-01  1.095000e+07  2.053906e-01
  1.098000e+07  1.960073e-01  1.101000e+07  1.765212e-01  1.104000e+07  1.544171e-01
  1.104750e+07  1.495127e-01  1.107000e+07  1.348558e-01  1.110000e+07  1.207329e-01
  1.113000e+07  1.153919e-01  1.116000e+07  1.235394e-01  1.119000e+07  1.473613e-01
  1.122000e+07  1.793299e-01  1.125000e+07  2.052007e-01  1.128000e+07  2.174426e-01
  1.131000e+07  2.192620e-01  1.134000e+07  2.157988e-01  1.137000e+07  2.103592e-01
  1.140000e+07  2.045646e-01  1.143000e+07  1.978151e-01  1.146000e+07  1.916418e-01
  1.149000e+07  1.860987e-01  1.152000e+07  1.810286e-01  1.155000e+07  1.764196e-01
  1.158000e+07  1.722676e-01  1.161000e+07  1.684781e-01  1.164000e+07  1.649704e-01
  1.167000e+07  1.617694e-01  1.170000e+07  1.588265e-01  1.173000e+07  1.560773e-01
  1.176000e+07  1.533696e-01  1.179000e+07  2.045824e-01  1.182000e+07  1.559604e-01
  1.185000e+07  1.527938e-01  1.188000e+07  1.523399e-01  1.191000e+07  1.536056e-01
  1.194000e+07  1.571532e-01  1.197000e+07  1.640836e-01  1.200000e+07  1.750637e-01
  1.203000e+07  1.864006e-01  1.205430e+07  1.877019e-01  1.206000e+07  1.880110e-01
  1.209000e+07  1.762637e-01  1.212000e+07  1.608684e-01  1.215000e+07  1.484082e-01
  1.218000e+07  1.394403e-01  1.221000e+07  1.331158e-01  1.224000e+07  1.289440e-01
  1.227000e+07  1.258296e-01  1.230000e+07  1.234924e-01  1.233000e+07  1.218771e-01
  1.236000e+07  1.213212e-01  1.239000e+07  1.233450e-01  1.242000e+07  1.342227e-01
  1.245000e+07  1.557881e-01  1.248000e+07  1.363923e-01  1.251000e+07  1.226156e-01
  1.251720e+07  1.211473e-01  1.254000e+07  1.165375e-01  1.257000e+07  1.131018e-01
  1.260000e+07  1.107373e-01  1.263000e+07  1.091671e-01  1.266000e+07  1.080657e-01
  1.269000e+07  1.072039e-01  1.272000e+07  1.065330e-01  1.275000e+07  1.060330e-01
  1.278000e+07  1.057198e-01  1.281000e+07  1.054539e-01  1.284000e+07  1.051437e-01
  1.287000e+07  1.050665e-01  1.290000e+07  1.052632e-01  1.293000e+07  1.057970e-01
  1.296000e+07  1.067258e-01  1.299000e+07  1.081320e-01  1.302000e+07  1.103004e-01
  1.305000e+07  1.131658e-01  1.308000e+07  1.165214e-01  1.311000e+07  1.201493e-01
  1.314000e+07  1.236447e-01  1.317000e+07  1.265466e-01  1.320000e+07  1.284997e-01
  1.323000e+07  1.291263e-01  1.326000e+07  1.288846e-01  1.329000e+07  1.281282e-01
  1.332000e+07  1.272170e-01  1.335000e+07  1.264831e-01  1.338000e+07  1.261706e-01
  1.341000e+07  1.265211e-01  1.344000e+07  1.278581e-01  1.347000e+07  1.309884e-01
  1.350000e+07  1.374285e-01  1.353000e+07  1.503228e-01  1.356000e+07  1.740400e-01
  1.356990e+07  1.827510e-01  1.359000e+07  2.004370e-01  1.362000e+07  2.005089e-01
  1.365000e+07  1.830170e-01  1.368000e+07  1.694980e-01  1.371000e+07  1.624112e-01
  1.374000e+07  1.595583e-01  1.377000e+07  1.593154e-01  1.380000e+07  1.607776e-01
  1.383000e+07  1.630496e-01  1.386000e+07  1.662251e-01  1.389000e+07  1.701518e-01
  1.392000e+07  1.746829e-01  1.395000e+07  1.797478e-01  1.398000e+07  1.852520e-01
  1.401000e+07  1.908897e-01  1.404000e+07  1.963252e-01  1.407000e+07  2.019018e-01
  1.410000e+07  2.075284e-01  1.413000e+07  2.130839e-01  1.416000e+07  2.185031e-01
  1.419000e+07  2.236786e-01  1.422000e+07  2.281089e-01  1.425000e+07  2.318987e-01
  1.428000e+07  2.352036e-01  1.431000e+07  2.379606e-01  1.434000e+07  2.401935e-01
  1.437000e+07  2.418775e-01  1.440000e+07  2.430435e-01  1.443000e+07  2.437814e-01
  1.446000e+07  2.440662e-01  1.449000e+07  2.439874e-01  1.452000e+07  2.437093e-01
  1.455000e+07  2.432452e-01  1.458000e+07  2.425409e-01  1.461000e+07  2.415778e-01
  1.464000e+07  2.403188e-01  1.467000e+07  2.389779e-01  1.470000e+07  2.375676e-01
  1.473000e+07  2.361297e-01  1.476000e+07  2.346899e-01  1.479000e+07  2.332527e-01
  1.482000e+07  2.318613e-01  1.485000e+07  2.305180e-01  1.488000e+07  2.292085e-01
  1.491000e+07  2.279649e-01  1.494000e+07  2.267757e-01  1.497000e+07  2.256442e-01
  1.500000e+07  2.245824e-01
