NMSAlphaLE
JENDL
           107
  8.131080e+06  0.000000e+00  8.140000e+06  5.065400e-05  8.210000e+06  1.656700e-02
  8.280000e+06  3.844400e-03  8.350000e+06  1.072900e-03  8.420000e+06  5.843300e-04
  8.490000e+06  5.686100e-04  8.560000e+06  2.246300e-03  8.630000e+06  6.791300e-04
  8.700000e+06  9.016700e-04  8.770000e+06  1.642100e-03  8.840000e+06  3.823900e-03
  8.910000e+06  3.136400e-03  8.980000e+06  2.798200e-03  9.050000e+06  2.015300e-03
  9.120000e+06  1.591700e-03  9.190000e+06  3.159400e-03  9.260000e+06  1.553000e-03
  9.318110e+06  1.191390e-03  9.330000e+06  1.131328e-03  9.400000e+06  1.061564e-03
  9.451130e+06  2.028619e-03  9.470000e+06  2.385571e-03  9.500530e+06  2.259259e-03
  9.540000e+06  2.096562e-03  9.551210e+06  1.871107e-03  9.610000e+06  6.910288e-04
  9.680000e+06  5.373278e-04  9.750000e+06  4.525186e-04  9.820000e+06  3.925474e-04
  9.890000e+06  3.467444e-04  9.960000e+06  3.110473e-04  1.003000e+07  2.844800e-04
  1.010000e+07  2.703147e-04  1.017000e+07  2.873977e-04  1.024000e+07  4.567010e-04
  1.028470e+07  1.722602e-03  1.028500e+07  1.731098e-03  1.031000e+07  2.442749e-03
  1.038000e+07  4.303253e-03  1.045000e+07  1.398012e-03  1.052000e+07  9.545710e-04
  1.059000e+07  8.632250e-04  1.066000e+07  9.023820e-04  1.073000e+07  1.041305e-03
  1.080000e+07  1.301107e-03  1.087000e+07  1.735910e-03  1.094000e+07  2.414502e-03
  1.101000e+07  3.310354e-03  1.108000e+07  4.037770e-03  1.115000e+07  4.014049e-03
  1.122000e+07  3.366407e-03  1.129000e+07  2.661398e-03  1.136000e+07  2.155399e-03
  1.143000e+07  1.867814e-03  1.150000e+07  1.784096e-03  1.157000e+07  1.947406e-03
  1.164000e+07  2.581086e-03  1.171000e+07  4.567936e-03  1.178000e+07  8.825230e-03
  1.185000e+07  3.852684e-03  1.192000e+07  1.137907e-03  1.199000e+07  5.951810e-04
  1.206000e+07  6.762190e-04  1.213000e+07  1.366010e-03  1.220000e+07  3.591882e-03
  1.227000e+07  8.924960e-03  1.234000e+07  1.001802e-02  1.241000e+07  6.262384e-03
  1.248000e+07  4.035740e-03  1.255000e+07  2.939608e-03  1.262000e+07  2.362594e-03
  1.269000e+07  2.044005e-03  1.276000e+07  1.873183e-03  1.283000e+07  1.800204e-03
  1.290000e+07  1.803412e-03  1.297000e+07  1.876099e-03  1.304000e+07  2.021691e-03
  1.311000e+07  2.251591e-03  1.318000e+07  2.583737e-03  1.325000e+07  3.038043e-03
  1.332000e+07  3.622538e-03  1.339000e+07  4.301271e-03  1.346000e+07  4.947664e-03
  1.353000e+07  5.341579e-03  1.360000e+07  5.302350e-03  1.367000e+07  4.861793e-03
  1.372400e+07  4.371147e-03  1.374000e+07  4.225770e-03  1.381000e+07  3.590092e-03
  1.388000e+07  3.052502e-03  1.395000e+07  2.635901e-03  1.402000e+07  2.331231e-03
  1.409000e+07  2.121937e-03  1.416000e+07  1.994158e-03  1.423000e+07  1.940641e-03
  1.430000e+07  1.961140e-03  1.437000e+07  2.064496e-03  1.444000e+07  2.270672e-03
  1.451000e+07  2.615228e-03  1.458000e+07  3.153546e-03  1.465000e+07  3.958116e-03
  1.472000e+07  5.074334e-03  1.479000e+07  6.369829e-03  1.486000e+07  7.313082e-03
  1.493000e+07  7.244789e-03  1.500000e+07  6.432317e-03
