NMSAlphaLE
JENDL
           405
  1.000000e-05  0.000000e+00  8.000000e+05  0.000000e+00  9.000000e+05  2.000000e-06
  1.294120e+06  2.431509e-05  1.429000e+06  3.700050e-05  1.443000e+06  7.710000e-04
  1.454000e+06  8.630000e-04  1.476000e+06  1.999970e-04  1.500000e+06  5.550000e-05
  1.524000e+06  4.930000e-05  1.574000e+06  9.870000e-05  1.613000e+06  2.159970e-04
  1.639000e+06  4.010020e-04  1.671000e+06  4.370010e-04  1.727000e+06  1.329955e-03
  1.746000e+06  2.310020e-03  1.769000e+06  3.170020e-03  1.800000e+06  1.610002e-03
  1.830000e+06  6.170040e-04  1.853000e+06  1.389960e-03  1.884000e+06  1.230037e-03
  1.917000e+06  1.080014e-03  1.944000e+06  3.550030e-03  1.966000e+06  8.630000e-03
  1.986000e+06  5.089960e-03  2.000000e+06  4.319950e-03  2.026000e+06  9.250010e-03
  2.046000e+06  5.550020e-03  2.070000e+06  6.319990e-03  2.080000e+06  7.152000e-03
  2.090000e+06  7.985010e-03  2.100000e+06  8.816960e-03  2.110000e+06  9.650030e-03
  2.120000e+06  1.048193e-02  2.130000e+06  1.131485e-02  2.140000e+06  1.214660e-02
  2.150000e+06  1.690077e-02  2.160000e+06  2.274971e-02  2.170000e+06  2.787608e-02
  2.180000e+06  2.929017e-02  2.190000e+06  2.630237e-02  2.200000e+06  2.136903e-02
  2.210000e+06  1.673186e-02  2.220000e+06  1.307487e-02  2.230000e+06  1.038051e-02
  2.240000e+06  8.425900e-03  2.250000e+06  7.004490e-03  2.260000e+06  5.968860e-03
  2.270000e+06  5.234760e-03  2.280000e+06  4.818560e-03  2.290000e+06  5.290450e-03
  2.300000e+06  1.315042e-02  2.310000e+06  4.759790e-03  2.320000e+06  3.665490e-03
  2.330000e+06  3.443360e-03  2.340000e+06  3.563480e-03  2.350000e+06  4.227750e-03
  2.360000e+06  6.758540e-03  2.370000e+06  2.110032e-02  2.380000e+06  2.121754e-02
  2.390000e+06  8.167800e-03  2.400000e+06  8.042810e-03  2.410000e+06  1.794023e-02
  2.420000e+06  1.743714e-02  2.430000e+06  6.973340e-03  2.440000e+06  4.476150e-03
  2.450000e+06  3.803470e-03  2.460000e+06  3.862130e-03  2.470000e+06  4.709670e-03
  2.480000e+06  7.541520e-03  2.490000e+06  1.611188e-02  2.500000e+06  1.584772e-02
  2.510000e+06  7.727720e-03  2.520000e+06  4.981230e-03  2.530000e+06  4.055910e-03
  2.540000e+06  3.758660e-03  2.550000e+06  3.757670e-03  2.560000e+06  3.952440e-03
  2.570000e+06  4.323030e-03  2.580000e+06  4.892790e-03  2.590000e+06  5.723230e-03
  2.600000e+06  6.923560e-03  2.610000e+06  8.647440e-03  2.620000e+06  1.121949e-02
  2.630000e+06  1.511184e-02  2.640000e+06  2.095082e-02  2.650000e+06  2.898920e-02
  2.660000e+06  3.728680e-02  2.670000e+06  4.047850e-02  2.680000e+06  3.593210e-02
  2.690000e+06  2.810000e-02  2.700000e+06  2.121376e-02  2.710000e+06  1.625761e-02
  2.720000e+06  1.288137e-02  2.730000e+06  1.058416e-02  2.740000e+06  9.003420e-03
  2.750000e+06  7.903030e-03  2.760000e+06  7.134960e-03  2.770000e+06  6.606870e-03
  2.780000e+06  6.261180e-03  2.790000e+06  6.062640e-03  2.800000e+06  5.992490e-03
  2.810000e+06  6.023560e-03  2.820000e+06  6.182270e-03  2.830000e+06  6.490270e-03
  2.840000e+06  6.993890e-03  2.850000e+06  7.786840e-03  2.860000e+06  9.068130e-03
  2.870000e+06  1.132541e-02  2.880000e+06  1.601490e-02  2.890000e+06  2.834070e-02
  2.900000e+06  4.859140e-02  2.910000e+06  3.787700e-02  2.920000e+06  4.052150e-02
  2.930000e+06  6.296480e-02  2.940000e+06  8.498720e-02  2.950000e+06  6.315170e-02
  2.960000e+06  4.129810e-02  2.970000e+06  3.271340e-02  2.980000e+06  3.155080e-02
  2.990000e+06  3.537410e-02  3.000000e+06  4.440160e-02  3.010000e+06  6.025730e-02
  3.020000e+06  8.425410e-02  3.030000e+06  1.083730e-01  3.040000e+06  1.133051e-01
  3.050000e+06  1.038304e-01  3.060000e+06  1.070461e-01  3.070000e+06  1.336448e-01
  3.080000e+06  1.267034e-01  3.090000e+06  8.670620e-02  3.100000e+06  6.674730e-02
  3.110000e+06  6.312700e-02  3.120000e+06  6.913590e-02  3.130000e+06  7.884020e-02
  3.140000e+06  8.252050e-02  3.150000e+06  7.489360e-02  3.160000e+06  6.308990e-02
  3.170000e+06  5.571340e-02  3.180000e+06  5.812700e-02  3.190000e+06  7.144730e-02
  3.200000e+06  6.649980e-02  3.210000e+06  4.428670e-02  3.220000e+06  3.096100e-02
  3.230000e+06  2.419312e-02  3.240000e+06  2.047290e-02  3.250000e+06  1.828599e-02
  3.260000e+06  1.698830e-02  3.270000e+06  1.629014e-02  3.280000e+06  1.606231e-02
  3.290000e+06  1.626949e-02  3.300000e+06  1.695257e-02  3.310000e+06  1.824932e-02
  3.320000e+06  2.044808e-02  3.330000e+06  2.413670e-02  3.340000e+06  3.050680e-02
  3.350000e+06  4.172940e-02  3.360000e+06  5.911130e-02  3.370000e+06  7.185640e-02
  3.380000e+06  6.635520e-02  3.390000e+06  5.931130e-02  3.400000e+06  6.156840e-02
  3.410000e+06  7.075880e-02  3.420000e+06  7.571960e-02  3.430000e+06  6.762020e-02
  3.440000e+06  5.522190e-02  3.450000e+06  4.680600e-02  3.460000e+06  4.356750e-02
  3.470000e+06  4.548630e-02  3.480000e+06  5.417580e-02  3.490000e+06  7.210650e-02
  3.500000e+06  8.629460e-02  3.510000e+06  7.459790e-02  3.520000e+06  6.058480e-02
  3.530000e+06  5.541620e-02  3.540000e+06  5.654310e-02  3.550000e+06  6.214640e-02
  3.560000e+06  7.175760e-02  3.570000e+06  8.530520e-02  3.580000e+06  1.019398e-01
  3.590000e+06  1.187101e-01  3.600000e+06  1.311604e-01  3.610000e+06  1.375202e-01
  3.620000e+06  1.405968e-01  3.630000e+06  1.421148e-01  3.640000e+06  1.385511e-01
  3.650000e+06  1.274264e-01  3.660000e+06  1.132162e-01  3.670000e+06  1.018196e-01
  3.680000e+06  9.595090e-02  3.690000e+06  9.644700e-02  3.700000e+06  1.040600e-01
  3.710000e+06  1.200849e-01  3.720000e+06  1.450622e-01  3.730000e+06  1.732510e-01
  3.740000e+06  1.874466e-01  3.750000e+06  1.765299e-01  3.760000e+06  1.540447e-01
  3.770000e+06  1.359939e-01  3.780000e+06  1.271474e-01  3.790000e+06  1.267725e-01
  3.800000e+06  1.326006e-01  3.810000e+06  1.410787e-01  3.820000e+06  1.469211e-01
  3.830000e+06  1.455566e-01  3.840000e+06  1.370152e-01  3.850000e+06  1.254180e-01
  3.860000e+06  1.146154e-01  3.870000e+06  1.063752e-01  3.880000e+06  1.009602e-01
  3.890000e+06  9.801750e-02  3.900000e+06  9.709110e-02  3.910000e+06  9.779280e-02
  3.920000e+06  9.982360e-02  3.930000e+06  1.029701e-01  3.940000e+06  1.070629e-01
  3.950000e+06  1.120177e-01  3.960000e+06  1.177994e-01  3.970000e+06  1.244294e-01
  3.980000e+06  1.321068e-01  3.990000e+06  1.412396e-01  4.000000e+06  1.525191e-01
  4.010000e+06  1.668253e-01  4.020000e+06  1.848362e-01  4.030000e+06  2.032437e-01
  4.040000e+06  2.115920e-01  4.050000e+06  2.024498e-01  4.060000e+06  1.838040e-01
  4.070000e+06  1.658189e-01  4.080000e+06  1.516124e-01  4.090000e+06  1.407035e-01
  4.100000e+06  1.321814e-01  4.110000e+06  1.254283e-01  4.120000e+06  1.201718e-01
  4.130000e+06  1.164962e-01  4.140000e+06  1.148609e-01  4.150000e+06  1.163441e-01
  4.160000e+06  1.232273e-01  4.170000e+06  1.397472e-01  4.180000e+06  1.684041e-01
  4.190000e+06  1.864188e-01  4.200000e+06  1.621606e-01  4.210000e+06  1.280245e-01
  4.220000e+06  1.056720e-01  4.230000e+06  9.270880e-02  4.240000e+06  8.511860e-02
  4.250000e+06  8.076460e-02  4.260000e+06  7.869980e-02  4.270000e+06  7.864580e-02
  4.280000e+06  8.078730e-02  4.290000e+06  8.572050e-02  4.300000e+06  9.437700e-02
  4.310000e+06  1.072072e-01  4.320000e+06  1.213539e-01  4.330000e+06  1.276668e-01
  4.340000e+06  1.198395e-01  4.350000e+06  1.048389e-01  4.360000e+06  9.134610e-02
  4.370000e+06  8.188350e-02  4.380000e+06  7.601020e-02  4.390000e+06  7.302640e-02
  4.400000e+06  7.288580e-02  4.410000e+06  7.681040e-02  4.420000e+06  8.534640e-02
  4.430000e+06  8.484590e-02  4.440000e+06  7.568800e-02  4.450000e+06  7.072910e-02
  4.460000e+06  6.895680e-02  4.470000e+06  6.870040e-02  4.480000e+06  6.925100e-02
  4.490000e+06  7.031270e-02  4.500000e+06  7.176310e-02  4.510000e+06  7.344760e-02
  4.520000e+06  7.549250e-02  4.523610e+06  7.638760e-02  4.530000e+06  7.802114e-02
  4.540000e+06  8.120035e-02  4.550000e+06  8.541176e-02  4.560000e+06  9.161997e-02
  4.570000e+06  1.021769e-01  4.580000e+06  1.215211e-01  4.590000e+06  1.412171e-01
  4.600000e+06  1.364828e-01  4.610000e+06  1.358210e-01  4.620000e+06  1.459278e-01
  4.630000e+06  1.435168e-01  4.640000e+06  1.271023e-01  4.650000e+06  1.142944e-01
  4.660000e+06  1.074801e-01  4.670000e+06  1.044798e-01  4.680000e+06  1.040504e-01
  4.690000e+06  1.062398e-01  4.700000e+06  1.127658e-01  4.710000e+06  1.284284e-01
  4.720000e+06  1.558559e-01  4.730000e+06  1.565711e-01  4.740000e+06  1.320535e-01
  4.750000e+06  1.209239e-01  4.760000e+06  1.209252e-01  4.770000e+06  1.242146e-01
  4.780000e+06  1.209372e-01  4.790000e+06  1.107194e-01  4.800000e+06  1.010496e-01
  4.810000e+06  9.473360e-02  4.820000e+06  9.147610e-02  4.830000e+06  9.095430e-02
  4.840000e+06  9.366790e-02  4.850000e+06  1.014705e-01  4.860000e+06  1.176298e-01
  4.870000e+06  1.390231e-01  4.880000e+06  1.386862e-01  4.890000e+06  1.173597e-01
  4.900000e+06  1.016800e-01  4.910000e+06  9.457260e-02  4.920000e+06  9.299860e-02
  4.930000e+06  9.535120e-02  4.940000e+06  1.013006e-01  4.950000e+06  1.113093e-01
  4.960000e+06  1.263114e-01  4.970000e+06  1.472324e-01  4.980000e+06  1.740649e-01
  4.990000e+06  2.045047e-01  5.000000e+06  2.316079e-01  5.010000e+06  2.374552e-01
  5.020000e+06  2.101823e-01  5.030000e+06  1.719731e-01  5.040000e+06  1.422842e-01
  5.050000e+06  1.232296e-01  5.060000e+06  1.121300e-01  5.070000e+06  1.067699e-01
  5.080000e+06  1.059696e-01  5.090000e+06  1.093703e-01  5.100000e+06  1.173000e-01
  5.110000e+06  1.304427e-01  5.118910e+06  1.471263e-01  5.120000e+06  1.491673e-01
  5.130000e+06  1.719892e-01  5.140000e+06  1.954723e-01  5.150000e+06  2.193243e-01
  5.160000e+06  2.449777e-01  5.170000e+06  2.560202e-01  5.180000e+06  2.343717e-01
  5.190000e+06  2.015366e-01  5.200000e+06  1.782207e-01  5.210000e+06  1.661152e-01
  5.220000e+06  1.618741e-01  5.230000e+06  1.629033e-01  5.240000e+06  1.680122e-01
  5.250000e+06  1.773631e-01  5.260000e+06  1.918702e-01  5.270000e+06  2.093017e-01
  5.280000e+06  2.154231e-01  5.290000e+06  1.977675e-01  5.300000e+06  1.850022e-01
  5.400000e+06  2.078610e-01  5.413150e+06  2.092649e-01  5.600000e+06  2.292132e-01
  5.800000e+06  2.446215e-01  6.000000e+06  2.556601e-01  6.200000e+06  2.635239e-01
  6.219900e+06  2.640936e-01  6.400000e+06  2.692491e-01  6.600000e+06  2.738253e-01
  6.800000e+06  2.779578e-01  7.000000e+06  2.823097e-01  7.200000e+06  2.873757e-01
  7.400000e+06  2.933962e-01  7.600000e+06  3.004387e-01  7.800000e+06  3.085859e-01
  8.000000e+06  3.179105e-01  8.200000e+06  3.284506e-01  8.400000e+06  3.402795e-01
  8.600000e+06  3.534335e-01  8.800000e+06  3.680226e-01  9.000000e+06  3.841140e-01
  9.200000e+06  4.015962e-01  9.400000e+06  4.198562e-01  9.600000e+06  4.381193e-01
  9.800000e+06  4.556231e-01  1.000000e+07  4.715881e-01  1.020000e+07  4.854725e-01
  1.040000e+07  4.974570e-01  1.060000e+07  5.078953e-01  1.080000e+07  5.172594e-01
  1.100000e+07  5.259103e-01  1.120000e+07  5.341729e-01  1.140000e+07  5.420763e-01
  1.160000e+07  5.495774e-01  1.180000e+07  5.566460e-01  1.200000e+07  5.632365e-01
  1.220000e+07  5.693364e-01  1.240000e+07  5.749713e-01  1.260000e+07  5.802209e-01
  1.280000e+07  5.850783e-01  1.300000e+07  5.896519e-01  1.320000e+07  5.939497e-01
  1.340000e+07  5.979911e-01  1.360000e+07  6.017831e-01  1.380000e+07  6.053341e-01
  1.400000e+07  6.086405e-01  1.420000e+07  6.117389e-01  1.440000e+07  6.146024e-01
  1.460000e+07  6.172593e-01  1.480000e+07  6.196664e-01  1.500000e+07  6.218242e-01
