NMSAlphaLE
JENDL
           353
  8.516980e+05  0.000000e+00  1.280750e+06  1.880460e-04  2.210000e+06  9.058900e-04
  2.220000e+06  9.793000e-04  2.230000e+06  1.059600e-03  2.240000e+06  1.147600e-03
  2.250000e+06  1.244400e-03  2.260000e+06  1.350900e-03  2.270000e+06  1.468800e-03
  2.280000e+06  1.599580e-03  2.290000e+06  1.745310e-03  2.300000e+06  1.908400e-03
  2.310000e+06  2.092020e-03  2.320000e+06  2.299920e-03  2.330000e+06  2.536910e-03
  2.340000e+06  2.809900e-03  2.350000e+06  3.127300e-03  2.360000e+06  3.501100e-03
  2.370000e+06  3.948200e-03  2.380000e+06  4.493500e-03  2.390000e+06  5.175500e-03
  2.400000e+06  6.057600e-03  2.410000e+06  7.251300e-03  2.420000e+06  8.973700e-03
  2.430000e+06  1.170900e-02  2.440000e+06  1.676170e-02  2.450000e+06  2.885600e-02
  2.460000e+06  7.492500e-02  2.470000e+06  1.700990e-01  2.480000e+06  3.124300e-02
  2.490000e+06  1.494700e-02  2.500000e+06  1.408300e-02  2.510000e+06  1.773400e-02
  2.520000e+06  2.578050e-02  2.530000e+06  4.269400e-02  2.540000e+06  8.463100e-02
  2.550000e+06  2.524490e-01  2.560000e+06  2.258830e-01  2.570000e+06  7.975500e-02
  2.580000e+06  3.076500e-02  2.590000e+06  1.496200e-02  2.600000e+06  8.845500e-03
  2.610000e+06  6.311200e-03  2.620000e+06  5.423900e-03  2.630000e+06  5.482200e-03
  2.640000e+06  6.250100e-03  2.650000e+06  7.739600e-03  2.660000e+06  1.019900e-02
  2.670000e+06  1.428300e-02  2.680000e+06  2.171480e-02  2.690000e+06  3.807900e-02
  2.700000e+06  9.088600e-02  2.710000e+06  2.673000e-01  2.720000e+06  1.656620e-01
  2.730000e+06  9.524700e-02  2.740000e+06  4.520300e-02  2.750000e+06  2.288420e-02
  2.760000e+06  1.412600e-02  2.770000e+06  1.076000e-02  2.780000e+06  9.863000e-03
  2.790000e+06  1.038800e-02  2.800000e+06  1.199100e-02  2.810000e+06  1.466400e-02
  2.820000e+06  1.863910e-02  2.830000e+06  2.441690e-02  2.840000e+06  3.286800e-02
  2.850000e+06  4.540100e-02  2.860000e+06  6.397100e-02  2.870000e+06  9.001300e-02
  2.880000e+06  1.202100e-01  2.890000e+06  1.430100e-01  2.900000e+06  1.563600e-01
  2.910000e+06  1.875810e-01  2.920000e+06  1.907760e-01  2.930000e+06  1.056000e-01
  2.940000e+06  5.859400e-02  2.950000e+06  3.803600e-02  2.960000e+06  2.763000e-02
  2.970000e+06  2.174220e-02  2.980000e+06  1.821710e-02  2.985970e+06  1.695140e-02
  2.990000e+06  1.609701e-02  3.000000e+06  1.490304e-02  3.010000e+06  1.437307e-02
  3.020000e+06  1.436510e-02  3.030000e+06  1.480313e-02  3.040000e+06  1.565516e-02
  3.050000e+06  1.692519e-02  3.060000e+06  1.864952e-02  3.070000e+06  2.089285e-02
  3.080000e+06  2.376528e-02  3.090000e+06  2.742931e-02  3.100000e+06  3.211634e-02
  3.110000e+06  3.817037e-02  3.120000e+06  4.607339e-02  3.130000e+06  5.649542e-02
  3.140000e+06  7.028845e-02  3.150000e+06  8.830248e-02  3.160000e+06  1.106395e-01
  3.170000e+06  1.349205e-01  3.180000e+06  1.544096e-01  3.190000e+06  1.604496e-01
  3.200000e+06  1.509796e-01  3.210000e+06  1.331000e-01  3.220000e+06  1.151495e-01
  3.230000e+06  1.012996e-01  3.240000e+06  9.240783e-02  3.250000e+06  8.808120e-02
  3.260000e+06  8.775020e-02  3.270000e+06  9.105550e-02  3.280000e+06  9.789740e-02
  3.290000e+06  1.083600e-01  3.300000e+06  1.224403e-01  3.310000e+06  1.395107e-01
  3.320000e+06  1.571006e-01  3.330000e+06  1.696407e-01  3.340000e+06  1.693696e-01
  3.350000e+06  1.525397e-01  3.360000e+06  1.248297e-01  3.370000e+06  9.631750e-02
  3.380000e+06  7.338510e-02  3.390000e+06  5.747220e-02  3.400000e+06  4.773570e-02
  3.410000e+06  4.330710e-02  3.420000e+06  4.634730e-02  3.430000e+06  6.482590e-02
  3.440000e+06  5.516420e-02  3.450000e+06  5.462490e-02  3.460000e+06  6.063020e-02
  3.470000e+06  7.087210e-02  3.480000e+06  8.571620e-02  3.490000e+06  1.063400e-01
  3.500000e+06  1.332601e-01  3.510000e+06  1.619990e-01  3.520000e+06  1.810910e-01
  3.530000e+06  1.939100e-01  3.540000e+06  2.275010e-01  3.550000e+06  2.699750e-01
  3.560000e+06  2.570770e-01  3.570000e+06  2.251140e-01  3.580000e+06  2.270160e-01
  3.590000e+06  2.798690e-01  3.600000e+06  3.470590e-01  3.610000e+06  3.089970e-01
  3.620000e+06  2.516720e-01  3.630000e+06  2.232020e-01  3.640000e+06  2.109820e-01
  3.650000e+06  2.055600e-01  3.660000e+06  2.025030e-01  3.670000e+06  1.997100e-01
  3.680000e+06  1.962590e-01  3.690000e+06  1.919200e-01  3.700000e+06  1.868500e-01
  3.710000e+06  1.815910e-01  3.720000e+06  1.768500e-01  3.730000e+06  1.735400e-01
  3.740000e+06  1.727300e-01  3.750000e+06  1.756100e-01  3.760000e+06  1.836400e-01
  3.770000e+06  1.985600e-01  3.780000e+06  2.222640e-01  3.790000e+06  2.564510e-01
  3.800000e+06  3.012320e-01  3.810000e+06  3.524420e-01  3.820000e+06  3.989280e-01
  3.830000e+06  4.245580e-01  3.840000e+06  4.194510e-01  3.850000e+06  3.897570e-01
  3.860000e+06  3.522720e-01  3.870000e+06  3.224650e-01  3.880000e+06  3.089250e-01
  3.890000e+06  3.131350e-01  3.900000e+06  3.280990e-01  3.910000e+06  3.376170e-01
  3.920000e+06  3.256360e-01  3.930000e+06  2.909880e-01  3.940000e+06  2.456180e-01
  3.950000e+06  2.011100e-01  3.960000e+06  1.629000e-01  3.970000e+06  1.321100e-01
  3.980000e+06  1.080700e-01  3.990000e+06  1.002990e-01  4.000000e+06  9.247500e-02
  4.010000e+06  9.261000e-02  4.020000e+06  9.301500e-02  4.030000e+06  9.382600e-02
  4.040000e+06  9.315000e-02  4.050000e+06  9.234100e-02  4.060000e+06  1.248700e-01
  4.070000e+06  1.771300e-01  4.080000e+06  2.495460e-01  4.090000e+06  3.215650e-01
  4.100000e+06  3.501560e-01  4.110000e+06  3.217390e-01  4.120000e+06  2.703270e-01
  4.130000e+06  2.263750e-01  4.140000e+06  1.989500e-01  4.150000e+06  1.869300e-01
  4.160000e+06  1.864200e-01  4.170000e+06  1.932100e-01  4.180000e+06  2.046100e-01
  4.190000e+06  2.213900e-01  4.200000e+06  2.479820e-01  4.210000e+06  2.897180e-01
  4.220000e+06  3.469790e-01  4.230000e+06  4.035250e-01  4.240000e+06  4.267570e-01
  4.250000e+06  4.278550e-01  4.260000e+06  4.417440e-01  4.260910e+06  4.394948e-01
  4.267020e+06  4.244383e-01  4.270000e+06  4.171179e-01  4.280000e+06  3.499686e-01
  4.290000e+06  2.930244e-01  4.300000e+06  2.670642e-01  4.310000e+06  2.701119e-01
  4.320000e+06  2.957327e-01  4.330000e+06  3.371115e-01  4.340000e+06  3.866952e-01
  4.350000e+06  4.357200e-01  4.356250e+06  4.604249e-01  4.360000e+06  4.753306e-01
  4.370000e+06  4.987912e-01  4.380000e+06  5.032279e-01  4.390000e+06  4.901975e-01
  4.400000e+06  4.640711e-01  4.410000e+06  4.277888e-01  4.420000e+06  3.900871e-01
  4.430000e+06  3.521545e-01  4.440000e+06  3.161478e-01  4.450000e+06  2.833022e-01
  4.460000e+06  2.544035e-01  4.470000e+06  2.299925e-01  4.480000e+06  1.984833e-01
  4.490000e+06  1.703538e-01  4.500000e+06  1.374957e-01  4.510000e+06  1.694449e-01
  4.520000e+06  2.164576e-01  4.530000e+06  2.733718e-01  4.540000e+06  4.191245e-01
  4.550000e+06  4.794774e-01  4.560000e+06  4.162452e-01  4.570000e+06  4.070171e-01
  4.580000e+06  4.319570e-01  4.590000e+06  4.457229e-01  4.600000e+06  4.448647e-01
  4.610000e+06  4.327646e-01  4.620000e+06  4.414460e-01  4.630000e+06  4.368450e-01
  4.640000e+06  4.393630e-01  4.650000e+06  4.299220e-01  4.660000e+06  4.085490e-01
  4.670000e+06  3.803050e-01  4.680000e+06  3.500060e-01  4.690000e+06  3.206550e-01
  4.700000e+06  2.943510e-01  4.710000e+06  2.754300e-01  4.720000e+06  2.804210e-01
  4.730000e+06  2.673400e-01  4.740000e+06  2.356700e-01  4.750000e+06  2.178610e-01
  4.760000e+06  2.088010e-01  4.770000e+06  2.065100e-01  4.780000e+06  2.091800e-01
  4.790000e+06  2.123800e-01  4.800000e+06  2.102390e-01  4.810000e+06  2.121110e-01
  4.820000e+06  2.353710e-01  4.830000e+06  2.352390e-01  4.840000e+06  2.239410e-01
  4.850000e+06  2.621810e-01  4.860000e+06  3.864360e-01  4.870000e+06  4.525650e-01
  4.880000e+06  3.953730e-01  4.890000e+06  3.195010e-01  4.900000e+06  2.702680e-01
  4.910000e+06  2.698210e-01  4.920000e+06  3.284660e-01  4.930000e+06  3.855110e-01
  4.940000e+06  3.846760e-01  4.950000e+06  3.514690e-01  4.960000e+06  3.130930e-01
  4.970000e+06  2.779370e-01  4.980000e+06  2.469737e-01  4.990000e+06  2.193585e-01
  5.000000e+06  1.941221e-01  5.010000e+06  1.732199e-01  5.020000e+06  1.531904e-01
  5.030000e+06  1.359696e-01  5.040000e+06  1.297405e-01  5.050000e+06  1.615894e-01
  5.060000e+06  2.870977e-01  5.070000e+06  4.613230e-01  5.080000e+06  5.018350e-01
  5.090000e+06  4.550070e-01  5.100000e+06  4.049810e-01  5.110000e+06  3.789980e-01
  5.120000e+06  4.032990e-01  5.130000e+06  4.517690e-01  5.140000e+06  4.226860e-01
  5.150000e+06  3.762410e-01  5.200000e+06  3.705146e-01  5.400000e+06  4.270335e-01
  5.600000e+06  4.659090e-01  5.800000e+06  4.926474e-01  6.000000e+06  5.113190e-01
  6.200000e+06  5.247620e-01  6.400000e+06  5.347462e-01  6.600000e+06  5.423217e-01
  6.800000e+06  5.482056e-01  7.000000e+06  5.528875e-01  7.200000e+06  5.566607e-01
  7.400000e+06  5.599373e-01  7.600000e+06  5.630371e-01  7.800000e+06  5.661899e-01
  8.000000e+06  5.697520e-01  8.200000e+06  5.715937e-01  8.400000e+06  5.733773e-01
  8.600000e+06  5.751002e-01  8.800000e+06  5.768057e-01  9.000000e+06  5.784813e-01
  9.116330e+06  5.802080e-01  9.200000e+06  5.814499e-01  9.400000e+06  5.844146e-01
  9.600000e+06  5.873667e-01  9.800000e+06  5.903084e-01  9.833270e+06  5.907959e-01
  1.000000e+07  5.932392e-01  1.020000e+07  6.112616e-01  1.040000e+07  6.353355e-01
  1.060000e+07  6.630206e-01  1.080000e+07  6.918465e-01  1.100000e+07  7.193608e-01
  1.120000e+07  7.436348e-01  1.140000e+07  7.648790e-01  1.160000e+07  7.839011e-01
  1.180000e+07  8.014069e-01  1.200000e+07  8.181907e-01  1.220000e+07  8.348603e-01
  1.240000e+07  8.513963e-01  1.260000e+07  8.675752e-01  1.280000e+07  8.832312e-01
  1.300000e+07  8.981140e-01  1.320000e+07  9.121494e-01  1.340000e+07  9.253477e-01
  1.360000e+07  9.377900e-01  1.380000e+07  9.496060e-01  1.400000e+07  9.608715e-01
  1.420000e+07  9.716710e-01  1.440000e+07  9.819793e-01  1.460000e+07  9.917800e-01
  1.480000e+07  1.001008e+00  1.500000e+07  1.009699e+00
