NMSAlphaLE
JENDL
            93
  2.362900e+06  0.000000e+00  2.500000e+06  3.312000e-04  3.000000e+06  4.234500e-03
  3.068730e+06  5.425110e-03  3.158320e+06  9.016082e-03  3.441500e+06  2.388736e-02
  3.500000e+06  2.736357e-02  4.000000e+06  6.175370e-02  4.212940e+06  7.614559e-02
  4.500000e+06  9.759970e-02  4.707870e+06  1.074929e-01  4.726030e+06  1.088934e-01
  4.764890e+06  1.133457e-01  5.000000e+06  1.473185e-01  5.040320e+06  1.508689e-01
  5.476170e+06  2.027419e-01  5.500000e+06  2.065100e-01  5.957410e+06  2.492248e-01
  6.000000e+06  2.547746e-01  6.067590e+06  2.584490e-01  6.500000e+06  2.916009e-01
  6.623290e+06  2.958397e-01  6.850900e+06  3.100799e-01  7.000000e+06  3.203737e-01
  7.135410e+06  3.243519e-01  7.291580e+06  3.307035e-01  7.500000e+06  3.442427e-01
  7.563990e+06  3.447434e-01  7.591830e+06  3.453290e-01  7.641470e+06  3.468317e-01
  7.773440e+06  3.525764e-01  7.840020e+06  3.569546e-01  7.911450e+06  3.618342e-01
  7.958670e+06  3.659446e-01  8.000000e+06  3.700852e-01  8.065210e+06  3.717168e-01
  8.140270e+06  3.748240e-01  8.491370e+06  3.940270e-01  8.500000e+06  3.947534e-01
  8.537380e+06  3.954183e-01  8.617280e+06  3.980353e-01  8.800090e+06  4.055544e-01
  9.000000e+06  4.256000e-01  9.500000e+06  4.426000e-01  1.000000e+07  4.657003e-01
  1.050000e+07  4.774996e-01  1.052210e+07  4.779253e-01  1.060000e+07  4.794333e-01
  1.070000e+07  4.813905e-01  1.080000e+07  4.833720e-01  1.090000e+07  4.853777e-01
  1.100000e+07  4.874076e-01  1.110000e+07  4.894167e-01  1.120000e+07  4.918676e-01
  1.130000e+07  4.948721e-01  1.140000e+07  4.985420e-01  1.150000e+07  5.029893e-01
  1.160000e+07  5.037879e-01  1.170000e+07  5.054433e-01  1.180000e+07  5.079233e-01
  1.190000e+07  5.111956e-01  1.200000e+07  5.152277e-01  1.210000e+07  5.166817e-01
  1.220000e+07  5.186999e-01  1.230000e+07  5.211186e-01  1.240000e+07  5.237745e-01
  1.250000e+07  5.265041e-01  1.260000e+07  5.233149e-01  1.263000e+07  5.223397e-01
  1.270000e+07  5.200641e-01  1.280000e+07  5.167801e-01  1.290000e+07  5.134901e-01
  1.300000e+07  5.102241e-01  1.310000e+07  5.114600e-01  1.320000e+07  5.126789e-01
  1.330000e+07  5.138098e-01  1.340000e+07  5.147847e-01  1.350000e+07  5.155347e-01
  1.360000e+07  5.156668e-01  1.370000e+07  5.155559e-01  1.380000e+07  5.152540e-01
  1.390000e+07  5.148121e-01  1.400000e+07  5.142842e-01  1.410000e+07  5.145101e-01
  1.420000e+07  5.147151e-01  1.430000e+07  5.149121e-01  1.440000e+07  5.151151e-01
  1.450000e+07  5.153383e-01  1.460000e+07  5.145152e-01  1.470000e+07  5.137403e-01
  1.480000e+07  5.130280e-01  1.490000e+07  5.123928e-01  1.500000e+07  5.118493e-01
