             3             3
            16
             0
             5
  1.417450e+07  0.000000e+00  1.485000e+07  4.348900e-10  1.490000e+07  7.665300e-09
  1.495000e+07  1.350800e-07  1.500000e+07  2.379700e-06
            16
             6
  1.091470e+01             3             1
  1.000000e+00  1.000000e+00             0             1
 -1.039520e+07 -1.039520e+07             2
             1
             2             2
  1.417450e+07  2.000000e+00  1.500000e+07  2.000000e+00
          5011             2             2             3
             1
             3            22
  1.417450e+07             3             0             2
  0.000000e+00  0.000000e+00  0.000000e+00
  5.000000e-01  2.000000e+00  0.000000e+00
  1.000000e+00  0.000000e+00  0.000000e+00
  1.450000e+07            10             0             2
  0.000000e+00  0.000000e+00  0.000000e+00
  1.224500e+04  9.508570e-06  0.000000e+00
  3.674500e+04  9.743930e-06  0.000000e+00
  6.123500e+04  9.093390e-06  0.000000e+00
  8.573500e+04  6.570330e-06  0.000000e+00
  1.102550e+05  4.307100e-06  0.000000e+00
  1.347550e+05  2.511770e-06  0.000000e+00
  1.592550e+05  1.140090e-06  0.000000e+00
  1.837550e+05  3.186780e-07  0.000000e+00
  2.082550e+05  0.000000e+00  0.000000e+00
  1.500000e+07            10             0             2
  0.000000e+00  0.000000e+00  0.000000e+00
  3.105500e+04  3.752250e-06  0.000000e+00
  9.314500e+04  3.842670e-06  0.000000e+00
  1.552450e+05  3.588380e-06  0.000000e+00
  2.173450e+05  2.592860e-06  0.000000e+00
  2.794450e+05  1.699060e-06  0.000000e+00
  3.415450e+05  9.908060e-07  0.000000e+00
  4.036450e+05  4.498180e-07  0.000000e+00
  4.657450e+05  1.257340e-07  0.000000e+00
  5.278450e+05  0.000000e+00  0.000000e+00
