             3             3
            16
             0
            28
  9.116330e+06  0.000000e+00  9.800000e+06  6.226600e-10  1.000000e+07  7.124100e-03
  1.020000e+07  1.502000e-02  1.040000e+07  3.110500e-02  1.060000e+07  5.364700e-02
  1.080000e+07  7.794300e-02  1.100000e+07  1.095800e-01  1.120000e+07  1.246200e-01
  1.140000e+07  1.404000e-01  1.160000e+07  1.548700e-01  1.180000e+07  1.677300e-01
  1.200000e+07  1.809900e-01  1.220000e+07  1.920400e-01  1.240000e+07  2.033800e-01
  1.260000e+07  2.140000e-01  1.280000e+07  2.237800e-01  1.300000e+07  2.335400e-01
  1.320000e+07  2.419000e-01  1.340000e+07  2.501500e-01  1.360000e+07  2.577400e-01
  1.380000e+07  2.646700e-01  1.400000e+07  2.714700e-01  1.420000e+07  2.773100e-01
  1.440000e+07  2.829900e-01  1.460000e+07  2.881500e-01  1.480000e+07  2.927700e-01
  1.500000e+07  2.971600e-01
            16
             6
  1.784450e+01             3             1
  1.000000e+00  1.000000e+00             0             1
 -7.457870e+06 -7.457870e+06             2
             1
             2             2
  9.116330e+06  2.000000e+00  1.500000e+07  2.000000e+00
          8018             2             2            13
             1
            13            22
  9.116330e+06             3             0             2
  0.000000e+00  0.000000e+00  0.000000e+00
  5.000000e-01  2.000000e+00  0.000000e+00
  1.000000e+00  0.000000e+00  0.000000e+00
  9.500000e+06            10             0             2
  0.000000e+00  0.000000e+00  0.000000e+00
  1.609000e+04  7.239700e-06  0.000000e+00
  4.827000e+04  7.415800e-06  0.000000e+00
  8.045000e+04  6.924240e-06  0.000000e+00
  1.126100e+05  5.003190e-06  0.000000e+00
  1.448100e+05  3.278960e-06  0.000000e+00
  1.770100e+05  1.912570e-06  0.000000e+00
  2.092100e+05  8.679550e-07  0.000000e+00
  2.413100e+05  2.426730e-07  0.000000e+00
  2.735100e+05  0.000000e+00  0.000000e+00
  1.000000e+07            10             0             2
  0.000000e+00  0.000000e+00  0.000000e+00
  3.706500e+04  3.142660e-06  0.000000e+00
  1.112350e+05  3.218950e-06  0.000000e+00
  1.853350e+05  3.005170e-06  0.000000e+00
  2.594350e+05  2.171710e-06  0.000000e+00
  3.336350e+05  1.423950e-06  0.000000e+00
  4.077350e+05  8.302580e-07  0.000000e+00
  4.818350e+05  3.767990e-07  0.000000e+00
  5.560350e+05  1.053830e-07  0.000000e+00
  6.301350e+05  0.000000e+00  0.000000e+00
  1.050000e+07            10             0             2
  0.000000e+00  0.000000e+00  0.000000e+00
  5.805000e+04  2.006770e-06  0.000000e+00
  1.741500e+05  2.055730e-06  0.000000e+00
  2.902500e+05  1.919190e-06  0.000000e+00
  4.063500e+05  1.387130e-06  0.000000e+00
  5.223500e+05  9.090240e-07  0.000000e+00
  6.384500e+05  5.301780e-07  0.000000e+00
  7.545500e+05  2.406050e-07  0.000000e+00
  8.706500e+05  6.726570e-08  0.000000e+00
  9.869500e+05  0.000000e+00  0.000000e+00
  1.100000e+07            10             0             2
  0.000000e+00  0.000000e+00  0.000000e+00
  7.900000e+04  1.473940e-06  0.000000e+00
  2.371000e+05  1.509730e-06  0.000000e+00
  3.951000e+05  1.409900e-06  0.000000e+00
  5.532000e+05  1.019040e-06  0.000000e+00
  7.112000e+05  6.677470e-07  0.000000e+00
  8.693000e+05  3.895350e-07  0.000000e+00
  1.027000e+06  1.767790e-07  0.000000e+00
  1.185000e+06  4.941700e-08  0.000000e+00
  1.343000e+06  0.000000e+00  0.000000e+00
  1.150000e+07            10             0             2
  0.000000e+00  0.000000e+00  0.000000e+00
  1.000000e+05  1.164910e-06  0.000000e+00
  3.000000e+05  1.193160e-06  0.000000e+00
  5.000000e+05  1.114060e-06  0.000000e+00
  7.000000e+05  8.049860e-07  0.000000e+00
  9.000000e+05  5.276480e-07  0.000000e+00
  1.100000e+06  3.077550e-07  0.000000e+00
  1.300000e+06  1.396580e-07  0.000000e+00
  1.500000e+06  3.904390e-08  0.000000e+00
  1.700000e+06  0.000000e+00  0.000000e+00
  1.200000e+07            12             0             2
  0.000000e+00  0.000000e+00  0.000000e+00
  1.000000e+05  8.871760e-07  0.000000e+00
  3.000000e+05  9.794870e-07  0.000000e+00
  5.000000e+05  9.966880e-07  0.000000e+00
  7.000000e+05  7.924770e-07  0.000000e+00
  9.000000e+05  5.916100e-07  0.000000e+00
  1.100000e+06  4.253360e-07  0.000000e+00
  1.300000e+06  2.846720e-07  0.000000e+00
  1.500000e+06  1.672300e-07  0.000000e+00
  1.700000e+06  7.596040e-08  0.000000e+00
  1.900000e+06  2.115690e-08  0.000000e+00
  2.100000e+06  0.000000e+00  0.000000e+00
  1.250000e+07            14             0             2
  0.000000e+00  0.000000e+00  0.000000e+00
  1.000000e+05  7.033610e-07  0.000000e+00
  3.000000e+05  8.270520e-07  0.000000e+00
  5.000000e+05  8.955550e-07  0.000000e+00
  7.000000e+05  7.534360e-07  0.000000e+00
  9.000000e+05  5.985810e-07  0.000000e+00
  1.100000e+06  4.669780e-07  0.000000e+00
  1.300000e+06  3.528380e-07  0.000000e+00
  1.500000e+06  2.538470e-07  0.000000e+00
  1.700000e+06  1.690380e-07  0.000000e+00
  1.900000e+06  9.850910e-08  0.000000e+00
  2.100000e+06  4.438220e-08  0.000000e+00
  2.300000e+06  1.226300e-08  0.000000e+00
  2.500000e+06  0.000000e+00  0.000000e+00
  1.300000e+07            16             0             2
  0.000000e+00  0.000000e+00  0.000000e+00
  1.000000e+05  5.735570e-07  0.000000e+00
  3.000000e+05  7.134250e-07  0.000000e+00
  5.000000e+05  8.132750e-07  0.000000e+00
  7.000000e+05  7.132310e-07  0.000000e+00
  9.000000e+05  5.891950e-07  0.000000e+00
  1.100000e+06  4.798260e-07  0.000000e+00
  1.300000e+06  3.826950e-07  0.000000e+00
  1.500000e+06  2.972200e-07  0.000000e+00
  1.700000e+06  2.227210e-07  0.000000e+00
  1.900000e+06  1.586140e-07  0.000000e+00
  2.100000e+06  1.046100e-07  0.000000e+00
  2.300000e+06  6.046380e-08  0.000000e+00
  2.500000e+06  2.708970e-08  0.000000e+00
  2.700000e+06  7.468380e-09  0.000000e+00
  2.900000e+06  0.000000e+00  0.000000e+00
  1.350000e+07            18             0             2
  0.000000e+00  0.000000e+00  0.000000e+00
  1.000000e+05  4.772390e-07  0.000000e+00
  3.000000e+05  6.251250e-07  0.000000e+00
  5.000000e+05  7.449960e-07  0.000000e+00
  7.000000e+05  6.759820e-07  0.000000e+00
  9.000000e+05  5.754390e-07  0.000000e+00
  1.100000e+06  4.825100e-07  0.000000e+00
  1.300000e+06  3.972920e-07  0.000000e+00
  1.500000e+06  3.205670e-07  0.000000e+00
  1.700000e+06  2.528220e-07  0.000000e+00
  1.900000e+06  1.941560e-07  0.000000e+00
  2.100000e+06  1.440790e-07  0.000000e+00
  2.300000e+06  1.018120e-07  0.000000e+00
  2.500000e+06  6.678800e-08  0.000000e+00
  2.700000e+06  3.850900e-08  0.000000e+00
  2.900000e+06  1.724850e-08  0.000000e+00
  3.100000e+06  4.744080e-09  0.000000e+00
  3.300000e+06  0.000000e+00  0.000000e+00
  1.400000e+07            20             0             2
  0.000000e+00  0.000000e+00  0.000000e+00
  1.000000e+05  4.032900e-07  0.000000e+00
  3.000000e+05  5.539850e-07  0.000000e+00
  5.000000e+05  6.867500e-07  0.000000e+00
  7.000000e+05  6.415810e-07  0.000000e+00
  9.000000e+05  5.599620e-07  0.000000e+00
  1.100000e+06  4.806960e-07  0.000000e+00
  1.300000e+06  4.052500e-07  0.000000e+00
  1.500000e+06  3.353890e-07  0.000000e+00
  1.700000e+06  2.723880e-07  0.000000e+00
  1.900000e+06  2.171260e-07  0.000000e+00
  2.100000e+06  1.695070e-07  0.000000e+00
  2.300000e+06  1.291390e-07  0.000000e+00
  2.500000e+06  9.525730e-08  0.000000e+00
  2.700000e+06  6.709750e-08  0.000000e+00
  2.900000e+06  4.390540e-08  0.000000e+00
  3.100000e+06  2.521060e-08  0.000000e+00
  3.300000e+06  1.121880e-08  0.000000e+00
  3.500000e+06  3.068770e-09  0.000000e+00
  3.700000e+06  0.000000e+00  0.000000e+00
  1.450000e+07            22             0             2
  0.000000e+00  0.000000e+00  0.000000e+00
  1.000000e+05  3.454240e-07  0.000000e+00
  3.000000e+05  4.957790e-07  0.000000e+00
  5.000000e+05  6.361110e-07  0.000000e+00
  7.000000e+05  6.093810e-07  0.000000e+00
  9.000000e+05  5.434410e-07  0.000000e+00
  1.100000e+06  4.759290e-07  0.000000e+00
  1.300000e+06  4.092020e-07  0.000000e+00
  1.500000e+06  3.455220e-07  0.000000e+00
  1.700000e+06  2.868540e-07  0.000000e+00
  1.900000e+06  2.341810e-07  0.000000e+00
  2.100000e+06  1.880920e-07  0.000000e+00
  2.300000e+06  1.485860e-07  0.000000e+00
  2.500000e+06  1.152720e-07  0.000000e+00
  2.700000e+06  8.747140e-08  0.000000e+00
  2.900000e+06  6.432850e-08  0.000000e+00
  3.100000e+06  4.510660e-08  0.000000e+00
  3.300000e+06  2.935370e-08  0.000000e+00
  3.500000e+06  1.679460e-08  0.000000e+00
  3.700000e+06  7.474530e-09  0.000000e+00
  3.900000e+06  2.050930e-09  0.000000e+00
  4.100000e+06  0.000000e+00  0.000000e+00
  1.500000e+07            24             0             2
  0.000000e+00  0.000000e+00  0.000000e+00
  1.000000e+05  2.990660e-07  0.000000e+00
  3.000000e+05  4.470230e-07  0.000000e+00
  5.000000e+05  5.913360e-07  0.000000e+00
  7.000000e+05  5.791210e-07  0.000000e+00
  9.000000e+05  5.260260e-07  0.000000e+00
  1.100000e+06  4.687930e-07  0.000000e+00
  1.300000e+06  4.099850e-07  0.000000e+00
  1.500000e+06  3.523580e-07  0.000000e+00
  1.700000e+06  2.977860e-07  0.000000e+00
  1.900000e+06  2.478430e-07  0.000000e+00
  2.100000e+06  2.033180e-07  0.000000e+00
  2.300000e+06  1.645060e-07  0.000000e+00
  2.500000e+06  1.312110e-07  0.000000e+00
  2.700000e+06  1.032350e-07  0.000000e+00
  2.900000e+06  7.976090e-08  0.000000e+00
  3.100000e+06  6.025650e-08  0.000000e+00
  3.300000e+06  4.410140e-08  0.000000e+00
  3.500000e+06  3.085230e-08  0.000000e+00
  3.700000e+06  2.009540e-08  0.000000e+00
  3.900000e+06  1.152530e-08  0.000000e+00
  4.100000e+06  5.148950e-09  0.000000e+00
  4.300000e+06  1.418500e-09  0.000000e+00
  4.500000e+06  0.000000e+00  0.000000e+00
