             0             3
            51
             0
           431
  1.000000e-05  0.000000e+00  1.500000e+06  0.000000e+00  1.520000e+06  2.587000e-03
  1.540000e+06  5.587000e-03  1.560000e+06  8.359000e-03  1.580000e+06  1.024100e-02
  1.600000e+06  1.181500e-02  1.620000e+06  1.364100e-02  1.640000e+06  1.643100e-02
  1.660000e+06  2.059000e-02  1.680000e+06  2.639500e-02  1.700000e+06  3.444900e-02
  1.720000e+06  4.421300e-02  1.740000e+06  5.590100e-02  1.760000e+06  7.790400e-02
  1.780000e+06  1.116000e-01  1.800000e+06  1.766400e-01  1.820000e+06  1.962800e-01
  1.840000e+06  2.299800e-01  1.860000e+06  2.507000e-01  1.880000e+06  2.625400e-01
  1.900000e+06  2.583600e-01  1.920000e+06  2.270300e-01  1.940000e+06  1.988800e-01
  1.960000e+06  1.791900e-01  1.980000e+06  1.636900e-01  2.000000e+06  1.507500e-01
  2.020000e+06  1.390700e-01  2.040000e+06  1.284900e-01  2.060000e+06  1.191800e-01
  2.080000e+06  1.112600e-01  2.100000e+06  1.046900e-01  2.120000e+06  9.921000e-02
  2.140000e+06  9.456800e-02  2.160000e+06  9.050500e-02  2.180000e+06  8.676400e-02
  2.200000e+06  8.308700e-02  2.220000e+06  7.928700e-02  2.240000e+06  7.545500e-02
  2.260000e+06  7.175300e-02  2.280000e+06  6.834100e-02  2.300000e+06  6.538200e-02
  2.320000e+06  6.303200e-02  2.340000e+06  6.131500e-02  2.360000e+06  6.012700e-02
  2.380000e+06  5.935800e-02  2.400000e+06  5.889800e-02  2.420000e+06  5.863600e-02
  2.440000e+06  5.846200e-02  2.460000e+06  5.834600e-02  2.480000e+06  6.008400e-02
  2.500000e+06  6.730300e-02  2.520000e+06  7.351700e-02  2.540000e+06  6.659800e-02
  2.560000e+06  6.993000e-02  2.580000e+06  7.856800e-02  2.600000e+06  7.749900e-02
  2.620000e+06  7.149300e-02  2.640000e+06  7.117100e-02  2.660000e+06  7.200100e-02
  2.680000e+06  7.202800e-02  2.700000e+06  6.705500e-02  2.720000e+06  6.473300e-02
  2.740000e+06  6.735200e-02  2.760000e+06  6.592900e-02  2.780000e+06  6.008400e-02
  2.800000e+06  5.679100e-02  2.820000e+06  5.634400e-02  2.840000e+06  5.726600e-02
  2.860000e+06  5.811400e-02  2.880000e+06  5.826200e-02  2.900000e+06  5.789600e-02
  2.920000e+06  5.723500e-02  2.940000e+06  5.651100e-02  2.960000e+06  5.596300e-02
  2.980000e+06  5.578400e-02  3.000000e+06  5.598300e-02  3.020000e+06  5.651900e-02
  3.040000e+06  5.735600e-02  3.060000e+06  5.845300e-02  3.080000e+06  5.977100e-02
  3.100000e+06  6.125900e-02  3.120000e+06  6.286900e-02  3.140000e+06  6.454800e-02
  3.160000e+06  6.624500e-02  3.180000e+06  6.791000e-02  3.200000e+06  6.949200e-02
  3.220000e+06  7.095400e-02  3.240000e+06  7.227200e-02  3.260000e+06  7.342400e-02
  3.280000e+06  7.438500e-02  3.300000e+06  7.513300e-02  3.320000e+06  7.564400e-02
  3.340000e+06  7.589600e-02  3.360000e+06  7.590400e-02  3.380000e+06  7.571700e-02
  3.400000e+06  7.538700e-02  3.420000e+06  7.496400e-02  3.440000e+06  7.450000e-02
  3.460000e+06  7.404300e-02  3.480000e+06  7.363900e-02  3.500000e+06  7.333400e-02
  3.520000e+06  7.317300e-02  3.540000e+06  7.320100e-02  3.560000e+06  7.346500e-02
  3.580000e+06  7.398900e-02  3.600000e+06  7.471400e-02  3.620000e+06  7.556300e-02
  3.640000e+06  7.645600e-02  3.660000e+06  7.732400e-02  3.680000e+06  7.829500e-02
  3.700000e+06  7.970200e-02  3.720000e+06  8.185800e-02  3.740000e+06  8.447600e-02
  3.760000e+06  8.667200e-02  3.780000e+06  8.753600e-02  3.800000e+06  8.622300e-02
  3.820000e+06  8.340900e-02  3.840000e+06  8.129200e-02  3.860000e+06  8.213400e-02
  3.880000e+06  8.819900e-02  3.900000e+06  1.017800e-01  3.920000e+06  1.258600e-01
  3.940000e+06  1.628500e-01  3.960000e+06  2.094300e-01  3.980000e+06  2.442200e-01
  4.000000e+06  2.487700e-01  4.020000e+06  2.252200e-01  4.040000e+06  1.930000e-01
  4.060000e+06  1.710100e-01  4.080000e+06  1.544500e-01  4.100000e+06  1.453400e-01
  4.120000e+06  1.449200e-01  4.140000e+06  1.501700e-01  4.160000e+06  1.570600e-01
  4.180000e+06  1.631800e-01  4.200000e+06  1.677500e-01  4.220000e+06  1.706000e-01
  4.240000e+06  1.736200e-01  4.260000e+06  1.792600e-01  4.280000e+06  1.888800e-01
  4.300000e+06  1.995900e-01  4.320000e+06  2.075800e-01  4.340000e+06  2.122300e-01
  4.360000e+06  2.161500e-01  4.380000e+06  2.220400e-01  4.400000e+06  2.316800e-01
  4.420000e+06  2.429700e-01  4.440000e+06  2.529100e-01  4.460000e+06  2.601800e-01
  4.480000e+06  2.651700e-01  4.500000e+06  2.683100e-01  4.520000e+06  2.700500e-01
  4.540000e+06  2.708300e-01  4.560000e+06  2.710700e-01  4.580000e+06  2.710900e-01
  4.600000e+06  2.711900e-01  4.620000e+06  2.716700e-01  4.640000e+06  2.728300e-01
  4.660000e+06  2.747100e-01  4.680000e+06  2.771600e-01  4.700000e+06  2.800000e-01
  4.720000e+06  2.830500e-01  4.740000e+06  2.861400e-01  4.760000e+06  2.892100e-01
  4.780000e+06  2.927100e-01  4.800000e+06  2.971800e-01  4.820000e+06  3.026500e-01
  4.840000e+06  3.085900e-01  4.860000e+06  3.144700e-01  4.880000e+06  3.198500e-01
  4.900000e+06  3.246300e-01  4.920000e+06  3.288000e-01  4.940000e+06  3.323500e-01
  4.960000e+06  3.352700e-01  4.980000e+06  3.375500e-01  5.000000e+06  3.391800e-01
  5.020000e+06  3.401900e-01  5.040000e+06  3.407600e-01  5.060000e+06  3.411100e-01
  5.080000e+06  3.414500e-01  5.100000e+06  3.420100e-01  5.120000e+06  3.430000e-01
  5.140000e+06  3.446400e-01  5.160000e+06  3.471500e-01  5.180000e+06  3.506500e-01
  5.200000e+06  3.548700e-01  5.220000e+06  3.594200e-01  5.240000e+06  3.639500e-01
  5.260000e+06  3.680700e-01  5.280000e+06  3.714100e-01  5.300000e+06  3.736000e-01
  5.320000e+06  3.742900e-01  5.340000e+06  3.734600e-01  5.360000e+06  3.714800e-01
  5.380000e+06  3.687100e-01  5.400000e+06  3.655200e-01  5.420000e+06  3.622500e-01
  5.440000e+06  3.590500e-01  5.460000e+06  3.560600e-01  5.480000e+06  3.534000e-01
  5.500000e+06  3.512000e-01  5.520000e+06  3.495800e-01  5.540000e+06  3.486700e-01
  5.560000e+06  3.486000e-01  5.580000e+06  3.494700e-01  5.600000e+06  3.511300e-01
  5.620000e+06  3.531200e-01  5.640000e+06  3.570100e-01  5.660000e+06  3.763300e-01
  5.680000e+06  3.866200e-01  5.700000e+06  4.005300e-01  5.720000e+06  3.899000e-01
  5.740000e+06  3.770000e-01  5.760000e+06  3.622000e-01  5.780000e+06  3.458000e-01
  5.800000e+06  3.281500e-01  5.820000e+06  3.097800e-01  5.840000e+06  2.985600e-01
  5.860000e+06  2.873900e-01  5.880000e+06  2.766600e-01  5.900000e+06  2.667900e-01
  5.920000e+06  2.580800e-01  5.940000e+06  2.504400e-01  5.960000e+06  2.437100e-01
  5.980000e+06  2.376900e-01  6.000000e+06  2.322200e-01  6.020000e+06  2.271100e-01
  6.040000e+06  2.221800e-01  6.060000e+06  2.172500e-01  6.080000e+06  2.121900e-01
  6.100000e+06  2.070500e-01  6.120000e+06  2.019100e-01  6.140000e+06  1.968700e-01
  6.160000e+06  1.920200e-01  6.180000e+06  1.874600e-01  6.200000e+06  1.832700e-01
  6.220000e+06  1.795400e-01  6.240000e+06  1.763400e-01  6.260000e+06  1.736100e-01
  6.280000e+06  1.712600e-01  6.300000e+06  1.691900e-01  6.320000e+06  1.673300e-01
  6.340000e+06  1.655700e-01  6.360000e+06  1.638300e-01  6.380000e+06  1.620300e-01
  6.400000e+06  1.600600e-01  6.420000e+06  1.579300e-01  6.440000e+06  1.556600e-01
  6.460000e+06  1.533100e-01  6.480000e+06  1.509400e-01  6.500000e+06  1.485800e-01
  6.520000e+06  1.462900e-01  6.540000e+06  1.441300e-01  6.560000e+06  1.421300e-01
  6.580000e+06  1.403500e-01  6.600000e+06  1.388000e-01  6.620000e+06  1.374700e-01
  6.640000e+06  1.363200e-01  6.660000e+06  1.353500e-01  6.680000e+06  1.345300e-01
  6.700000e+06  1.338300e-01  6.720000e+06  1.332400e-01  6.740000e+06  1.327400e-01
  6.760000e+06  1.323000e-01  6.780000e+06  1.319100e-01  6.800000e+06  1.315300e-01
  6.820000e+06  1.311600e-01  6.840000e+06  1.307800e-01  6.860000e+06  1.303900e-01
  6.880000e+06  1.299800e-01  6.900000e+06  1.295400e-01  6.920000e+06  1.290800e-01
  6.940000e+06  1.285900e-01  6.960000e+06  1.280700e-01  6.980000e+06  1.275100e-01
  7.000000e+06  1.264300e-01  7.020000e+06  1.237800e-01  7.040000e+06  1.211800e-01
  7.060000e+06  1.186600e-01  7.080000e+06  1.162400e-01  7.100000e+06  1.139400e-01
  7.120000e+06  1.117800e-01  7.140000e+06  1.097700e-01  7.160000e+06  1.079600e-01
  7.180000e+06  1.063400e-01  7.200000e+06  1.049500e-01  7.220000e+06  1.039600e-01
  7.240000e+06  1.032000e-01  7.260000e+06  1.026500e-01  7.280000e+06  1.023300e-01
  7.300000e+06  1.022100e-01  7.320000e+06  1.023100e-01  7.340000e+06  1.026100e-01
  7.360000e+06  1.031100e-01  7.380000e+06  1.037900e-01  7.400000e+06  1.046800e-01
  7.420000e+06  1.058400e-01  7.440000e+06  1.071900e-01  7.460000e+06  1.087100e-01
  7.480000e+06  1.103700e-01  7.500000e+06  1.120900e-01  7.520000e+06  1.138000e-01
  7.540000e+06  1.154100e-01  7.560000e+06  1.168600e-01  7.580000e+06  1.180900e-01
  7.600000e+06  1.190000e-01  7.620000e+06  1.188500e-01  7.640000e+06  1.182500e-01
  7.660000e+06  1.172000e-01  7.680000e+06  1.157500e-01  7.700000e+06  1.139600e-01
  7.720000e+06  1.118800e-01  7.740000e+06  1.095900e-01  7.760000e+06  1.071000e-01
  7.780000e+06  1.045000e-01  7.800000e+06  1.018200e-01  7.820000e+06  9.985300e-02
  7.840000e+06  9.788100e-02  7.860000e+06  9.594600e-02  8.000000e+06  9.160400e-02
  8.020000e+06  9.005400e-02  8.040000e+06  8.850200e-02  8.060000e+06  8.695400e-02
  8.080000e+06  8.541400e-02  8.100000e+06  8.388300e-02  8.120000e+06  8.236600e-02
  8.140000e+06  8.086400e-02  8.160000e+06  7.937900e-02  8.180000e+06  7.791300e-02
  8.200000e+06  7.646800e-02  8.220000e+06  7.518600e-02  8.240000e+06  7.392600e-02
  8.260000e+06  7.268800e-02  8.280000e+06  7.147300e-02  8.300000e+06  7.028100e-02
  8.320000e+06  6.911400e-02  8.340000e+06  6.797000e-02  8.360000e+06  6.685200e-02
  8.380000e+06  6.575800e-02  8.400000e+06  6.469100e-02  8.420000e+06  6.597500e-02
  8.440000e+06  6.728800e-02  8.460000e+06  6.863200e-02  8.480000e+06  7.001000e-02
  8.500000e+06  7.142500e-02  8.520000e+06  7.288100e-02  8.540000e+06  7.438000e-02
  8.560000e+06  7.592600e-02  8.580000e+06  7.752000e-02  8.600000e+06  7.916500e-02
  8.620000e+06  8.112900e-02  8.640000e+06  8.314700e-02  8.660000e+06  8.522100e-02
  8.680000e+06  8.734800e-02  8.700000e+06  8.952800e-02  8.720000e+06  9.175500e-02
  8.740000e+06  9.402400e-02  8.760000e+06  9.632900e-02  8.780000e+06  9.866100e-02
  8.800000e+06  1.010100e-01  8.820000e+06  1.028400e-01  8.840000e+06  1.046500e-01
  8.860000e+06  1.064500e-01  8.880000e+06  1.082100e-01  8.900000e+06  1.099200e-01
  8.920000e+06  1.115800e-01  8.940000e+06  1.131700e-01  8.960000e+06  1.146900e-01
  8.980000e+06  1.161300e-01  9.000000e+06  1.174900e-01  9.020000e+06  1.172800e-01
  9.040000e+06  1.169700e-01  9.060000e+06  1.165900e-01  9.080000e+06  1.161200e-01
  9.100000e+06  1.155900e-01  9.120000e+06  1.149900e-01  9.140000e+06  1.143300e-01
  9.160000e+06  1.136100e-01  9.180000e+06  1.128600e-01  9.200000e+06  1.120600e-01
  9.220000e+06  1.098000e-01  9.240000e+06  1.075400e-01  9.260000e+06  1.052600e-01
  9.280000e+06  1.030000e-01  9.300000e+06  1.007400e-01  9.320000e+06  9.849400e-02
  9.340000e+06  9.626700e-02  9.360000e+06  9.406000e-02  9.380000e+06  9.187700e-02
  9.400000e+06  8.971800e-02  9.420000e+06  8.779500e-02  9.440000e+06  8.589600e-02
  9.460000e+06  8.402300e-02  9.480000e+06  8.217700e-02  9.500000e+06  8.035700e-02
  9.520000e+06  7.856400e-02  9.540000e+06  7.679800e-02  9.560000e+06  7.505700e-02
  9.580000e+06  7.334200e-02  9.600000e+06  7.165200e-02  9.620000e+06  7.026200e-02
  9.640000e+06  6.889400e-02  9.660000e+06  6.754600e-02  9.680000e+06  6.621800e-02
  9.700000e+06  6.490900e-02  9.720000e+06  6.361800e-02  9.740000e+06  6.234400e-02
  9.760000e+06  6.108700e-02  9.780000e+06  5.984600e-02  9.800000e+06  5.862000e-02
  9.820000e+06  5.757900e-02  9.840000e+06  5.655100e-02  9.860000e+06  5.553500e-02
  9.880000e+06  5.453000e-02  9.900000e+06  5.353700e-02  9.920000e+06  5.255500e-02
  9.940000e+06  5.158200e-02  9.960000e+06  5.061800e-02  9.980000e+06  4.966400e-02
  1.000000e+07  4.871800e-02  1.050000e+07  4.373000e-02  1.100000e+07  4.040000e-02
  1.150000e+07  3.197000e-02  1.200000e+07  2.370000e-02  1.250000e+07  1.742000e-02
  1.300000e+07  1.511000e-02  1.350000e+07  1.650000e-02  1.400000e+07  1.740000e-02
  1.450000e+07  1.541000e-02  1.500000e+07  1.345000e-02
            51
             6
  8.934760e+00             2             1
  1.000000e+00  1.000000e+00             0             2
  5.701170e+06  1.262170e+06             2
             1
             2             2
  1.000000e-05  1.000000e+00  1.500000e+07  1.000000e+00
            48
             1
            48             2
  1.000000e-05             0             8
  0.000000e+00  0.000000e+00  0.000000e+00  0.000000e+00  0.000000e+00  0.000000e+00
  0.000000e+00  0.000000e+00
  5.000000e+05             0             8
 -3.504600e-02  2.087350e-03 -4.061200e-03 -3.783600e-04 -7.626500e-06 -8.507000e-07
 -3.503000e-08 -1.572250e-09
  1.000000e+06             0             8
 -7.009000e-02  4.174650e-03 -8.122500e-03 -7.567000e-04 -1.525300e-05 -1.701400e-06
 -7.006000e-08 -3.144550e-09
  1.200000e+06             0             8
 -6.973500e-02  3.141300e-03 -8.673500e-03 -8.069500e-04 -1.898350e-05 -2.339400e-06
 -9.104000e-08 -4.400000e-09
  1.400000e+06             0             8
 -6.343000e-02  7.877500e-04 -8.414500e-03 -7.530500e-04 -2.090250e-05 -2.872400e-06
 -1.053900e-07 -5.615500e-09
  1.600000e+06             0             8
 -5.256500e-02 -2.977700e-03 -7.403000e-03 -5.825000e-04 -1.934450e-05 -2.691550e-06
 -9.296500e-08 -5.431000e-09
  1.800000e+06             0             8
 -2.543500e-02 -9.027500e-03 -5.303000e-03 -3.437050e-04 -2.078700e-05 -1.378050e-06
 -4.772650e-08 -2.742700e-09
  2.000000e+06             0             8
  3.446350e-02 -1.664500e-02 -3.121150e-03 -8.355000e-04 -7.773500e-05 -4.055000e-06
 -1.390750e-07 -7.597000e-09
  2.200000e+06             0             8
  2.496850e-02 -3.164200e-02 -5.156500e-03 -2.353800e-03 -1.649850e-04 -1.765850e-05
 -4.182000e-07 -2.875600e-08
  2.400000e+06             0             8
  4.577000e-02 -3.209600e-02 -1.448000e-02 -6.989500e-03 -4.343050e-04 -6.230000e-05
 -9.880500e-07 -7.745000e-08
  2.600000e+06             0             8
  4.334350e-02 -5.613000e-03 -1.647300e-02 -1.056600e-02 -6.676000e-04 -1.174100e-04
 -1.680250e-06 -1.477800e-07
  2.800000e+06             0             8
  2.704650e-02  5.167000e-03 -5.791500e-03 -9.025500e-03 -5.779500e-04 -1.285150e-04
 -4.711350e-06 -4.654700e-07
  3.000000e+06             0             8
  4.007650e-02  1.758400e-02 -1.506500e-03 -5.019000e-03 -2.838450e-04 -8.740000e-05
 -1.045050e-05 -1.169550e-06
  3.200000e+06             0             8
  8.095500e-02  2.489800e-02  1.911550e-02 -2.092050e-04 -1.461500e-05 -3.500550e-06
 -5.484500e-07 -5.713000e-08
  3.400000e+06             0             8
  9.221000e-02  6.488500e-02  2.662650e-02  4.274950e-03  3.166050e-03 -8.747500e-04
 -5.888500e-05 -3.476450e-05
  3.600000e+06             0             8
  1.019650e-01  9.632500e-02  3.851950e-02  9.418000e-03  7.002500e-03 -1.765950e-03
 -1.296700e-04 -7.321500e-05
  3.800000e+06             0             8
  1.220250e-01  9.716000e-02  4.549150e-02  1.310350e-02  1.157350e-02 -2.312550e-03
 -2.091050e-04 -1.126800e-04
  4.000000e+06             0             8
  4.102850e-02  7.275500e-02  8.200000e-03  4.098000e-03  8.534000e-03  3.977700e-04
  4.742350e-05  2.398950e-05
  4.200000e+06             0             8
  1.241050e-01  9.723000e-02  4.103050e-02  8.458000e-03  3.479050e-03  2.195950e-03
 -5.824000e-06 -3.739100e-06
  4.400000e+06             0             8
  1.047000e-01  6.017500e-02  3.522800e-02  6.334500e-03  6.791000e-03 -2.793700e-03
  0.000000e+00  0.000000e+00
  4.600000e+06             0             8
  4.252850e-02  5.654000e-02  1.710300e-02  9.891000e-03  4.934100e-03 -1.142750e-03
  1.384150e-05 -1.185950e-07
  4.800000e+06             0             8
  5.102500e-02  7.080500e-02  1.586700e-02  1.221450e-02 -6.582500e-04 -5.584500e-04
  8.089000e-06  3.502050e-07
  5.000000e+06             0             8
  3.321000e-02  8.041000e-02  1.513800e-02  2.042150e-02 -5.756500e-04 -2.470900e-04
 -5.894500e-06  4.318250e-07
  5.200000e+06             0             8
  4.240150e-02  7.173500e-02  7.961500e-03  9.225000e-03 -1.772800e-03 -6.179500e-05
 -1.209800e-05  4.536750e-06
  5.400000e+06             0             8
  4.345850e-02  6.426500e-02  1.866150e-02  6.236000e-03 -7.950000e-04 -3.618100e-03
 -8.516500e-06  8.320000e-06
  5.800000e+06             0             8
  5.790000e-02  5.083000e-02  2.887000e-02  3.500700e-03  2.170550e-03  5.255000e-03
  0.000000e+00  0.000000e+00
  6.000000e+06             0             8
  6.714500e-02  5.735000e-02  2.213700e-02 -1.355350e-03  4.154100e-03  1.347500e-03
  0.000000e+00  0.000000e+00
  6.200000e+06             0             8
  6.323500e-02  3.918500e-02  1.048350e-02  2.324450e-03 -1.635300e-03  3.244250e-03
 -8.140500e-05 -3.956750e-05
  6.400000e+06             0             8
  2.959650e-02  7.502000e-03  9.322000e-03  5.510500e-04 -4.927750e-04  7.606000e-04
  1.114450e-05  2.840950e-06
  6.600000e+06             0             8
 -1.886850e-03  1.120400e-02  1.659800e-02  9.098000e-04  7.930500e-04  5.345000e-04
 -2.278150e-04 -9.039000e-05
  6.800000e+06             0             8
 -3.921850e-02  2.416600e-02  2.607000e-02  2.064600e-03  1.293450e-03  9.049000e-04
 -5.648000e-04 -2.323900e-04
  7.000000e+06             0             8
 -6.503500e-02  3.135600e-02  3.259150e-02  2.955050e-03  1.843250e-03  9.254500e-04
 -8.317000e-04 -3.430900e-04
  7.500000e+06             0             8
  2.241150e-02  3.613900e-02  2.812850e-02  5.747000e-03  4.641800e-03  1.802850e-04
 -8.478500e-04 -3.488800e-04
  8.000000e+06             0             8
 -6.824500e-02  1.836700e-02  2.605700e-03 -5.292500e-03  6.923000e-03  2.830500e-03
 -6.068000e-04 -2.262850e-04
  8.500000e+06             0             8
 -1.176600e-01  2.270700e-02  3.167950e-03 -8.118000e-03  7.323000e-03  2.925100e-03
 -6.978500e-04 -2.551700e-04
  9.000000e+06             0             8
 -1.472850e-01  2.706000e-02  5.045500e-03 -1.041450e-02  7.669500e-03  2.990850e-03
 -7.599500e-04 -2.821050e-04
  9.500000e+06             0             8
 -1.558450e-01  1.658800e-02  6.387500e-03 -1.096400e-02  7.866000e-03  3.166600e-03
 -8.222500e-04 -3.141450e-04
  1.000000e+07             0             8
 -1.484450e-01  6.453500e-03  6.454000e-03 -1.041850e-02  8.179000e-03  3.381100e-03
 -9.037500e-04 -3.571750e-04
  1.050000e+07             0             8
 -1.417150e-01  1.590100e-03  6.215000e-03 -1.003300e-02  8.489000e-03  3.582900e-03
 -9.791500e-04 -4.007050e-04
  1.100000e+07             0             8
 -1.378300e-01 -4.546600e-04  5.999500e-03 -9.880500e-03  8.739000e-03  3.764400e-03
 -1.044250e-03 -4.421750e-04
  1.150000e+07             0             8
 -1.359250e-01 -1.185500e-03  5.838500e-03 -9.861500e-03  8.929000e-03  3.924600e-03
 -1.101150e-03 -4.814700e-04
  1.200000e+07             0             8
 -1.352450e-01 -1.255800e-03  5.714500e-03 -9.913500e-03  9.070500e-03  4.063100e-03
 -1.152050e-03 -5.188000e-04
  1.250000e+07             0             8
 -1.353250e-01 -9.606500e-04  5.612500e-03 -1.000100e-02  9.173500e-03  4.179250e-03
 -1.198450e-03 -5.543000e-04
  1.300000e+07             0             8
 -1.358950e-01 -4.455700e-04  5.522000e-03 -1.010800e-02  9.247500e-03  4.273450e-03
 -1.241400e-03 -5.878500e-04
  1.350000e+07             0             8
 -1.367900e-01  2.115400e-04  5.437000e-03 -1.022450e-02  9.298000e-03  4.345750e-03
 -1.281800e-03 -6.194500e-04
  1.400000e+07             0             8
 -1.378900e-01  9.648000e-04  5.355000e-03 -1.034550e-02  9.332000e-03  4.397300e-03
 -1.320200e-03 -6.490500e-04
  1.450000e+07             0             8
 -1.391400e-01  1.786700e-03  5.273500e-03 -1.046800e-02  9.352500e-03  4.428850e-03
 -1.357150e-03 -6.765500e-04
  1.500000e+07             0             8
 -1.403850e-01  2.608600e-03  5.192000e-03 -1.059000e-02  9.372500e-03  4.460400e-03
 -1.394150e-03 -7.040000e-04
