             0             3
            91
             0
           125
  5.689640e+06  0.000000e+00  5.706000e+06  1.803700e-02  5.744000e+06  3.231500e-02
  5.782000e+06  4.697300e-02  5.820000e+06  6.312000e-02  5.858000e+06  6.573600e-02
  5.896000e+06  6.774500e-02  5.934000e+06  6.905900e-02  5.972000e+06  6.979100e-02
  6.010000e+06  7.002600e-02  6.048000e+06  6.978100e-02  6.086000e+06  6.930100e-02
  6.124000e+06  6.877000e-02  6.162000e+06  6.842100e-02  6.200000e+06  6.853200e-02
  6.238000e+06  6.880300e-02  6.276000e+06  6.970500e-02  6.314000e+06  7.079300e-02
  6.352000e+06  7.158200e-02  6.390000e+06  7.158200e-02  6.428000e+06  7.259400e-02
  6.466000e+06  7.336000e-02  6.504000e+06  7.335400e-02  6.542000e+06  7.285700e-02
  6.580000e+06  7.210600e-02  6.618000e+06  7.098000e-02  6.656000e+06  6.932100e-02
  6.694000e+06  6.726200e-02  6.732000e+06  6.463900e-02  6.770000e+06  6.131000e-02
  6.808000e+06  5.763000e-02  6.846000e+06  5.491400e-02  6.884000e+06  5.143100e-02
  6.922000e+06  4.741800e-02  6.960000e+06  4.315200e-02  6.998000e+06  3.930100e-02
  7.036000e+06  3.718100e-02  7.074000e+06  3.520700e-02  7.112000e+06  3.339200e-02
  7.150000e+06  3.183500e-02  7.188000e+06  3.062200e-02  7.226000e+06  2.989800e-02
  7.264000e+06  2.965300e-02  7.302000e+06  2.984700e-02  7.340000e+06  3.046200e-02
  7.378000e+06  3.154500e-02  7.416000e+06  3.312500e-02  7.454000e+06  3.525300e-02
  7.492000e+06  3.771700e-02  7.530000e+06  4.025400e-02  7.568000e+06  4.255400e-02
  7.606000e+06  4.453000e-02  7.644000e+06  4.699900e-02  7.682000e+06  4.842200e-02
  7.720000e+06  4.892400e-02  7.758000e+06  4.867200e-02  7.796000e+06  4.789300e-02
  7.834000e+06  4.585700e-02  7.872000e+06  4.322000e-02  7.910000e+06  3.958000e-02
  7.948000e+06  3.594000e-02  7.986000e+06  3.229800e-02  8.024000e+06  3.010800e-02
  8.062000e+06  2.876200e-02  8.100000e+06  2.738900e-02  8.138000e+06  2.596700e-02
  8.176000e+06  2.448300e-02  8.214000e+06  2.300500e-02  8.252000e+06  2.158400e-02
  8.290000e+06  2.008000e-02  8.328000e+06  1.849000e-02  8.366000e+06  1.681000e-02
  8.404000e+06  1.541200e-02  8.442000e+06  1.710000e-02  8.480000e+06  1.867200e-02
  8.518000e+06  2.010600e-02  8.556000e+06  2.138300e-02  8.594000e+06  2.248500e-02
  8.632000e+06  2.372300e-02  8.670000e+06  2.482500e-02  8.708000e+06  2.573900e-02
  8.746000e+06  2.649100e-02  8.784000e+06  2.712900e-02  8.822000e+06  2.733500e-02
  8.860000e+06  2.731100e-02  8.898000e+06  2.742300e-02  8.936000e+06  2.774100e-02
  8.974000e+06  2.832700e-02  9.012000e+06  2.868900e-02  9.050000e+06  2.824300e-02
  9.088000e+06  2.810300e-02  9.126000e+06  2.822600e-02  9.164000e+06  2.858500e-02
  9.202000e+06  2.902600e-02  9.240000e+06  2.793000e-02  9.278000e+06  2.687800e-02
  9.316000e+06  2.581900e-02  9.354000e+06  2.472400e-02  9.392000e+06  2.357400e-02
  9.430000e+06  2.258300e-02  9.468000e+06  2.158400e-02  9.506000e+06  2.051200e-02
  9.544000e+06  1.936400e-02  9.582000e+06  1.814300e-02  9.620000e+06  1.707800e-02
  9.658000e+06  1.615100e-02  9.696000e+06  1.516800e-02  9.734000e+06  1.413000e-02
  9.772000e+06  1.304000e-02  9.810000e+06  1.197800e-02  9.848000e+06  1.108300e-02
  9.886000e+06  1.015100e-02  9.924000e+06  9.180600e-03  9.962000e+06  8.178900e-03
  1.000000e+07  7.145000e-03  1.050000e+07  1.290200e-02  1.100000e+07  1.937100e-02
  1.150000e+07  1.770100e-02  1.200000e+07  1.072200e-02  1.250000e+07  5.722500e-03
  1.300000e+07  5.386000e-03  1.350000e+07  1.216500e-02  1.400000e+07  1.886000e-02
  1.450000e+07  1.872300e-02  1.500000e+07  2.048200e-02
            91
             6
  8.934760e+00             3             1
  1.000000e+00  1.000000e+00             0             1
  5.701170e+06 -3.939830e+06             2
             1
             2             2
  5.689640e+06  1.000000e+00  1.500000e+07  1.000000e+00
          4009             2             2            20
             1
            20            22
  5.689640e+06             3             0             2
  0.000000e+00  0.000000e+00  0.000000e+00
  5.000000e-01  2.000000e+00  0.000000e+00
  1.000000e+00  0.000000e+00  0.000000e+00
  6.000000e+06            51             0             2
  0.000000e+00  0.000000e+00  3.574000e-03
  4.361300e+03  3.461080e-07  3.574000e-03
  8.722500e+03  1.263840e-06  3.727000e-03
  1.308400e+04  2.621510e-06  3.900000e-03
  1.744500e+04  4.311930e-06  4.089000e-03
  2.180600e+04  6.126550e-06  4.297000e-03
  2.616800e+04  6.813930e-06  4.526000e-03
  3.052900e+04  7.373010e-06  4.777000e-03
  3.489000e+04  7.808280e-06  5.054000e-03
  3.925100e+04  8.129030e-06  5.359000e-03
  4.361300e+04  8.348970e-06  5.658000e-03
  4.797400e+04  8.481870e-06  5.968000e-03
  5.233500e+04  8.532330e-06  6.308000e-03
  5.669600e+04  8.513940e-06  6.680000e-03
  6.105800e+04  8.436100e-06  7.086000e-03
  6.541900e+04  8.307800e-06  7.527000e-03
  6.978000e+04  8.133630e-06  8.006000e-03
  7.414100e+04  7.936580e-06  8.522000e-03
  7.850300e+04  7.712050e-06  9.075000e-03
  8.286400e+04  7.473830e-06  9.662000e-03
  8.722500e+04  7.230920e-06  1.028000e-02
  9.158600e+04  6.988100e-06  1.092000e-02
  9.594800e+04  6.749780e-06  1.159000e-02
  1.003100e+05  6.525250e-06  1.226000e-02
  1.046700e+05  6.314410e-06  1.295000e-02
  1.090300e+05  6.112860e-06  1.340000e-02
  1.133900e+05  5.920410e-06  1.355000e-02
  1.177500e+05  5.737050e-06  1.366000e-02
  1.221200e+05  5.553790e-06  1.372000e-02
  1.264800e+05  5.356740e-06  1.377000e-02
  1.308400e+05  5.141400e-06  1.383000e-02
  1.352000e+05  4.907680e-06  1.389000e-02
  1.395600e+05  4.651070e-06  1.397000e-02
  1.439200e+05  4.368790e-06  1.409000e-02
  1.482800e+05  4.060820e-06  1.427000e-02
  1.526400e+05  3.723180e-06  1.483000e-02
  1.570100e+05  3.351560e-06  1.564000e-02
  1.613700e+05  2.941370e-06  1.680000e-02
  1.657300e+05  2.488710e-06  1.859000e-02
  1.700900e+05  1.988290e-06  2.160000e-02
  1.744500e+05  1.435210e-06  2.751000e-02
  1.788100e+05  8.225260e-07  4.356000e-02
  1.831700e+05  1.452100e-07  2.207000e-01
  1.875300e+05  2.809470e-08  1.000000e+00
  1.919000e+05  2.399780e-08  1.000000e+00
  1.962600e+05  1.975400e-08  1.000000e+00
  2.006200e+05  1.536040e-08  1.000000e+00
  2.049800e+05  1.082380e-08  1.000000e+00
  2.093400e+05  6.144940e-09  1.000000e+00
  2.137000e+05  1.322000e-09  1.000000e+00
  2.158370e+05  0.000000e+00  1.000000e+00
  6.500000e+06            52             0             2
  0.000000e+00  0.000000e+00  3.506000e-03
  1.100100e+04  1.317630e-07  3.506000e-03
  2.200100e+04  4.823260e-07  3.573000e-03
  3.300200e+04  1.003760e-06  3.660000e-03
  4.400300e+04  1.659180e-06  3.819000e-03
  5.500400e+04  2.374460e-06  3.983000e-03
  6.600400e+04  2.670540e-06  4.152000e-03
  7.700500e+04  2.808640e-06  4.506000e-03
  8.800600e+04  2.979420e-06  4.759000e-03
  9.900700e+04  3.110220e-06  5.032000e-03
  1.100100e+05  3.204650e-06  5.332000e-03
  1.210100e+05  3.264610e-06  5.663000e-03
  1.320100e+05  3.293690e-06  5.972000e-03
  1.430100e+05  3.295480e-06  6.307000e-03
  1.540100e+05  3.273700e-06  6.674000e-03
  1.650100e+05  3.231930e-06  7.074000e-03
  1.760100e+05  3.171970e-06  7.509000e-03
  1.870100e+05  3.099230e-06  7.982000e-03
  1.980100e+05  3.015690e-06  8.492000e-03
  2.090100e+05  2.924860e-06  9.039000e-03
  2.200100e+05  2.828630e-06  9.623000e-03
  2.310200e+05  2.730500e-06  1.024000e-02
  2.420200e+05  2.632370e-06  1.089000e-02
  2.530200e+05  2.536140e-06  1.156000e-02
  2.640200e+05  2.445310e-06  1.225000e-02
  2.750200e+05  2.358070e-06  1.295000e-02
  2.860200e+05  2.278130e-06  1.366000e-02
  2.970200e+05  2.201790e-06  1.398000e-02
  3.080200e+05  2.127340e-06  1.413000e-02
  3.190200e+05  2.058290e-06  1.423000e-02
  3.300200e+05  1.985640e-06  1.429000e-02
  3.410200e+05  1.909300e-06  1.435000e-02
  3.520200e+05  1.825760e-06  1.442000e-02
  3.630200e+05  1.736530e-06  1.450000e-02
  3.740200e+05  1.639200e-06  1.460000e-02
  3.850300e+05  1.533080e-06  1.475000e-02
  3.960300e+05  1.417760e-06  1.502000e-02
  4.070300e+05  1.291850e-06  1.569000e-02
  4.180300e+05  1.153750e-06  1.663000e-02
  4.290300e+05  1.002470e-06  1.800000e-02
  4.400300e+05  8.360370e-07  2.014000e-02
  4.510300e+05  6.527420e-07  2.387000e-02
  4.620300e+05  4.508990e-07  3.163000e-02
  4.730300e+05  2.285420e-07  5.642000e-02
  4.840300e+05  1.146360e-08  1.000000e+00
  4.950300e+05  9.980880e-09  1.000000e+00
  5.060300e+05  8.445810e-09  1.000000e+00
  5.170300e+05  6.857970e-09  1.000000e+00
  5.280300e+05  5.219370e-09  1.000000e+00
  5.390400e+05  3.529810e-09  1.000000e+00
  5.500400e+05  1.789990e-09  1.000000e+00
  5.555400e+05  0.000000e+00  1.000000e+00
  7.000000e+06            54             0             2
  0.000000e+00  0.000000e+00  3.166000e-03
  1.720400e+04  8.878960e-08  3.166000e-03
  3.440900e+04  3.277880e-07  3.202000e-03
  5.161300e+04  6.935660e-07  3.214000e-03
  6.881700e+04  1.180090e-06  3.188000e-03
  8.602200e+04  1.771340e-06  3.133000e-03
  1.032300e+05  2.131460e-06  3.051000e-03
  1.204300e+05  1.878250e-06  3.953000e-03
  1.376300e+05  1.822500e-06  4.562000e-03
  1.548400e+05  1.875960e-06  4.895000e-03
  1.720400e+05  1.937510e-06  5.175000e-03
  1.892500e+05  1.978180e-06  5.481000e-03
  2.064500e+05  2.002560e-06  5.816000e-03
  2.236600e+05  2.009450e-06  6.172000e-03
  2.408600e+05  2.001360e-06  6.514000e-03
  2.580700e+05  1.980470e-06  6.888000e-03
  2.752700e+05  1.949100e-06  7.295000e-03
  2.924700e+05  1.908430e-06  7.739000e-03
  3.096800e+05  1.859670e-06  8.219000e-03
  3.268800e+05  1.806210e-06  8.739000e-03
  3.440900e+05  1.748150e-06  9.299000e-03
  3.612900e+05  1.687700e-06  9.898000e-03
  3.785000e+05  1.626150e-06  1.053000e-02
  3.957000e+05  1.564600e-06  1.120000e-02
  4.129000e+05  1.504240e-06  1.190000e-02
  4.301100e+05  1.447290e-06  1.262000e-02
  4.473100e+05  1.392730e-06  1.336000e-02
  4.645200e+05  1.341570e-06  1.411000e-02
  4.817200e+05  1.292800e-06  1.486000e-02
  4.989300e+05  1.247540e-06  1.506000e-02
  5.161300e+05  1.204570e-06  1.520000e-02
  5.333300e+05  1.161610e-06  1.530000e-02
  5.505400e+05  1.118240e-06  1.537000e-02
  5.677400e+05  1.071870e-06  1.544000e-02
  5.849500e+05  1.022010e-06  1.552000e-02
  6.021500e+05  9.683840e-07  1.562000e-02
  6.193600e+05  9.104290e-07  1.575000e-02
  6.365600e+05  8.478170e-07  1.594000e-02
  6.537700e+05  7.798690e-07  1.637000e-02
  6.709700e+05  7.061060e-07  1.716000e-02
  6.881700e+05  6.256180e-07  1.829000e-02
  7.053800e+05  5.376860e-07  1.995000e-02
  7.225800e+05  4.412700e-07  2.262000e-02
  7.397900e+05  3.355720e-07  2.742000e-02
  7.569900e+05  2.196510e-07  3.821000e-02
  7.742000e+05  9.222800e-08  8.184000e-02
  7.914000e+05  6.673160e-09  1.000000e+00
  8.086000e+05  5.767160e-09  1.000000e+00
  8.258100e+05  4.830880e-09  1.000000e+00
  8.430100e+05  3.864520e-09  1.000000e+00
  8.602200e+05  2.869090e-09  1.000000e+00
  8.774200e+05  1.843380e-09  1.000000e+00
  8.946300e+05  7.886930e-10  1.000000e+00
  9.035760e+05  0.000000e+00  1.000000e+00
  7.500000e+06            56             0             2
  0.000000e+00  0.000000e+00  2.791000e-03
  2.301400e+04  7.353710e-08  2.791000e-03
  4.602700e+04  2.718710e-07  2.821000e-03
  6.904100e+04  5.780340e-07  2.821000e-03
  9.205500e+04  9.924750e-07  2.774000e-03
  1.150700e+05  1.518620e-06  2.648000e-03
  1.380800e+05  1.875520e-06  2.458000e-03
  1.611000e+05  1.456970e-06  3.592000e-03
  1.841100e+05  1.325880e-06  4.422000e-03
  2.071200e+05  1.329380e-06  4.868000e-03
  2.301400e+05  1.366750e-06  5.170000e-03
  2.531500e+05  1.399720e-06  5.463000e-03
  2.761600e+05  1.419710e-06  5.782000e-03
  2.991800e+05  1.428400e-06  6.132000e-03
  3.221900e+05  1.426600e-06  6.516000e-03
  3.452000e+05  1.416210e-06  6.905000e-03
  3.682200e+05  1.397120e-06  7.296000e-03
  3.912300e+05  1.371950e-06  7.721000e-03
  4.142500e+05  1.339770e-06  8.184000e-03
  4.372600e+05  1.304200e-06  8.686000e-03
  4.602700e+05  1.264240e-06  9.229000e-03
  4.832900e+05  1.221670e-06  9.815000e-03
  5.063000e+05  1.177410e-06  1.044000e-02
  5.293100e+05  1.133150e-06  1.111000e-02
  5.523300e+05  1.087980e-06  1.182000e-02
  5.753400e+05  1.044620e-06  1.256000e-02
  5.983600e+05  1.002860e-06  1.334000e-02
  6.213700e+05  9.629500e-07  1.413000e-02
  6.443800e+05  9.247520e-07  1.495000e-02
  6.674000e+05  8.900110e-07  1.577000e-02
  6.904100e+05  8.567590e-07  1.643000e-02
  7.134200e+05  8.254950e-07  1.663000e-02
  7.364400e+05  7.955410e-07  1.677000e-02
  7.594500e+05  7.659350e-07  1.687000e-02
  7.824600e+05  7.352810e-07  1.695000e-02
  8.054800e+05  7.027190e-07  1.704000e-02
  8.284900e+05  6.679880e-07  1.714000e-02
  8.515100e+05  6.307390e-07  1.727000e-02
  8.745200e+05  5.907130e-07  1.744000e-02
  8.975300e+05  5.475590e-07  1.768000e-02
  9.205500e+05  5.010180e-07  1.830000e-02
  9.435600e+05  4.506510e-07  1.927000e-02
  9.665700e+05  3.958570e-07  2.065000e-02
  9.895900e+05  3.362070e-07  2.274000e-02
  1.012600e+06  2.710820e-07  2.616000e-02
  1.035600e+06  1.999720e-07  3.259000e-02
  1.058600e+06  1.220870e-07  4.847000e-02
  1.081600e+06  3.686000e-08  1.437000e-01
  1.104700e+06  4.654080e-09  1.000000e+00
  1.127700e+06  3.990740e-09  1.000000e+00
  1.150700e+06  3.305620e-09  1.000000e+00
  1.173700e+06  2.599710e-09  1.000000e+00
  1.196700e+06  1.873820e-09  1.000000e+00
  1.219700e+06  1.127050e-09  1.000000e+00
  1.242700e+06  3.605170e-10  1.000000e+00
  1.255130e+06  0.000000e+00  1.000000e+00
  8.000000e+06            58             0             2
  0.000000e+00  0.000000e+00  2.061000e-03
  2.846500e+04  7.432910e-08  2.061000e-03
  5.693000e+04  2.771760e-07  2.068000e-03
  8.539500e+04  6.003120e-07  2.031000e-03
  1.138600e+05  1.064770e-06  1.935000e-03
  1.423300e+05  1.715380e-06  1.756000e-03
  1.707900e+05  2.257200e-06  1.531000e-03
  1.992600e+05  1.559540e-06  2.476000e-03
  2.277200e+05  1.165860e-06  3.630000e-03
  2.561900e+05  1.031110e-06  4.531000e-03
  2.846500e+05  1.002930e-06  5.087000e-03
  3.131200e+05  1.009330e-06  5.471000e-03
  3.415800e+05  1.021910e-06  5.798000e-03
  3.700500e+05  1.031110e-06  6.134000e-03
  3.985100e+05  1.032500e-06  6.501000e-03
  4.269800e+05  1.027510e-06  6.903000e-03
  4.554400e+05  1.017020e-06  7.343000e-03
  4.839100e+05  1.000840e-06  7.770000e-03
  5.123700e+05  9.798200e-07  8.216000e-03
  5.408400e+05  9.559550e-07  8.702000e-03
  5.693000e+05  9.285840e-07  9.230000e-03
  5.977700e+05  8.991050e-07  9.800000e-03
  6.262300e+05  8.675190e-07  1.042000e-02
  6.547000e+05  8.352330e-07  1.108000e-02
  6.831600e+05  8.022480e-07  1.179000e-02
  7.116300e+05  7.699620e-07  1.254000e-02
  7.400900e+05  7.376770e-07  1.333000e-02
  7.685600e+05  7.067890e-07  1.416000e-02
  7.970200e+05  6.775210e-07  1.501000e-02
  8.254900e+05  6.497300e-07  1.590000e-02
  8.539500e+05  6.236880e-07  1.679000e-02
  8.824200e+05  5.994030e-07  1.770000e-02
  9.108800e+05  5.765180e-07  1.825000e-02
  9.393500e+05  5.547610e-07  1.845000e-02
  9.678100e+05  5.337730e-07  1.860000e-02
  9.962800e+05  5.128650e-07  1.870000e-02
  1.024700e+06  4.910990e-07  1.880000e-02
  1.053200e+06  4.680130e-07  1.891000e-02
  1.081700e+06  4.435190e-07  1.903000e-02
  1.110100e+06  4.173370e-07  1.920000e-02
  1.138600e+06  3.893270e-07  1.941000e-02
  1.167100e+06  3.592190e-07  1.971000e-02
  1.195500e+06  3.269330e-07  2.058000e-02
  1.224000e+06  2.920500e-07  2.177000e-02
  1.252500e+06  2.542200e-07  2.349000e-02
  1.280900e+06  2.131640e-07  2.613000e-02
  1.309400e+06  1.684510e-07  3.056000e-02
  1.337900e+06  1.198130e-07  3.935000e-02
  1.366300e+06  6.668520e-08  6.392000e-02
  1.394800e+06  8.717340e-09  4.355000e-01
  1.423300e+06  3.314280e-09  1.000000e+00
  1.451700e+06  2.817310e-09  1.000000e+00
  1.480200e+06  2.304950e-09  1.000000e+00
  1.508600e+06  1.778510e-09  1.000000e+00
  1.537100e+06  1.236690e-09  1.000000e+00
  1.565600e+06  6.811670e-10  1.000000e+00
  1.594000e+06  1.112520e-10  1.000000e+00
  1.609940e+06  0.000000e+00  1.000000e+00
  8.500000e+06            59             0             2
  0.000000e+00  0.000000e+00  1.729000e-03
  3.359100e+04  6.803340e-08  1.729000e-03
  6.718100e+04  2.545960e-07  1.730000e-03
  1.007700e+05  5.552680e-07  1.688000e-03
  1.343600e+05  9.967180e-07  1.591000e-03
  1.679500e+05  1.633610e-06  1.420000e-03
  2.015400e+05  2.192670e-06  1.215000e-03
  2.351400e+05  1.694340e-06  1.758000e-03
  2.687300e+05  1.232180e-06  2.652000e-03
  3.023200e+05  9.580630e-07  3.685000e-03
  3.359100e+05  8.426860e-07  4.502000e-03
  3.695000e+05  8.022530e-07  5.117000e-03
  4.030900e+05  7.909560e-07  5.570000e-03
  4.366800e+05  7.909560e-07  5.945000e-03
  4.702700e+05  7.921450e-07  6.300000e-03
  5.038600e+05  7.903570e-07  6.673000e-03
  5.374500e+05  7.838140e-07  7.081000e-03
  5.710400e+05  7.737060e-07  7.527000e-03
  6.046300e+05  7.594320e-07  8.013000e-03
  6.382200e+05  7.427820e-07  8.467000e-03
  6.718100e+05  7.231540e-07  8.961000e-03
  7.054100e+05  7.011500e-07  9.497000e-03
  7.390000e+05  6.785560e-07  1.008000e-02
  7.725900e+05  6.541740e-07  1.070000e-02
  8.061800e+05  6.291930e-07  1.138000e-02
  8.397700e+05  6.036230e-07  1.210000e-02
  8.733600e+05  5.785810e-07  1.287000e-02
  9.069500e+05  5.538400e-07  1.369000e-02
  9.405400e+05  5.298780e-07  1.454000e-02
  9.741300e+05  5.069840e-07  1.543000e-02
  1.007700e+06  4.852190e-07  1.636000e-02
  1.041300e+06  4.648730e-07  1.730000e-02
  1.074900e+06  4.458450e-07  1.826000e-02
  1.108500e+06  4.281250e-07  1.923000e-02
  1.142100e+06  4.113550e-07  1.962000e-02
  1.175700e+06  3.952930e-07  1.982000e-02
  1.209300e+06  3.797710e-07  1.996000e-02
  1.242900e+06  3.641990e-07  2.008000e-02
  1.276400e+06  3.478380e-07  2.019000e-02
  1.310000e+06  3.305980e-07  2.031000e-02
  1.343600e+06  3.123390e-07  2.047000e-02
  1.377200e+06  2.928920e-07  2.066000e-02
  1.410800e+06  2.721360e-07  2.093000e-02
  1.444400e+06  2.498910e-07  2.141000e-02
  1.478000e+06  2.261690e-07  2.243000e-02
  1.511600e+06  2.005280e-07  2.385000e-02
  1.545200e+06  1.728800e-07  2.593000e-02
  1.578800e+06  1.429050e-07  2.916000e-02
  1.612400e+06  1.103720e-07  3.480000e-02
  1.645900e+06  7.505130e-08  4.669000e-02
  1.679500e+06  3.659170e-08  8.621000e-02
  1.713100e+06  2.794470e-09  1.000000e+00
  1.746700e+06  2.422800e-09  1.000000e+00
  1.780300e+06  2.039840e-09  1.000000e+00
  1.813900e+06  1.646700e-09  1.000000e+00
  1.847500e+06  1.242360e-09  1.000000e+00
  1.881100e+06  8.272240e-10  1.000000e+00
  1.914700e+06  4.019560e-10  1.000000e+00
  1.933850e+06  0.000000e+00  1.000000e+00
  9.000000e+06            61             0             2
  0.000000e+00  0.000000e+00  1.627000e-03
  3.841900e+04  5.792550e-08  1.627000e-03
  7.683800e+04  2.171980e-07  1.626000e-03
  1.152600e+05  4.753610e-07  1.583000e-03
  1.536800e+05  8.574450e-07  1.486000e-03
  1.920900e+05  1.414330e-06  1.319000e-03
  2.305100e+05  1.909870e-06  1.122000e-03
  2.689300e+05  1.575050e-06  1.523000e-03
  3.073500e+05  1.216750e-06  2.164000e-03
  3.457700e+05  9.697600e-07  2.936000e-03
  3.841900e+05  8.194870e-07  3.714000e-03
  4.226100e+05  7.295280e-07  4.414000e-03
  4.610300e+05  6.848070e-07  5.000000e-03
  4.994500e+05  6.650490e-07  5.496000e-03
  5.378700e+05  6.562090e-07  5.912000e-03
  5.762800e+05  6.515350e-07  6.292000e-03
  6.147000e+05  6.468500e-07  6.671000e-03
  6.531200e+05  6.395780e-07  7.073000e-03
  6.915400e+05  6.296890e-07  7.513000e-03
  7.299600e+05  6.172130e-07  7.994000e-03
  7.683800e+05  6.026590e-07  8.497000e-03
  8.068000e+05  5.860170e-07  8.986000e-03
  8.452200e+05  5.678180e-07  9.517000e-03
  8.836400e+05  5.485790e-07  1.009000e-02
  9.220600e+05  5.283020e-07  1.071000e-02
  9.604700e+05  5.076550e-07  1.138000e-02
  9.988900e+05  4.868080e-07  1.210000e-02
  1.037300e+06  4.661110e-07  1.287000e-02
  1.075700e+06  4.457240e-07  1.368000e-02
  1.114100e+06  4.259160e-07  1.454000e-02
  1.152600e+06  4.069370e-07  1.544000e-02
  1.191000e+06  3.888870e-07  1.637000e-02
  1.229400e+06  3.718360e-07  1.734000e-02
  1.267800e+06  3.559740e-07  1.832000e-02
  1.306200e+06  3.411600e-07  1.932000e-02
  1.344700e+06  3.273260e-07  2.027000e-02
  1.383100e+06  3.141700e-07  2.053000e-02
  1.421500e+06  3.015840e-07  2.072000e-02
  1.459900e+06  2.893180e-07  2.086000e-02
  1.498300e+06  2.768320e-07  2.098000e-02
  1.536800e+06  2.637860e-07  2.111000e-02
  1.575200e+06  2.500020e-07  2.126000e-02
  1.613600e+06  2.354480e-07  2.144000e-02
  1.652000e+06  2.200550e-07  2.167000e-02
  1.690400e+06  2.036230e-07  2.198000e-02
  1.728900e+06  1.861030e-07  2.266000e-02
  1.767300e+06  1.673840e-07  2.384000e-02
  1.805700e+06  1.473060e-07  2.549000e-02
  1.844100e+06  1.256300e-07  2.793000e-02
  1.882500e+06  1.021760e-07  3.183000e-02
  1.920900e+06  7.685240e-08  3.890000e-02
  1.959400e+06  4.936200e-08  5.502000e-02
  1.997800e+06  1.953520e-08  1.246000e-01
  2.036200e+06  2.143910e-09  1.000000e+00
  2.074600e+06  1.844850e-09  1.000000e+00
  2.113000e+06  1.537590e-09  1.000000e+00
  2.151500e+06  1.222440e-09  1.000000e+00
  2.189900e+06  8.985200e-10  1.000000e+00
  2.228300e+06  5.667790e-10  1.000000e+00
  2.266700e+06  2.265580e-10  1.000000e+00
  2.289370e+06  0.000000e+00  1.000000e+00
  9.500000e+06            63             0             2
  0.000000e+00  0.000000e+00  1.536000e-03
  4.297500e+04  5.327190e-08  1.536000e-03
  8.595000e+04  1.979330e-07  1.550000e-03
  1.289200e+05  4.260310e-07  1.535000e-03
  1.719000e+05  7.493400e-07  1.479000e-03
  2.148700e+05  1.197930e-06  1.356000e-03
  2.578500e+05  1.562410e-06  1.195000e-03
  3.008200e+05  1.212810e-06  1.725000e-03
  3.438000e+05  9.622460e-07  2.388000e-03
  3.867700e+05  8.209280e-07  3.029000e-03
  4.297500e+05  7.367850e-07  3.610000e-03
  4.727200e+05  6.763540e-07  4.167000e-03
  5.157000e+05  6.335930e-07  4.676000e-03
  5.586700e+05  6.089510e-07  5.081000e-03
  6.016500e+05  5.959360e-07  5.487000e-03
  6.446200e+05  5.889640e-07  5.868000e-03
  6.876000e+05  5.838500e-07  6.231000e-03
  7.305700e+05  5.778070e-07  6.600000e-03
  7.735500e+05  5.703760e-07  6.993000e-03
  8.165200e+05  5.601470e-07  7.423000e-03
  8.595000e+05  5.485210e-07  7.893000e-03
  9.024700e+05  5.345770e-07  8.405000e-03
  9.454500e+05  5.192340e-07  8.919000e-03
  9.884200e+05  5.025040e-07  9.438000e-03
  1.031400e+06  4.853030e-07  1.000000e-02
  1.074400e+06  4.671740e-07  1.061000e-02
  1.117300e+06  4.484460e-07  1.127000e-02
  1.160300e+06  4.297570e-07  1.197000e-02
  1.203300e+06  4.111180e-07  1.273000e-02
  1.246300e+06  3.927990e-07  1.353000e-02
  1.289200e+06  3.750000e-07  1.438000e-02
  1.332200e+06  3.578400e-07  1.528000e-02
  1.375200e+06  3.415280e-07  1.621000e-02
  1.418200e+06  3.260460e-07  1.718000e-02
  1.461100e+06  3.115430e-07  1.818000e-02
  1.504100e+06  2.980580e-07  1.920000e-02
  1.547100e+06  2.854630e-07  2.023000e-02
  1.590100e+06  2.737060e-07  2.100000e-02
  1.633000e+06  2.624590e-07  2.125000e-02
  1.676000e+06  2.516710e-07  2.144000e-02
  1.719000e+06  2.410240e-07  2.158000e-02
  1.762000e+06  2.301460e-07  2.171000e-02
  1.804900e+06  2.187590e-07  2.185000e-02
  1.847900e+06  2.067630e-07  2.202000e-02
  1.890900e+06  1.941670e-07  2.223000e-02
  1.933900e+06  1.807830e-07  2.249000e-02
  1.976800e+06  1.665990e-07  2.286000e-02
  2.019800e+06  1.515460e-07  2.376000e-02
  2.062800e+06  1.354150e-07  2.510000e-02
  2.105800e+06  1.181640e-07  2.700000e-02
  2.148700e+06  9.957080e-08  2.986000e-02
  2.191700e+06  7.958270e-08  3.455000e-02
  2.234700e+06  5.796650e-08  4.344000e-02
  2.277700e+06  3.458030e-08  6.591000e-02
  2.320600e+06  9.259880e-09  2.195000e-01
  2.363600e+06  1.779460e-09  1.000000e+00
  2.406600e+06  1.519160e-09  1.000000e+00
  2.449600e+06  1.252260e-09  1.000000e+00
  2.492500e+06  9.780480e-10  1.000000e+00
  2.535500e+06  6.968110e-10  1.000000e+00
  2.578500e+06  4.093010e-10  1.000000e+00
  2.621500e+06  1.149580e-10  1.000000e+00
  2.647720e+06  0.000000e+00  1.000000e+00
  1.000000e+07            65             0             2
  0.000000e+00  0.000000e+00  1.487000e-03
  4.728100e+04  4.639680e-08  1.487000e-03
  9.456200e+04  1.728290e-07  1.497000e-03
  1.418400e+05  3.736280e-07  1.478000e-03
  1.891200e+05  6.613000e-07  1.415000e-03
  2.364000e+05  1.065220e-06  1.288000e-03
  2.836900e+05  1.402050e-06  1.126000e-03
  3.309700e+05  1.122760e-06  1.577000e-03
  3.782500e+05  8.949720e-07  2.174000e-03
  4.255300e+05  7.627180e-07  2.764000e-03
  4.728100e+05  6.883500e-07  3.278000e-03
  5.200900e+05  6.401730e-07  3.738000e-03
  5.673700e+05  6.034140e-07  4.171000e-03
  6.146500e+05  5.717190e-07  4.603000e-03
  6.619300e+05  5.459470e-07  5.009000e-03
  7.092100e+05  5.281970e-07  5.359000e-03
  7.565000e+05  5.172090e-07  5.764000e-03
  8.037800e+05  5.083390e-07  6.147000e-03
  8.510600e+05  5.007270e-07  6.527000e-03
  8.983400e+05  4.927060e-07  6.919000e-03
  9.456200e+05  4.829870e-07  7.339000e-03
  9.929000e+05  4.719990e-07  7.798000e-03
  1.040200e+06  4.597420e-07  8.297000e-03
  1.087500e+06  4.462170e-07  8.843000e-03
  1.134700e+06  4.314340e-07  9.366000e-03
  1.182000e+06  4.161810e-07  9.918000e-03
  1.229300e+06  4.003680e-07  1.052000e-02
  1.276600e+06  3.842360e-07  1.116000e-02
  1.323900e+06  3.680440e-07  1.185000e-02
  1.371100e+06  3.518620e-07  1.260000e-02
  1.418400e+06  3.359790e-07  1.339000e-02
  1.465700e+06  3.205060e-07  1.423000e-02
  1.513000e+06  3.055530e-07  1.512000e-02
  1.560300e+06  2.912290e-07  1.606000e-02
  1.607600e+06  2.776630e-07  1.703000e-02
  1.654800e+06  2.649480e-07  1.803000e-02
  1.702100e+06  2.529810e-07  1.906000e-02
  1.749400e+06  2.419130e-07  2.011000e-02
  1.796700e+06  2.316040e-07  2.118000e-02
  1.844000e+06  2.218450e-07  2.176000e-02
  1.891200e+06  2.125450e-07  2.200000e-02
  1.938500e+06  2.035850e-07  2.218000e-02
  1.985800e+06  1.946750e-07  2.232000e-02
  2.033100e+06  1.854650e-07  2.247000e-02
  2.080400e+06  1.758660e-07  2.262000e-02
  2.127600e+06  1.657670e-07  2.282000e-02
  2.174900e+06  1.552090e-07  2.305000e-02
  2.222200e+06  1.439610e-07  2.336000e-02
  2.269500e+06  1.321340e-07  2.383000e-02
  2.316800e+06  1.195380e-07  2.494000e-02
  2.364000e+06  1.061430e-07  2.647000e-02
  2.411300e+06  9.177970e-08  2.866000e-02
  2.458600e+06  7.635570e-08  3.203000e-02
  2.505900e+06  5.975000e-08  3.772000e-02
  2.553200e+06  4.188780e-08  4.912000e-02
  2.600500e+06  2.259410e-08  8.208000e-02
  2.647700e+06  1.645880e-09  1.000000e+00
  2.695000e+06  1.431620e-09  1.000000e+00
  2.742300e+06  1.211860e-09  1.000000e+00
  2.789600e+06  9.862510e-10  1.000000e+00
  2.836900e+06  7.551060e-10  1.000000e+00
  2.884100e+06  5.184780e-10  1.000000e+00
  2.931400e+06  2.763150e-10  1.000000e+00
  2.978700e+06  2.889010e-11  1.000000e+00
  3.008490e+06  0.000000e+00  1.000000e+00
  1.050000e+07            66             0             2
  0.000000e+00  0.000000e+00  1.469000e-03
  5.135700e+04  4.045770e-08  1.469000e-03
  1.027100e+05  1.510520e-07  1.476000e-03
  1.540700e+05  3.280170e-07  1.451000e-03
  2.054300e+05  5.843000e-07  1.381000e-03
  2.567900e+05  9.488090e-07  1.249000e-03
  3.081400e+05  1.259280e-06  1.084000e-03
  3.595000e+05  1.042610e-06  1.468000e-03
  4.108600e+05  8.359970e-07  2.014000e-03
  4.622100e+05  7.072310e-07  2.580000e-03
  5.135700e+05  6.368250e-07  3.070000e-03
  5.649300e+05  5.940300e-07  3.493000e-03
  6.162900e+05  5.640710e-07  3.874000e-03
  6.676400e+05  5.399560e-07  4.233000e-03
  7.190000e+05  5.181690e-07  4.585000e-03
  7.703600e+05  4.971610e-07  4.944000e-03
  8.217100e+05  4.788800e-07  5.290000e-03
  8.730700e+05  4.644850e-07  5.641000e-03
  9.244300e+05  4.532070e-07  6.047000e-03
  9.757900e+05  4.430870e-07  6.446000e-03
  1.027100e+06  4.337570e-07  6.850000e-03
  1.078500e+06  4.244170e-07  7.268000e-03
  1.129900e+06  4.143070e-07  7.717000e-03
  1.181200e+06  4.030190e-07  8.206000e-03
  1.232600e+06  3.905720e-07  8.738000e-03
  1.283900e+06  3.776160e-07  9.311000e-03
  1.335300e+06  3.640400e-07  9.852000e-03
  1.386600e+06  3.500340e-07  1.044000e-02
  1.438000e+06  3.357990e-07  1.107000e-02
  1.489400e+06  3.214840e-07  1.175000e-02
  1.540700e+06  3.072490e-07  1.248000e-02
  1.592100e+06  2.932040e-07  1.327000e-02
  1.643400e+06  2.794680e-07  1.410000e-02
  1.694800e+06  2.662420e-07  1.498000e-02
  1.746100e+06  2.535250e-07  1.591000e-02
  1.797500e+06  2.414680e-07  1.689000e-02
  1.848900e+06  2.300700e-07  1.790000e-02
  1.900200e+06  2.193710e-07  1.894000e-02
  1.951600e+06  2.094110e-07  2.000000e-02
  2.002900e+06  2.001510e-07  2.109000e-02
  2.054300e+06  1.915500e-07  2.219000e-02
  2.105600e+06  1.833480e-07  2.257000e-02
  2.157000e+06  1.754870e-07  2.280000e-02
  2.208400e+06  1.679050e-07  2.297000e-02
  2.259700e+06  1.602330e-07  2.312000e-02
  2.311100e+06  1.523410e-07  2.328000e-02
  2.362400e+06  1.441290e-07  2.346000e-02
  2.413800e+06  1.354980e-07  2.368000e-02
  2.465100e+06  1.264280e-07  2.395000e-02
  2.516500e+06  1.168580e-07  2.431000e-02
  2.567900e+06  1.067480e-07  2.498000e-02
  2.619200e+06  9.608760e-08  2.624000e-02
  2.670600e+06  8.468950e-08  2.799000e-02
  2.721900e+06  7.251330e-08  3.054000e-02
  2.773300e+06  5.944190e-08  3.453000e-02
  2.824600e+06  4.543750e-08  4.152000e-02
  2.876000e+06  3.038630e-08  5.648000e-02
  2.927400e+06  1.415220e-08  1.088000e-01
  2.978700e+06  1.359980e-09  1.000000e+00
  3.030100e+06  1.174870e-09  1.000000e+00
  3.081400e+06  9.849910e-10  1.000000e+00
  3.132800e+06  7.904840e-10  1.000000e+00
  3.184100e+06  5.913020e-10  1.000000e+00
  3.235500e+06  3.876150e-10  1.000000e+00
  3.286900e+06  1.795320e-10  1.000000e+00
  3.319770e+06  0.000000e+00  1.000000e+00
  1.100000e+07            68             0             2
  0.000000e+00  0.000000e+00  1.099000e-03
  5.522100e+04  4.716740e-08  1.099000e-03
  1.104400e+05  1.775980e-07  1.096000e-03
  1.656600e+05  3.917390e-07  1.061000e-03
  2.208900e+05  7.154760e-07  9.867000e-04
  2.761100e+05  1.200530e-06  8.632000e-04
  3.313300e+05  1.010280e-06  1.182000e-03
  3.865500e+05  8.001160e-07  1.675000e-03
  4.417700e+05  6.633840e-07  2.224000e-03
  4.969900e+05  5.906790e-07  2.709000e-03
  5.522100e+05  5.505320e-07  3.116000e-03
  6.074400e+05  5.244860e-07  3.473000e-03
  6.626600e+05  5.049610e-07  3.802000e-03
  7.178800e+05  4.883130e-07  4.115000e-03
  7.731000e+05  4.731230e-07  4.422000e-03
  8.283200e+05  4.579320e-07  4.731000e-03
  8.835400e+05  4.423830e-07  5.051000e-03
  9.387600e+05  4.271830e-07  5.369000e-03
  9.939900e+05  4.145290e-07  5.664000e-03
  1.049200e+06  4.036730e-07  6.016000e-03
  1.104400e+06  3.939060e-07  6.413000e-03
  1.159700e+06  3.848680e-07  6.814000e-03
  1.214900e+06  3.761890e-07  7.227000e-03
  1.270100e+06  3.664220e-07  7.668000e-03
  1.325300e+06  3.562550e-07  8.147000e-03
  1.380500e+06  3.451500e-07  8.669000e-03
  1.435800e+06  3.334650e-07  9.238000e-03
  1.491000e+06  3.213510e-07  9.825000e-03
  1.546200e+06  3.088670e-07  1.040000e-02
  1.601400e+06  2.962130e-07  1.103000e-02
  1.656600e+06  2.834800e-07  1.170000e-02
  1.711900e+06  2.708170e-07  1.242000e-02
  1.767100e+06  2.583430e-07  1.319000e-02
  1.822300e+06  2.461490e-07  1.402000e-02
  1.877500e+06  2.343240e-07  1.490000e-02
  1.932800e+06  2.229990e-07  1.582000e-02
  1.988000e+06  2.121430e-07  1.680000e-02
  2.043200e+06  2.019070e-07  1.782000e-02
  2.098400e+06  1.922490e-07  1.887000e-02
  2.153600e+06  1.832810e-07  1.995000e-02
  2.208900e+06  1.748920e-07  2.106000e-02
  2.264100e+06  1.671120e-07  2.219000e-02
  2.319300e+06  1.598410e-07  2.319000e-02
  2.374500e+06  1.528610e-07  2.348000e-02
  2.429700e+06  1.462090e-07  2.370000e-02
  2.485000e+06  1.396980e-07  2.388000e-02
  2.540200e+06  1.331160e-07  2.404000e-02
  2.595400e+06  1.262750e-07  2.422000e-02
  2.650600e+06  1.191450e-07  2.442000e-02
  2.705900e+06  1.116940e-07  2.467000e-02
  2.761100e+06  1.039240e-07  2.498000e-02
  2.816300e+06  9.567410e-08  2.540000e-02
  2.871500e+06  8.702940e-08  2.630000e-02
  2.926700e+06  7.784140e-08  2.773000e-02
  2.982000e+06  6.807520e-08  2.975000e-02
  3.037200e+06  5.769370e-08  3.273000e-02
  3.092400e+06  4.655320e-08  3.751000e-02
  3.147600e+06  3.460880e-08  4.622000e-02
  3.202800e+06  2.178960e-08  6.652000e-02
  3.258100e+06  8.004750e-09  1.618000e-01
  3.313300e+06  1.136920e-09  1.000000e+00
  3.368500e+06  9.748280e-10  1.000000e+00
  3.423700e+06  8.087940e-10  1.000000e+00
  3.479000e+06  6.387960e-10  1.000000e+00
  3.534200e+06  4.651630e-10  1.000000e+00
  3.589400e+06  2.875250e-10  1.000000e+00
  3.644600e+06  1.062710e-10  1.000000e+00
  3.681050e+06  0.000000e+00  1.000000e+00
  1.150000e+07            70             0             2
  0.000000e+00  0.000000e+00  1.409000e-03
  5.889000e+04  3.399490e-08  1.409000e-03
  1.177800e+05  1.263130e-07  1.425000e-03
  1.766700e+05  2.715180e-07  1.417000e-03
  2.355600e+05  4.759930e-07  1.372000e-03
  2.944500e+05  7.565710e-07  1.268000e-03
  3.533400e+05  9.798080e-07  1.129000e-03
  4.122300e+05  7.904970e-07  1.571000e-03
  4.711200e+05  6.513970e-07  2.101000e-03
  5.300100e+05  5.754030e-07  2.582000e-03
  5.889000e+05  5.346840e-07  2.981000e-03
  6.477900e+05  5.095790e-07  3.323000e-03
  7.066800e+05  4.919370e-07  3.630000e-03
  7.655700e+05  4.776910e-07  3.916000e-03
  8.244600e+05  4.651340e-07  4.188000e-03
  8.833500e+05  4.532660e-07  4.454000e-03
  9.422400e+05  4.417270e-07  4.719000e-03
  1.001100e+06  4.288400e-07  4.995000e-03
  1.060000e+06  4.145840e-07  5.294000e-03
  1.118900e+06  3.993200e-07  5.612000e-03
  1.177800e+06  3.850740e-07  5.924000e-03
  1.236700e+06  3.725160e-07  6.347000e-03
  1.295600e+06  3.613180e-07  6.779000e-03
  1.354500e+06  3.514880e-07  7.207000e-03
  1.413400e+06  3.419870e-07  7.649000e-03
  1.472200e+06  3.319770e-07  8.120000e-03
  1.531100e+06  3.214580e-07  8.635000e-03
  1.590000e+06  3.104290e-07  9.195000e-03
  1.648900e+06  2.990000e-07  9.804000e-03
  1.707800e+06  2.873320e-07  1.041000e-02
  1.766700e+06  2.754840e-07  1.102000e-02
  1.825600e+06  2.636160e-07  1.169000e-02
  1.884500e+06  2.517680e-07  1.240000e-02
  1.943400e+06  2.400990e-07  1.317000e-02
  2.002300e+06  2.286710e-07  1.399000e-02
  2.061100e+06  2.175720e-07  1.487000e-02
  2.120000e+06  2.069230e-07  1.579000e-02
  2.178900e+06  1.967130e-07  1.677000e-02
  2.237800e+06  1.870420e-07  1.779000e-02
  2.296700e+06  1.779120e-07  1.886000e-02
  2.355600e+06  1.693600e-07  1.996000e-02
  2.414500e+06  1.613880e-07  2.109000e-02
  2.473400e+06  1.539960e-07  2.224000e-02
  2.532300e+06  1.471030e-07  2.341000e-02
  2.591200e+06  1.405890e-07  2.423000e-02
  2.650000e+06  1.343850e-07  2.451000e-02
  2.708900e+06  1.284110e-07  2.473000e-02
  2.767800e+06  1.225470e-07  2.491000e-02
  2.826700e+06  1.165430e-07  2.509000e-02
  2.885600e+06  1.102990e-07  2.528000e-02
  2.944500e+06  1.038460e-07  2.551000e-02
  3.003400e+06  9.706470e-08  2.580000e-02
  3.062300e+06  9.000780e-08  2.616000e-02
  3.121200e+06  8.254420e-08  2.664000e-02
  3.180100e+06  7.470710e-08  2.780000e-02
  3.238900e+06  6.642940e-08  2.945000e-02
  3.297800e+06  5.760820e-08  3.178000e-02
  3.356700e+06  4.824360e-08  3.529000e-02
  3.415600e+06  3.823570e-08  4.108000e-02
  3.474500e+06  2.750140e-08  5.216000e-02
  3.533400e+06  1.600300e-08  8.090000e-02
  3.592300e+06  3.660730e-09  3.145000e-01
  3.651200e+06  1.004890e-09  1.000000e+00
  3.710100e+06  8.546230e-10  1.000000e+00
  3.769000e+06  7.009270e-10  1.000000e+00
  3.827800e+06  5.438450e-10  1.000000e+00
  3.886700e+06  3.830360e-10  1.000000e+00
  3.945600e+06  2.193000e-10  1.000000e+00
  4.004500e+06  5.211170e-11  1.000000e+00
  4.044550e+06  0.000000e+00  1.000000e+00
  1.200000e+07            72             0             2
  0.000000e+00  0.000000e+00  1.405000e-03
  6.237700e+04  3.056790e-08  1.405000e-03
  1.247500e+05  1.138720e-07  1.417000e-03
  1.871300e+05  2.459060e-07  1.403000e-03
  2.495100e+05  4.340270e-07  1.351000e-03
  3.118900e+05  6.957270e-07  1.239000e-03
  3.742600e+05  9.093840e-07  1.093000e-03
  4.366400e+05  7.521040e-07  1.485000e-03
  4.990200e+05  6.178920e-07  1.992000e-03
  5.613900e+05  5.400560e-07  2.475000e-03
  6.237700e+05  4.993740e-07  2.874000e-03
  6.861500e+05  4.753470e-07  3.209000e-03
  7.485200e+05  4.596520e-07  3.503000e-03
  8.109000e+05  4.474840e-07  3.771000e-03
  8.732800e+05  4.375530e-07  4.021000e-03
  9.356600e+05  4.282620e-07  4.260000e-03
  9.980300e+05  4.196100e-07  4.492000e-03
  1.060400e+06  4.103290e-07  4.726000e-03
  1.122800e+06  3.997590e-07  4.971000e-03
  1.185200e+06  3.875810e-07  5.242000e-03
  1.247500e+06  3.725250e-07  5.557000e-03
  1.309900e+06  3.558710e-07  5.915000e-03
  1.372300e+06  3.401760e-07  6.296000e-03
  1.434700e+06  3.273680e-07  6.766000e-03
  1.497000e+06  3.169180e-07  7.217000e-03
  1.559400e+06  3.074370e-07  7.670000e-03
  1.621800e+06  2.981460e-07  8.143000e-03
  1.684200e+06  2.885450e-07  8.652000e-03
  1.746600e+06  2.785150e-07  9.206000e-03
  1.808900e+06  2.682050e-07  9.809000e-03
  1.871300e+06  2.576950e-07  1.046000e-02
  1.933700e+06  2.470250e-07  1.109000e-02
  1.996100e+06  2.363250e-07  1.175000e-02
  2.058400e+06  2.256650e-07  1.246000e-02
  2.120800e+06  2.151850e-07  1.322000e-02
  2.183200e+06  2.049050e-07  1.404000e-02
  2.245600e+06  1.949140e-07  1.492000e-02
  2.307900e+06  1.852740e-07  1.584000e-02
  2.370300e+06  1.760120e-07  1.683000e-02
  2.432700e+06  1.672010e-07  1.786000e-02
  2.495100e+06  1.589090e-07  1.894000e-02
  2.557500e+06  1.510960e-07  2.006000e-02
  2.619800e+06  1.437930e-07  2.121000e-02
  2.682200e+06  1.370000e-07  2.240000e-02
  2.744600e+06  1.306860e-07  2.361000e-02
  2.807000e+06  1.248310e-07  2.484000e-02
  2.869300e+06  1.192260e-07  2.544000e-02
  2.931700e+06  1.139020e-07  2.572000e-02
  2.994100e+06  1.087460e-07  2.594000e-02
  3.056500e+06  1.035910e-07  2.613000e-02
  3.118900e+06  9.833740e-08  2.632000e-02
  3.181200e+06  9.289150e-08  2.654000e-02
  3.243600e+06  8.722190e-08  2.681000e-02
  3.306000e+06  8.129660e-08  2.713000e-02
  3.368400e+06  7.511450e-08  2.755000e-02
  3.430700e+06  6.861170e-08  2.820000e-02
  3.493100e+06  6.178920e-08  2.959000e-02
  3.555500e+06  5.458200e-08  3.148000e-02
  3.617900e+06  4.692630e-08  3.421000e-02
  3.680200e+06  3.879010e-08  3.839000e-02
  3.742600e+06  3.009030e-08  4.550000e-02
  3.805000e+06  2.080420e-08  5.992000e-02
  3.867400e+06  1.086170e-08  1.032000e-01
  3.929800e+06  9.917060e-10  1.000000e+00
  3.992100e+06  8.597310e-10  1.000000e+00
  4.054500e+06  7.248800e-10  1.000000e+00
  4.116900e+06  5.868210e-10  1.000000e+00
  4.179300e+06  4.458850e-10  1.000000e+00
  4.241600e+06  3.020920e-10  1.000000e+00
  4.304000e+06  1.553820e-10  1.000000e+00
  4.366400e+06  5.807370e-12  1.000000e+00
  4.410060e+06  0.000000e+00  1.000000e+00
  1.250000e+07            73             0             2
  0.000000e+00  0.000000e+00  1.416000e-03
  6.569600e+04  2.745310e-08  1.416000e-03
  1.313900e+05  1.025570e-07  1.425000e-03
  1.970900e+05  2.224880e-07  1.405000e-03
  2.627800e+05  3.950920e-07  1.344000e-03
  3.284800e+05  6.384210e-07  1.224000e-03
  3.941800e+05  8.415960e-07  1.071000e-03
  4.598700e+05  7.168900e-07  1.414000e-03
  5.255700e+05  5.903640e-07  1.893000e-03
  5.912600e+05  5.106770e-07  2.378000e-03
  6.569600e+05  4.687050e-07  2.783000e-03
  7.226600e+05  4.452760e-07  3.117000e-03
  7.883500e+05  4.306790e-07  3.404000e-03
  8.540500e+05  4.200390e-07  3.660000e-03
  9.197400e+05  4.115170e-07  3.895000e-03
  9.854400e+05  4.042230e-07  4.116000e-03
  1.051100e+06  3.975290e-07  4.327000e-03
  1.116800e+06  3.905360e-07  4.535000e-03
  1.182500e+06  3.826230e-07  4.748000e-03
  1.248200e+06  3.735010e-07  4.975000e-03
  1.313900e+06  3.622510e-07  5.231000e-03
  1.379600e+06  3.482540e-07  5.538000e-03
  1.445300e+06  3.309200e-07  5.914000e-03
  1.511000e+06  3.138850e-07  6.314000e-03
  1.576700e+06  3.001980e-07  6.736000e-03
  1.642400e+06  2.891580e-07  7.209000e-03
  1.708100e+06  2.794560e-07  7.681000e-03
  1.773800e+06  2.703350e-07  8.164000e-03
  1.839500e+06  2.613630e-07  8.674000e-03
  1.905200e+06  2.522010e-07  9.222000e-03
  1.970900e+06  2.428100e-07  9.818000e-03
  2.036600e+06  2.332280e-07  1.047000e-02
  2.102300e+06  2.235870e-07  1.115000e-02
  2.168000e+06  2.138760e-07  1.181000e-02
  2.233700e+06  2.042350e-07  1.252000e-02
  2.299400e+06  1.947230e-07  1.328000e-02
  2.365100e+06  1.853820e-07  1.410000e-02
  2.430800e+06  1.762900e-07  1.497000e-02
  2.496400e+06  1.674980e-07  1.590000e-02
  2.562100e+06  1.590760e-07  1.689000e-02
  2.627800e+06  1.510430e-07  1.793000e-02
  2.693500e+06  1.434100e-07  1.902000e-02
  2.759200e+06  1.362260e-07  2.015000e-02
  2.824900e+06  1.295120e-07  2.133000e-02
  2.890600e+06  1.232080e-07  2.254000e-02
  2.956300e+06  1.174030e-07  2.379000e-02
  3.022000e+06  1.119580e-07  2.505000e-02
  3.087700e+06  1.069130e-07  2.635000e-02
  3.153400e+06  1.020770e-07  2.671000e-02
  3.219100e+06  9.742060e-08  2.698000e-02
  3.284800e+06  9.291870e-08  2.720000e-02
  3.350500e+06  8.838680e-08  2.741000e-02
  3.416200e+06  8.373300e-08  2.762000e-02
  3.481900e+06  7.889740e-08  2.787000e-02
  3.547600e+06  7.390890e-08  2.817000e-02
  3.613300e+06  6.870870e-08  2.854000e-02
  3.679000e+06  6.323360e-08  2.903000e-02
  3.744700e+06  5.754580e-08  2.993000e-02
  3.810400e+06  5.152330e-08  3.151000e-02
  3.876100e+06  4.519700e-08  3.370000e-02
  3.941800e+06  3.847510e-08  3.690000e-02
  4.007500e+06  3.132760e-08  4.191000e-02
  4.073100e+06  2.373950e-08  5.075000e-02
  4.138800e+06  1.562080e-08  6.996000e-02
  4.204500e+06  6.946900e-09  1.409000e-01
  4.270200e+06  8.613590e-10  1.000000e+00
  4.335900e+06  7.415270e-10  1.000000e+00
  4.401600e+06  6.189480e-10  1.000000e+00
  4.467300e+06  4.939420e-10  1.000000e+00
  4.533000e+06  3.665070e-10  1.000000e+00
  4.598700e+06  2.363560e-10  1.000000e+00
  4.664400e+06  1.037160e-10  1.000000e+00
  4.711040e+06  0.000000e+00  1.000000e+00
  1.300000e+07            75             0             2
  0.000000e+00  0.000000e+00  1.381000e-03
  6.885900e+04  2.642190e-08  1.381000e-03
  1.377200e+05  9.799770e-08  1.401000e-03
  2.065800e+05  2.096890e-07  1.401000e-03
  2.754300e+05  3.647680e-07  1.369000e-03
  3.442900e+05  5.731280e-07  1.282000e-03
  4.131500e+05  7.315730e-07  1.160000e-03
  4.820100e+05  5.954680e-07  1.602000e-03
  5.508700e+05  5.049300e-07  2.085000e-03
  6.197300e+05  4.582130e-07  2.497000e-03
  6.885900e+05  4.344140e-07  2.831000e-03
  7.574400e+05  4.201970e-07  3.115000e-03
  8.263000e+05  4.109060e-07  3.367000e-03
  8.951600e+05  4.033630e-07  3.599000e-03
  9.640200e+05  3.969780e-07  3.816000e-03
  1.032900e+06  3.911740e-07  4.023000e-03
  1.101700e+06  3.853690e-07  4.223000e-03
  1.170600e+06  3.792740e-07  4.422000e-03
  1.239500e+06  3.720210e-07  4.627000e-03
  1.308300e+06  3.633190e-07  4.850000e-03
  1.377200e+06  3.522890e-07  5.107000e-03
  1.446000e+06  3.383620e-07  5.414000e-03
  1.514900e+06  3.226960e-07  5.767000e-03
  1.583700e+06  3.073100e-07  6.135000e-03
  1.652600e+06  2.939620e-07  6.490000e-03
  1.721500e+06  2.825630e-07  6.815000e-03
  1.790300e+06  2.726320e-07  7.226000e-03
  1.859200e+06  2.635500e-07  7.687000e-03
  1.928000e+06  2.549080e-07  8.163000e-03
  1.996900e+06  2.463460e-07  8.666000e-03
  2.065800e+06  2.376330e-07  9.207000e-03
  2.134600e+06  2.287620e-07  9.794000e-03
  2.203500e+06  2.197300e-07  1.043000e-02
  2.272300e+06  2.106180e-07  1.113000e-02
  2.341200e+06  2.015060e-07  1.183000e-02
  2.410100e+06  1.923950e-07  1.254000e-02
  2.478900e+06  1.834330e-07  1.329000e-02
  2.547800e+06  1.746410e-07  1.410000e-02
  2.616600e+06  1.660490e-07  1.497000e-02
  2.685500e+06  1.577460e-07  1.589000e-02
  2.754300e+06  1.497340e-07  1.688000e-02
  2.823200e+06  1.421110e-07  1.792000e-02
  2.892100e+06  1.348470e-07  1.902000e-02
  2.960900e+06  1.279730e-07  2.016000e-02
  3.029800e+06  1.215290e-07  2.136000e-02
  3.098600e+06  1.155250e-07  2.259000e-02
  3.167500e+06  1.099200e-07  2.386000e-02
  3.236400e+06  1.047050e-07  2.515000e-02
  3.305200e+06  9.985500e-08  2.648000e-02
  3.374100e+06  9.529820e-08  2.759000e-02
  3.442900e+06  9.091720e-08  2.793000e-02
  3.511800e+06  8.673800e-08  2.820000e-02
  3.580600e+06  8.261670e-08  2.842000e-02
  3.649500e+06  7.846750e-08  2.864000e-02
  3.718400e+06  7.417240e-08  2.888000e-02
  3.787200e+06  6.976140e-08  2.916000e-02
  3.856100e+06  6.517660e-08  2.950000e-02
  3.924900e+06  6.038900e-08  2.992000e-02
  3.993800e+06  5.539750e-08  3.048000e-02
  4.062700e+06  5.017430e-08  3.167000e-02
  4.131500e+06  4.468930e-08  3.348000e-02
  4.200400e+06  3.888560e-08  3.601000e-02
  4.269200e+06  3.276210e-08  3.975000e-02
  4.338100e+06  2.625110e-08  4.578000e-02
  4.406900e+06  1.932340e-08  5.686000e-02
  4.475800e+06  1.193810e-08  8.318000e-02
  4.544700e+06  4.056900e-09  2.182000e-01
  4.613500e+06  7.748040e-10  1.000000e+00
  4.682400e+06  6.619270e-10  1.000000e+00
  4.751200e+06  5.467220e-10  1.000000e+00
  4.820100e+06  4.294790e-10  1.000000e+00
  4.889000e+06  3.096380e-10  1.000000e+00
  4.957800e+06  1.874290e-10  1.000000e+00
  5.026700e+06  6.305850e-11  1.000000e+00
  5.076970e+06  0.000000e+00  1.000000e+00
  1.350000e+07            77             0             2
  0.000000e+00  0.000000e+00  1.310000e-03
  7.187600e+04  2.498750e-08  1.310000e-03
  1.437500e+05  9.274460e-08  1.346000e-03
  2.156300e+05  1.988310e-07  1.349000e-03
  2.875000e+05  3.469580e-07  1.315000e-03
  3.593800e+05  5.476770e-07  1.227000e-03
  4.312500e+05  7.028080e-07  1.104000e-03
  5.031300e+05  5.843740e-07  1.494000e-03
  5.750100e+05  4.931860e-07  1.954000e-03
  6.468800e+05  4.437010e-07  2.363000e-03
  7.187600e+05  4.181240e-07  2.696000e-03
  7.906300e+05  4.031170e-07  2.978000e-03
  8.625100e+05  3.931060e-07  3.228000e-03
  9.343800e+05  3.853230e-07  3.459000e-03
  1.006300e+06  3.786490e-07  3.676000e-03
  1.078100e+06  3.722550e-07  3.884000e-03
  1.150000e+06  3.664200e-07  4.085000e-03
  1.221900e+06  3.603060e-07  4.283000e-03
  1.293800e+06  3.533520e-07  4.486000e-03
  1.365600e+06  3.452890e-07  4.701000e-03
  1.437500e+06  3.355580e-07  4.941000e-03
  1.509400e+06  3.235990e-07  5.225000e-03
  1.581300e+06  3.094220e-07  5.552000e-03
  1.653100e+06  2.955240e-07  5.895000e-03
  1.725000e+06  2.827360e-07  6.240000e-03
  1.796900e+06  2.704470e-07  6.592000e-03
  1.868800e+06  2.587670e-07  6.948000e-03
  1.940600e+06  2.483170e-07  7.290000e-03
  2.012500e+06  2.389450e-07  7.776000e-03
  2.084400e+06  2.303030e-07  8.278000e-03
  2.156300e+06  2.220700e-07  8.798000e-03
  2.228100e+06  2.140670e-07  9.347000e-03
  2.300000e+06  2.060350e-07  9.936000e-03
  2.371900e+06  1.978920e-07  1.057000e-02
  2.443800e+06  1.896890e-07  1.127000e-02
  2.515600e+06  1.814870e-07  1.202000e-02
  2.587500e+06  1.733440e-07  1.276000e-02
  2.659400e+06  1.652810e-07  1.352000e-02
  2.731300e+06  1.573580e-07  1.434000e-02
  2.803200e+06  1.496250e-07  1.521000e-02
  2.875000e+06  1.421220e-07  1.615000e-02
  2.946900e+06  1.348890e-07  1.714000e-02
  3.018800e+06  1.279650e-07  1.820000e-02
  3.090700e+06  1.213810e-07  1.931000e-02
  3.162500e+06  1.151260e-07  2.048000e-02
  3.234400e+06  1.092620e-07  2.171000e-02
  3.306300e+06  1.037570e-07  2.298000e-02
  3.378200e+06  9.861030e-08  2.429000e-02
  3.450000e+06  9.382860e-08  2.563000e-02
  3.521900e+06  8.938060e-08  2.701000e-02
  3.593800e+06  8.523830e-08  2.841000e-02
  3.665700e+06  8.128990e-08  2.930000e-02
  3.737500e+06  7.753730e-08  2.964000e-02
  3.809400e+06  7.389550e-08  2.991000e-02
  3.881300e+06  7.030880e-08  3.015000e-02
  3.953200e+06  6.666700e-08  3.039000e-02
  4.025000e+06  6.288540e-08  3.066000e-02
  4.096900e+06  5.902190e-08  3.098000e-02
  4.168800e+06  5.499050e-08  3.137000e-02
  4.240700e+06  5.079230e-08  3.187000e-02
  4.312500e+06  4.640030e-08  3.252000e-02
  4.384400e+06  4.184040e-08  3.405000e-02
  4.456300e+06  3.703070e-08  3.615000e-02
  4.528200e+06  3.197120e-08  3.912000e-02
  4.600000e+06  2.661910e-08  4.360000e-02
  4.671900e+06  2.094020e-08  5.101000e-02
  4.743800e+06  1.490160e-08  6.533000e-02
  4.815700e+06  8.473780e-09  1.035000e-01
  4.887500e+06  1.618840e-09  4.804000e-01
  4.959400e+06  6.764020e-10  1.000000e+00
  5.031300e+06  5.732540e-10  1.000000e+00
  5.103200e+06  4.678890e-10  1.000000e+00
  5.175000e+06  3.605760e-10  1.000000e+00
  5.246900e+06  2.512940e-10  1.000000e+00
  5.318800e+06  1.398640e-10  1.000000e+00
  5.390700e+06  2.645820e-11  1.000000e+00
  5.444610e+06  0.000000e+00  1.000000e+00
  1.400000e+07            78             0             2
  0.000000e+00  0.000000e+00  1.288000e-03
  7.475700e+04  2.285740e-08  1.288000e-03
  1.495100e+05  8.505800e-08  1.320000e-03
  2.242700e+05  1.831830e-07  1.330000e-03
  2.990300e+05  3.218440e-07  1.307000e-03
  3.737900e+05  5.116310e-07  1.210000e-03
  4.485400e+05  6.626610e-07  1.080000e-03
  5.233000e+05  5.637560e-07  1.429000e-03
  5.980600e+05  4.744730e-07  1.874000e-03
  6.728100e+05  4.223470e-07  2.291000e-03
  7.475700e+05  3.958800e-07  2.631000e-03
  8.223300e+05  3.809130e-07  2.913000e-03
  8.970800e+05  3.712910e-07  3.159000e-03
  9.718400e+05  3.643370e-07  3.384000e-03
  1.046600e+06  3.584620e-07  3.593000e-03
  1.121400e+06  3.531170e-07  3.792000e-03
  1.196100e+06  3.480310e-07  3.983000e-03
  1.270900e+06  3.429560e-07  4.171000e-03
  1.345600e+06  3.370810e-07  4.361000e-03
  1.420400e+06  3.306560e-07  4.561000e-03
  1.495100e+06  3.223730e-07  4.780000e-03
  1.569900e+06  3.122120e-07  5.035000e-03
  1.644700e+06  2.999230e-07  5.331000e-03
  1.719400e+06  2.870940e-07  5.649000e-03
  1.794200e+06  2.755930e-07  5.965000e-03
  1.868900e+06  2.646330e-07  6.281000e-03
  1.943700e+06  2.538620e-07  6.609000e-03
  2.018400e+06  2.428820e-07  6.962000e-03
  2.093200e+06  2.321610e-07  7.328000e-03
  2.168000e+06  2.222890e-07  7.727000e-03
  2.242700e+06  2.133670e-07  8.252000e-03
  2.317500e+06  2.051340e-07  8.789000e-03
  2.392200e+06  1.973310e-07  9.347000e-03
  2.467000e+06  1.897870e-07  9.936000e-03
  2.541700e+06  1.822740e-07  1.057000e-02
  2.616500e+06  1.747400e-07  1.125000e-02
  2.691300e+06  1.672060e-07  1.200000e-02
  2.766000e+06  1.597130e-07  1.280000e-02
  2.840800e+06  1.522890e-07  1.356000e-02
  2.915500e+06  1.449860e-07  1.437000e-02
  2.990300e+06  1.378820e-07  1.524000e-02
  3.065000e+06  1.309780e-07  1.617000e-02
  3.139800e+06  1.243030e-07  1.716000e-02
  3.214600e+06  1.178790e-07  1.822000e-02
  3.289300e+06  1.117640e-07  1.934000e-02
  3.364100e+06  1.059590e-07  2.051000e-02
  3.438800e+06  1.004840e-07  2.175000e-02
  3.513600e+06  9.532220e-08  2.303000e-02
  3.588300e+06  9.051030e-08  2.436000e-02
  3.663100e+06  8.602020e-08  2.574000e-02
  3.737900e+06  8.184970e-08  2.714000e-02
  3.812600e+06  7.797410e-08  2.858000e-02
  3.887400e+06  7.436520e-08  3.005000e-02
  3.962100e+06  7.089020e-08  3.068000e-02
  4.036900e+06  6.757600e-08  3.102000e-02
  4.111600e+06  6.434080e-08  3.129000e-02
  4.186400e+06  6.113350e-08  3.154000e-02
  4.261200e+06  5.784530e-08  3.180000e-02
  4.335900e+06  5.447720e-08  3.211000e-02
  4.410700e+06  5.100220e-08  3.247000e-02
  4.485400e+06  4.739430e-08  3.291000e-02
  4.560200e+06  4.362460e-08  3.348000e-02
  4.634900e+06  3.972190e-08  3.438000e-02
  4.709700e+06  3.563240e-08  3.614000e-02
  4.784500e+06  3.132810e-08  3.855000e-02
  4.859200e+06  2.681100e-08  4.200000e-02
  4.934000e+06  2.202610e-08  4.732000e-02
  5.008700e+06  1.695840e-08  5.640000e-02
  5.083500e+06  1.158010e-08  7.503000e-02
  5.158200e+06  5.859370e-09  1.330000e-01
  5.233000e+06  6.877900e-10  1.000000e+00
  5.307800e+06  5.944900e-10  1.000000e+00
  5.382500e+06  4.993310e-10  1.000000e+00
  5.457300e+06  4.022950e-10  1.000000e+00
  5.532000e+06  3.034000e-10  1.000000e+00
  5.606800e+06  2.026960e-10  1.000000e+00
  5.681500e+06  1.002440e-10  1.000000e+00
  5.738320e+06  0.000000e+00  1.000000e+00
  1.450000e+07            80             0             2
  0.000000e+00  0.000000e+00  1.277000e-03
  7.751200e+04  2.087310e-08  1.277000e-03
  1.550200e+05  7.788600e-08  1.306000e-03
  2.325400e+05  1.684340e-07  1.310000e-03
  3.100500e+05  2.975190e-07  1.280000e-03
  3.875600e+05  4.767040e-07  1.192000e-03
  4.650700e+05  6.221070e-07  1.067000e-03
  5.425800e+05  5.442500e-07  1.373000e-03
  6.200900e+05  4.594280e-07  1.797000e-03
  6.976100e+05  4.047730e-07  2.221000e-03
  7.751200e+05  3.764150e-07  2.570000e-03
  8.526300e+05  3.611980e-07  2.855000e-03
  9.301400e+05  3.521750e-07  3.100000e-03
  1.007700e+06  3.457300e-07  3.319000e-03
  1.085200e+06  3.405740e-07  3.522000e-03
  1.162700e+06  3.359380e-07  3.713000e-03
  1.240200e+06  3.318120e-07  3.897000e-03
  1.317700e+06  3.274250e-07  4.076000e-03
  1.395200e+06  3.225290e-07  4.257000e-03
  1.472700e+06  3.168540e-07  4.444000e-03
  1.550200e+06  3.098990e-07  4.646000e-03
  1.627700e+06  3.011260e-07  4.878000e-03
  1.705300e+06  2.905550e-07  5.149000e-03
  1.782800e+06  2.789540e-07  5.446000e-03
  1.860300e+06  2.681330e-07  5.743000e-03
  1.937800e+06  2.583310e-07  6.036000e-03
  2.015300e+06  2.486090e-07  6.333000e-03
  2.092800e+06  2.389670e-07  6.645000e-03
  2.170300e+06  2.290750e-07  6.980000e-03
  2.247800e+06  2.188330e-07  7.346000e-03
  2.325400e+06  2.087010e-07  7.734000e-03
  2.402900e+06  1.993690e-07  8.206000e-03
  2.480400e+06  1.908660e-07  8.769000e-03
  2.557900e+06  1.830220e-07  9.348000e-03
  2.635400e+06  1.756480e-07  9.950000e-03
  2.712900e+06  1.685840e-07  1.058000e-02
  2.790400e+06  1.616290e-07  1.126000e-02
  2.867900e+06  1.546650e-07  1.200000e-02
  2.945400e+06  1.477500e-07  1.279000e-02
  3.023000e+06  1.409260e-07  1.363000e-02
  3.100500e+06  1.341910e-07  1.443000e-02
  3.178000e+06  1.276170e-07  1.530000e-02
  3.255500e+06  1.212220e-07  1.623000e-02
  3.333000e+06  1.150370e-07  1.722000e-02
  3.410500e+06  1.091120e-07  1.827000e-02
  3.488000e+06  1.034060e-07  1.939000e-02
  3.565500e+06  9.799570e-08  2.058000e-02
  3.643100e+06  9.289090e-08  2.182000e-02
  3.720600e+06  8.804480e-08  2.312000e-02
  3.798100e+06  8.353240e-08  2.447000e-02
  3.875600e+06  7.930480e-08  2.587000e-02
  3.953100e+06  7.538600e-08  2.731000e-02
  4.030600e+06  7.172500e-08  2.878000e-02
  4.108100e+06  6.832170e-08  3.029000e-02
  4.185600e+06  6.515030e-08  3.177000e-02
  4.263100e+06  6.208180e-08  3.218000e-02
  4.340700e+06  5.911720e-08  3.251000e-02
  4.418200e+06  5.625550e-08  3.279000e-02
  4.495700e+06  5.336780e-08  3.305000e-02
  4.573200e+06  5.042920e-08  3.335000e-02
  4.650700e+06  4.738670e-08  3.368000e-02
  4.728200e+06  4.424120e-08  3.409000e-02
  4.805700e+06  4.099280e-08  3.459000e-02
  4.883200e+06  3.761560e-08  3.524000e-02
  4.960800e+06  3.410940e-08  3.645000e-02
  5.038300e+06  3.042240e-08  3.846000e-02
  5.115800e+06  2.658050e-08  4.123000e-02
  5.193300e+06  2.251480e-08  4.527000e-02
  5.270800e+06  1.822730e-08  5.163000e-02
  5.348300e+06  1.368990e-08  6.291000e-02
  5.425800e+06  8.879220e-09  8.781000e-02
  5.503300e+06  3.769250e-09  1.848000e-01
  5.580800e+06  6.115450e-10  1.000000e+00
  5.658400e+06  5.246560e-10  1.000000e+00
  5.735900e+06  4.364870e-10  1.000000e+00
  5.813400e+06  3.465100e-10  1.000000e+00
  5.890900e+06  2.547440e-10  1.000000e+00
  5.968400e+06  1.614990e-10  1.000000e+00
  6.045900e+06  6.662010e-11  1.000000e+00
  6.106360e+06  0.000000e+00  1.000000e+00
  1.500000e+07            82             0             2
  0.000000e+00  0.000000e+00  1.219000e-03
  8.014800e+04  2.038030e-08  1.219000e-03
  1.603000e+05  7.554620e-08  1.254000e-03
  2.404400e+05  1.614380e-07  1.274000e-03
  3.205900e+05  2.799910e-07  1.267000e-03
  4.007400e+05  4.373220e-07  1.211000e-03
  4.808900e+05  5.540070e-07  1.120000e-03
  5.610300e+05  4.637510e-07  1.529000e-03
  6.411800e+05  4.014210e-07  1.964000e-03
  7.213300e+05  3.699970e-07  2.321000e-03
  8.014800e+05  3.545400e-07  2.607000e-03
  8.816300e+05  3.460670e-07  2.849000e-03
  9.617700e+05  3.405810e-07  3.065000e-03
  1.041900e+06  3.363450e-07  3.264000e-03
  1.122100e+06  3.326080e-07  3.453000e-03
  1.202200e+06  3.288610e-07  3.635000e-03
  1.282400e+06  3.248740e-07  3.812000e-03
  1.362500e+06  3.206380e-07  3.988000e-03
  1.442700e+06  3.159010e-07  4.168000e-03
  1.522800e+06  3.099160e-07  4.359000e-03
  1.603000e+06  3.024330e-07  4.572000e-03
  1.683100e+06  2.929600e-07  4.820000e-03
  1.763300e+06  2.822390e-07  5.094000e-03
  1.843400e+06  2.720170e-07  5.373000e-03
  1.923500e+06  2.627950e-07  5.643000e-03
  2.003700e+06  2.540620e-07  5.913000e-03
  2.083800e+06  2.452390e-07  6.190000e-03
  2.164000e+06  2.363870e-07  6.481000e-03
  2.244100e+06  2.273140e-07  6.792000e-03
  2.324300e+06  2.179120e-07  7.129000e-03
  2.404400e+06  2.081100e-07  7.500000e-03
  2.484600e+06  1.984380e-07  7.894000e-03
  2.564700e+06  1.894350e-07  8.287000e-03
  2.644900e+06  1.812620e-07  8.814000e-03
  2.725000e+06  1.737080e-07  9.394000e-03
  2.805200e+06  1.666740e-07  9.994000e-03
  2.885300e+06  1.599390e-07  1.062000e-02
  2.965500e+06  1.533350e-07  1.130000e-02
  3.045600e+06  1.467500e-07  1.202000e-02
  3.125800e+06  1.402450e-07  1.281000e-02
  3.205900e+06  1.337910e-07  1.367000e-02
  3.286100e+06  1.274360e-07  1.453000e-02
  3.366200e+06  1.212010e-07  1.539000e-02
  3.446400e+06  1.151360e-07  1.632000e-02
  3.526500e+06  1.092810e-07  1.731000e-02
  3.606700e+06  1.036250e-07  1.837000e-02
  3.686800e+06  9.820960e-08  1.949000e-02
  3.766900e+06  9.304890e-08  2.068000e-02
  3.847100e+06  8.813690e-08  2.193000e-02
  3.927200e+06  8.352460e-08  2.324000e-02
  4.007400e+06  7.916120e-08  2.462000e-02
  4.087500e+06  7.509750e-08  2.604000e-02
  4.167700e+06  7.130760e-08  2.751000e-02
  4.247800e+06  6.779250e-08  2.902000e-02
  4.328000e+06  6.450120e-08  3.057000e-02
  4.408100e+06  6.143470e-08  3.216000e-02
  4.488300e+06  5.856710e-08  3.340000e-02
  4.568400e+06  5.577440e-08  3.380000e-02
  4.648600e+06  5.308160e-08  3.413000e-02
  4.728700e+06  5.046370e-08  3.442000e-02
  4.808900e+06  4.779590e-08  3.470000e-02
  4.889000e+06  4.507810e-08  3.503000e-02
  4.969200e+06  4.226140e-08  3.541000e-02
  5.049300e+06  3.936880e-08  3.587000e-02
  5.129500e+06  3.637720e-08  3.644000e-02
  5.209600e+06  3.326080e-08  3.718000e-02
  5.289800e+06  3.001940e-08  3.875000e-02
  5.369900e+06  2.662820e-08  4.104000e-02
  5.450100e+06  2.308510e-08  4.425000e-02
  5.530200e+06  1.934820e-08  4.901000e-02
  5.610300e+06  1.540840e-08  5.669000e-02
  5.690500e+06  1.123980e-08  7.090000e-02
  5.770600e+06  6.824120e-09  1.053000e-01
  5.850800e+06  2.137250e-09  2.991000e-01
  5.930900e+06  5.579930e-10  1.000000e+00
  6.011100e+06  4.752210e-10  1.000000e+00
  6.091200e+06  3.909500e-10  1.000000e+00
  6.171400e+06  3.051800e-10  1.000000e+00
  6.251500e+06  2.177920e-10  1.000000e+00
  6.331700e+06  1.289540e-10  1.000000e+00
  6.411800e+06  3.864540e-11  1.000000e+00
  6.475920e+06  0.000000e+00  1.000000e+00
