             1
             3
             4             0
      -2965560             0            54
  3.481870e+06  0.000000e+00  3.500000e+06  2.926800e-04  3.749800e+06  2.106438e-03
  3.971360e+06  4.785934e-03  4.000000e+06  6.678300e-03  4.500000e+06  2.774390e-02
  4.723840e+06  3.721000e-02  5.000000e+06  5.595640e-02  5.500000e+06  8.170890e-02
  5.547120e+06  8.278748e-02  5.655140e+06  8.796437e-02  5.910740e+06  1.049442e-01
  5.911680e+06  1.050405e-01  5.914620e+06  1.054281e-01  6.000000e+06  1.185055e-01
  6.258860e+06  1.374323e-01  6.470320e+06  1.589321e-01  6.500000e+06  1.631336e-01
  6.605930e+06  1.685650e-01  6.697740e+06  1.747163e-01  6.902040e+06  1.906108e-01
  7.000000e+06  1.999582e-01  7.091070e+06  2.021684e-01  7.190870e+06  2.063930e-01
  7.477930e+06  2.221371e-01  7.500000e+06  2.244772e-01  7.600040e+06  2.257085e-01
  7.703950e+06  2.298867e-01  7.793180e+06  2.343498e-01  7.803750e+06  2.350418e-01
  7.853060e+06  2.392556e-01  7.884760e+06  2.421618e-01  7.888280e+06  2.425201e-01
  8.000000e+06  2.541075e-01  8.082010e+06  2.567917e-01  8.133670e+06  2.595395e-01
  8.153630e+06  2.608363e-01  8.403720e+06  2.774371e-01  8.418980e+06  2.785686e-01
  8.500000e+06  2.856035e-01  8.530520e+06  2.860554e-01  9.000000e+06  3.156000e-01
  9.500000e+06  3.560000e-01  1.000000e+07  3.875996e-01  1.050000e+07  4.128997e-01
  1.100000e+07  4.335999e-01  1.150000e+07  4.408121e-01  1.200000e+07  4.245300e-01
  1.250000e+07  3.938599e-01  1.300000e+07  3.469997e-01  1.350000e+07  3.038999e-01
  1.400000e+07  2.860995e-01  1.450000e+07  2.450997e-01  1.500000e+07  2.150999e-01
             1
             3
            50             0
      -2965560             0            25
  3.481870e+06  0.000000e+00  3.500000e+06  2.926800e-04  4.000000e+06  3.923100e-03
  4.500000e+06  8.430200e-03  5.000000e+06  1.696100e-02  5.500000e+06  2.702100e-02
  6.000000e+06  3.575100e-02  6.500000e+06  4.238300e-02  7.000000e+06  4.787600e-02
  7.500000e+06  5.160400e-02  8.000000e+06  4.744500e-02  8.500000e+06  4.810300e-02
  9.000000e+06  4.700900e-02  9.500000e+06  4.410900e-02  1.000000e+07  4.109800e-02
  1.050000e+07  3.776900e-02  1.100000e+07  3.425200e-02  1.150000e+07  3.015500e-02
  1.200000e+07  2.627000e-02  1.250000e+07  2.238600e-02  1.300000e+07  1.849900e-02
  1.350000e+07  1.513300e-02  1.400000e+07  1.641200e-02  1.450000e+07  1.382700e-02
  1.500000e+07  1.191700e-02
             1
             3
            51             0
      -3193760             0            24
  3.749800e+06  0.000000e+00  4.000000e+06  1.209200e-03  4.500000e+06  4.240700e-03
  5.000000e+06  5.984700e-03  5.500000e+06  6.895900e-03  6.000000e+06  6.568900e-03
  6.500000e+06  5.854800e-03  7.000000e+06  5.077800e-03  7.500000e+06  4.326100e-03
  8.000000e+06  3.699300e-03  8.500000e+06  3.089200e-03  9.000000e+06  2.520100e-03
  9.500000e+06  1.930000e-03  1.000000e+07  1.535800e-03  1.050000e+07  1.208300e-03
  1.100000e+07  9.548600e-04  1.150000e+07  7.426800e-04  1.200000e+07  5.874700e-04
  1.250000e+07  4.531800e-04  1.300000e+07  3.499400e-04  1.350000e+07  2.757000e-04
  1.400000e+07  2.144200e-04  1.450000e+07  1.684100e-04  1.500000e+07  1.333500e-04
             1
             3
            52             0
      -3382460             0            24
  3.971360e+06  0.000000e+00  4.000000e+06  1.546000e-03  4.500000e+06  1.507300e-02
  5.000000e+06  2.594300e-02  5.500000e+06  3.316500e-02  6.000000e+06  3.535300e-02
  6.500000e+06  3.455000e-02  7.000000e+06  3.315800e-02  7.500000e+06  3.149400e-02
  8.000000e+06  2.881500e-02  8.500000e+06  2.611300e-02  9.000000e+06  2.359800e-02
  9.500000e+06  2.032700e-02  1.000000e+07  1.764100e-02  1.050000e+07  1.510700e-02
  1.100000e+07  1.288100e-02  1.150000e+07  1.075500e-02  1.200000e+07  9.018800e-03
  1.250000e+07  7.383000e-03  1.300000e+07  5.874600e-03  1.350000e+07  4.709400e-03
  1.400000e+07  3.803000e-03  1.450000e+07  3.054200e-03  1.500000e+07  2.519500e-03
             1
             3
            53             0
      -4023360             0            22
  4.723840e+06  0.000000e+00  5.000000e+06  7.067700e-03  5.500000e+06  1.462700e-02
  6.000000e+06  1.548100e-02  6.500000e+06  1.416500e-02  7.000000e+06  1.248500e-02
  7.500000e+06  1.081900e-02  8.000000e+06  9.424300e-03  8.500000e+06  8.086700e-03
  9.000000e+06  6.773900e-03  9.500000e+06  5.327400e-03  1.000000e+07  4.358900e-03
  1.050000e+07  3.512600e-03  1.100000e+07  2.821800e-03  1.150000e+07  2.224600e-03
  1.200000e+07  1.778000e-03  1.250000e+07  1.388500e-03  1.300000e+07  1.074000e-03
  1.350000e+07  8.417200e-04  1.400000e+07  6.531600e-04  1.450000e+07  5.147000e-04
  1.500000e+07  4.100900e-04
             1
             3
            54             0
      -4724560             0            20
  5.547120e+06  0.000000e+00  6.000000e+06  1.133800e-02  6.500000e+06  1.492600e-02
  7.000000e+06  1.464000e-02  7.500000e+06  1.345800e-02  8.000000e+06  1.228600e-02
  8.500000e+06  1.096600e-02  9.000000e+06  9.595800e-03  9.500000e+06  7.947100e-03
  1.000000e+07  6.758400e-03  1.050000e+07  5.656900e-03  1.100000e+07  4.739500e-03
  1.150000e+07  3.866300e-03  1.200000e+07  3.174000e-03  1.250000e+07  2.545500e-03
  1.300000e+07  1.998200e-03  1.350000e+07  1.578000e-03  1.400000e+07  1.230500e-03
  1.450000e+07  9.691400e-04  1.500000e+07  7.785900e-04
             1
             3
            55             0
      -4816560             0            20
  5.655140e+06  0.000000e+00  6.000000e+06  6.382000e-03  6.500000e+06  9.482000e-03
  7.000000e+06  9.226500e-03  7.500000e+06  8.242100e-03  8.000000e+06  7.309000e-03
  8.500000e+06  6.320600e-03  9.000000e+06  5.332700e-03  9.500000e+06  4.257300e-03
  1.000000e+07  3.528900e-03  1.050000e+07  2.878100e-03  1.100000e+07  2.357200e-03
  1.150000e+07  1.886200e-03  1.200000e+07  1.524400e-03  1.250000e+07  1.201800e-03
  1.300000e+07  9.455400e-04  1.350000e+07  7.411000e-04  1.400000e+07  5.781700e-04
  1.450000e+07  4.607600e-04  1.500000e+07  3.620700e-04
             1
             3
            56             0
      -5034260             0            20
  5.910740e+06  0.000000e+00  6.000000e+06  3.208600e-03  6.500000e+06  1.526000e-02
  7.000000e+06  2.022500e-02  7.500000e+06  2.226100e-02  8.000000e+06  2.204600e-02
  8.500000e+06  2.148900e-02  9.000000e+06  2.100900e-02  9.500000e+06  1.950000e-02
  1.000000e+07  1.808400e-02  1.050000e+07  1.649300e-02  1.100000e+07  1.493700e-02
  1.150000e+07  1.322600e-02  1.200000e+07  1.163500e-02  1.250000e+07  9.999900e-03
  1.300000e+07  8.282400e-03  1.350000e+07  6.805100e-03  1.400000e+07  5.728700e-03
  1.450000e+07  4.707900e-03  1.500000e+07  3.995500e-03
             1
             3
            57             0
      -5035060             0            20
  5.911680e+06  0.000000e+00  6.000000e+06  2.603900e-03  6.500000e+06  1.098500e-02
  7.000000e+06  1.257300e-02  7.500000e+06  1.194200e-02  8.000000e+06  1.101400e-02
  8.500000e+06  9.876500e-03  9.000000e+06  8.665800e-03  9.500000e+06  7.185100e-03
  1.000000e+07  6.155100e-03  1.050000e+07  5.182300e-03  1.100000e+07  4.355000e-03
  1.150000e+07  3.585000e-03  1.200000e+07  2.958700e-03  1.250000e+07  2.378200e-03
  1.300000e+07  1.872400e-03  1.350000e+07  1.484100e-03  1.400000e+07  1.161200e-03
  1.450000e+07  9.146900e-04  1.500000e+07  7.351700e-04
             1
             3
            58             0
      -5037560             0            20
  5.914620e+06  0.000000e+00  6.000000e+06  1.819100e-03  6.500000e+06  7.457600e-03
  7.000000e+06  8.264100e-03  7.500000e+06  7.574200e-03  8.000000e+06  6.768800e-03
  8.500000e+06  5.871600e-03  9.000000e+06  4.968800e-03  9.500000e+06  3.968700e-03
  1.000000e+07  3.307700e-03  1.050000e+07  2.711000e-03  1.100000e+07  2.225000e-03
  1.150000e+07  1.792100e-03  1.200000e+07  1.454600e-03  1.250000e+07  1.148500e-03
  1.300000e+07  8.982200e-04  1.350000e+07  7.117300e-04  1.400000e+07  5.565600e-04
  1.450000e+07  4.388000e-04  1.500000e+07  3.518000e-04
             1
             3
            59             0
      -5330760             0            19
  6.258860e+06  0.000000e+00  6.500000e+06  6.886400e-03  7.000000e+06  1.412200e-02
  7.500000e+06  1.562500e-02  8.000000e+06  1.528400e-02  8.500000e+06  1.435700e-02
  9.000000e+06  1.333000e-02  9.500000e+06  1.167900e-02  1.000000e+07  1.043200e-02
  1.050000e+07  9.186500e-03  1.100000e+07  8.035700e-03  1.150000e+07  6.895300e-03
  1.200000e+07  5.931500e-03  1.250000e+07  4.955600e-03  1.300000e+07  4.006000e-03
  1.350000e+07  3.221600e-03  1.400000e+07  2.568000e-03  1.450000e+07  2.054800e-03
  1.500000e+07  1.679600e-03
             1
             3
            60             0
      -5510860             0            19
  6.470320e+06  0.000000e+00  6.500000e+06  1.183800e-03  7.000000e+06  1.112300e-02
  7.500000e+06  1.413800e-02  8.000000e+06  1.419800e-02  8.500000e+06  1.343900e-02
  9.000000e+06  1.251300e-02  9.500000e+06  1.099100e-02  1.000000e+07  9.804700e-03
  1.050000e+07  8.666400e-03  1.100000e+07  7.610600e-03  1.150000e+07  6.535400e-03
  1.200000e+07  5.648800e-03  1.250000e+07  4.739200e-03  1.300000e+07  3.848200e-03
  1.350000e+07  3.093500e-03  1.400000e+07  2.475000e-03  1.450000e+07  1.978300e-03
  1.500000e+07  1.617500e-03
             1
             3
            61             0
      -5626360             0            18
  6.605930e+06  0.000000e+00  7.000000e+06  6.197400e-03  7.500000e+06  8.702100e-03
  8.000000e+06  8.706500e-03  8.500000e+06  7.984200e-03  9.000000e+06  7.068400e-03
  9.500000e+06  5.882300e-03  1.000000e+07  5.053900e-03  1.050000e+07  4.315000e-03
  1.100000e+07  3.670600e-03  1.150000e+07  3.043700e-03  1.200000e+07  2.555600e-03
  1.250000e+07  2.098800e-03  1.300000e+07  1.672900e-03  1.350000e+07  1.325200e-03
  1.400000e+07  1.055800e-03  1.450000e+07  8.286400e-04  1.500000e+07  6.642600e-04
             1
             3
            62             0
      -5704560             0            18
  6.697740e+06  0.000000e+00  7.000000e+06  3.264200e-03  7.500000e+06  5.208600e-03
  8.000000e+06  5.190200e-03  8.500000e+06  4.640300e-03  9.000000e+06  3.972700e-03
  9.500000e+06  3.191400e-03  1.000000e+07  2.671900e-03  1.050000e+07  2.224300e-03
  1.100000e+07  1.853300e-03  1.150000e+07  1.510900e-03  1.200000e+07  1.246600e-03
  1.250000e+07  1.008600e-03  1.300000e+07  7.995000e-04  1.350000e+07  6.338500e-04
  1.400000e+07  5.053100e-04  1.450000e+07  4.033700e-04  1.500000e+07  3.166700e-04
             1
             3
            63             0
      -5878560             0            18
  6.902040e+06  0.000000e+00  7.000000e+06  1.726200e-03  7.500000e+06  6.698700e-03
  8.000000e+06  7.681600e-03  8.500000e+06  7.243800e-03  9.000000e+06  6.451800e-03
  9.500000e+06  5.382700e-03  1.000000e+07  4.635400e-03  1.050000e+07  3.960300e-03
  1.100000e+07  3.391900e-03  1.150000e+07  2.828700e-03  1.200000e+07  2.383200e-03
  1.250000e+07  1.993000e-03  1.300000e+07  1.570800e-03  1.350000e+07  1.284700e-03
  1.400000e+07  1.022400e-03  1.450000e+07  8.023700e-04  1.500000e+07  6.410200e-04
             1
             3
            64             0
      -6039560             0            17
  7.091070e+06  0.000000e+00  7.500000e+06  7.386000e-03  8.000000e+06  1.066300e-02
  8.500000e+06  1.085500e-02  9.000000e+06  1.030200e-02  9.500000e+06  9.107600e-03
  1.000000e+07  8.143400e-03  1.050000e+07  7.189200e-03  1.100000e+07  6.387800e-03
  1.150000e+07  5.540700e-03  1.200000e+07  4.818500e-03  1.250000e+07  4.128400e-03
  1.300000e+07  3.377500e-03  1.350000e+07  2.748400e-03  1.400000e+07  2.208600e-03
  1.450000e+07  1.781000e-03  1.500000e+07  1.448400e-03
             1
             3
            65             0
      -6124560             0            17
  7.190870e+06  0.000000e+00  7.500000e+06  3.868700e-03  8.000000e+06  6.440300e-03
  8.500000e+06  6.485100e-03  9.000000e+06  5.874600e-03  9.500000e+06  4.923400e-03
  1.000000e+07  4.253300e-03  1.050000e+07  3.627400e-03  1.100000e+07  3.126400e-03
  1.150000e+07  2.628200e-03  1.200000e+07  2.215800e-03  1.250000e+07  1.839100e-03
  1.300000e+07  1.523500e-03  1.350000e+07  1.197500e-03  1.400000e+07  9.526600e-04
  1.450000e+07  7.907500e-04  1.500000e+07  6.092800e-04
             1
             3
            66             0
      -6369060             0            17
  7.477930e+06  0.000000e+00  7.500000e+06  1.129700e-03  8.000000e+06  1.366000e-02
  8.500000e+06  1.817500e-02  9.000000e+06  2.021000e-02  9.500000e+06  2.049900e-02
  1.000000e+07  2.011000e-02  1.050000e+07  1.925100e-02  1.100000e+07  1.814900e-02
  1.150000e+07  1.663100e-02  1.200000e+07  1.506800e-02  1.250000e+07  1.333600e-02
  1.300000e+07  1.136300e-02  1.350000e+07  9.564800e-03  1.400000e+07  1.007100e-02
  1.450000e+07  8.641700e-03  1.500000e+07  7.564600e-03
             1
             3
            67             0
      -6473060             0            16
  7.600040e+06  0.000000e+00  8.000000e+06  1.116000e-02  8.500000e+06  1.780800e-02
  9.000000e+06  2.134100e-02  9.500000e+06  2.326300e-02  1.000000e+07  2.432300e-02
  1.050000e+07  2.464800e-02  1.100000e+07  2.424400e-02  1.150000e+07  2.291600e-02
  1.200000e+07  2.117500e-02  1.250000e+07  1.903600e-02  1.300000e+07  1.642000e-02
  1.350000e+07  1.388900e-02  1.400000e+07  1.652300e-02  1.450000e+07  1.443000e-02
  1.500000e+07  1.279600e-02
             1
             3
            68             0
      -6561560             0            16
  7.703950e+06  0.000000e+00  8.000000e+06  2.903500e-03  8.500000e+06  4.900400e-03
  9.000000e+06  4.867200e-03  9.500000e+06  4.178500e-03  1.000000e+07  3.630300e-03
  1.050000e+07  3.109900e-03  1.100000e+07  2.671500e-03  1.150000e+07  2.268100e-03
  1.200000e+07  1.940100e-03  1.250000e+07  1.615500e-03  1.300000e+07  1.319200e-03
  1.350000e+07  1.075400e-03  1.400000e+07  8.633200e-04  1.450000e+07  6.884300e-04
  1.500000e+07  5.588500e-04
             1
             3
            69             0
      -6637560             0            16
  7.793180e+06  0.000000e+00  8.000000e+06  3.194600e-03  8.500000e+06  7.290700e-03
  9.000000e+06  7.941400e-03  9.500000e+06  7.251900e-03  1.000000e+07  6.515000e-03
  1.050000e+07  5.761100e-03  1.100000e+07  5.099100e-03  1.150000e+07  4.471800e-03
  1.200000e+07  3.950700e-03  1.250000e+07  3.404100e-03  1.300000e+07  2.832700e-03
  1.350000e+07  2.345500e-03  1.400000e+07  1.895500e-03  1.450000e+07  1.535300e-03
  1.500000e+07  1.258400e-03
             1
             3
            70             0
      -6646560             0            16
  7.803750e+06  0.000000e+00  8.000000e+06  3.923400e-03  8.500000e+06  9.898200e-03
  9.000000e+06  1.162700e-02  9.500000e+06  1.136300e-02  1.000000e+07  1.068000e-02
  1.050000e+07  9.832400e-03  1.100000e+07  9.010000e-03  1.150000e+07  8.155000e-03
  1.200000e+07  7.405100e-03  1.250000e+07  6.587800e-03  1.300000e+07  5.638900e-03
  1.350000e+07  4.793700e-03  1.400000e+07  4.037000e-03  1.450000e+07  3.364300e-03
  1.500000e+07  2.845500e-03
             1
             3
            71             0
      -6688560             0            16
  7.853060e+06  0.000000e+00  8.000000e+06  9.140900e-04  8.500000e+06  2.575200e-03
  9.000000e+06  2.674600e-03  9.500000e+06  2.251200e-03  1.000000e+07  1.915700e-03
  1.050000e+07  1.605200e-03  1.100000e+07  1.352700e-03  1.150000e+07  1.128600e-03
  1.200000e+07  9.518800e-04  1.250000e+07  7.815500e-04  1.300000e+07  6.341000e-04
  1.350000e+07  5.203800e-04  1.400000e+07  4.167900e-04  1.450000e+07  3.361900e-04
  1.500000e+07  2.695000e-04
             1
             3
            72             0
      -6715560             0            16
  7.884760e+06  0.000000e+00  8.000000e+06  1.165900e-03  8.500000e+06  4.116800e-03
  9.000000e+06  4.508600e-03  9.500000e+06  3.934600e-03  1.000000e+07  3.428600e-03
  1.050000e+07  2.939700e-03  1.100000e+07  2.529000e-03  1.150000e+07  2.152600e-03
  1.200000e+07  1.846100e-03  1.250000e+07  1.543600e-03  1.300000e+07  1.259200e-03
  1.350000e+07  1.039400e-03  1.400000e+07  8.292400e-04  1.450000e+07  6.724000e-04
  1.500000e+07  5.424700e-04
             1
             3
            73             0
      -6718560             0            16
  7.888280e+06  0.000000e+00  8.000000e+06  2.150500e-04  8.500000e+06  7.879900e-04
  9.000000e+06  8.395500e-04  9.500000e+06  7.058100e-04  1.000000e+07  5.978500e-04
  1.050000e+07  4.972400e-04  1.100000e+07  4.160900e-04  1.150000e+07  3.444800e-04
  1.200000e+07  2.891800e-04  1.250000e+07  2.363600e-04  1.300000e+07  1.911200e-04
  1.350000e+07  1.576900e-04  1.400000e+07  1.258700e-04  1.450000e+07  1.024000e-04
  1.500000e+07  8.207800e-05
             1
             3
            74             0
      -6883560             0            15
  8.082010e+06  0.000000e+00  8.500000e+06  8.552400e-03  9.000000e+06  1.463400e-02
  9.500000e+06  1.810100e-02  1.000000e+07  2.063800e-02  1.050000e+07  2.240300e-02
  1.100000e+07  2.327200e-02  1.150000e+07  2.289000e-02  1.200000e+07  2.187000e-02
  1.250000e+07  2.033000e-02  1.300000e+07  1.809100e-02  1.350000e+07  1.568300e-02
  1.400000e+07  2.228100e-02  1.450000e+07  1.967500e-02  1.500000e+07  1.753700e-02
             1
             3
            75             0
      -6927560             0            15
  8.133670e+06  0.000000e+00  8.500000e+06  4.315400e-03  9.000000e+06  6.586000e-03
  9.500000e+06  6.387400e-03  1.000000e+07  5.823400e-03  1.050000e+07  5.156600e-03
  1.100000e+07  4.573600e-03  1.150000e+07  3.985400e-03  1.200000e+07  3.545900e-03
  1.250000e+07  3.077700e-03  1.300000e+07  2.655800e-03  1.350000e+07  2.143600e-03
  1.400000e+07  1.824400e-03  1.450000e+07  1.417500e-03  1.500000e+07  1.192800e-03
             1
             3
            76             0
      -6944560             0            15
  8.153630e+06  0.000000e+00  8.500000e+06  4.879800e-04  9.000000e+06  7.191600e-04
  9.500000e+06  6.433200e-04  1.000000e+07  5.548400e-04  1.050000e+07  4.637600e-04
  1.100000e+07  3.895200e-04  1.150000e+07  3.207500e-04  1.200000e+07  2.712700e-04
  1.250000e+07  2.226500e-04  1.300000e+07  1.870700e-04  1.350000e+07  1.495400e-04
  1.400000e+07  1.261100e-04  1.450000e+07  9.778200e-05  1.500000e+07  8.037600e-05
             1
             3
            77             0
      -7157560             0            15
  8.403720e+06  0.000000e+00  8.500000e+06  7.480800e-04  9.000000e+06  3.040500e-03
  9.500000e+06  3.193200e-03  1.000000e+07  2.895300e-03  1.050000e+07  2.497900e-03
  1.100000e+07  2.156600e-03  1.150000e+07  1.831000e-03  1.200000e+07  1.586800e-03
  1.250000e+07  1.372400e-03  1.300000e+07  1.113900e-03  1.350000e+07  9.461100e-04
  1.400000e+07  7.549200e-04  1.450000e+07  6.318200e-04  1.500000e+07  4.981800e-04
             1
             3
            78             0
      -7170560             0            15
  8.418980e+06  0.000000e+00  8.500000e+06  1.027300e-03  9.000000e+06  5.033500e-03
  9.500000e+06  5.628900e-03  1.000000e+07  5.269200e-03  1.050000e+07  4.676600e-03
  1.100000e+07  4.144100e-03  1.150000e+07  3.621600e-03  1.200000e+07  3.227000e-03
  1.250000e+07  2.885000e-03  1.300000e+07  2.385000e-03  1.350000e+07  2.043200e-03
  1.400000e+07  1.645900e-03  1.450000e+07  1.385000e-03  1.500000e+07  1.110300e-03
             1
             3
            91             0
      -7265560             0            14
  8.530520e+06  0.000000e+00  9.000000e+06  2.259190e-02  9.500000e+06  8.289020e-02
  1.000000e+07  1.337560e-01  1.050000e+07  1.803700e-01  1.100000e+07  2.219930e-01
  1.150000e+07  2.528800e-01  1.200000e+07  2.582020e-01  1.250000e+07  2.497840e-01
  1.300000e+07  2.263160e-01  1.350000e+07  2.037640e-01  1.400000e+07  1.835800e-01
  1.450000e+07  1.584270e-01  1.500000e+07  1.405840e-01
