             1
             3
             4             0
      -3975800             0            88
  6.621390e+06  0.000000e+00  6.800000e+06  4.496600e-05  6.900000e+06  8.644000e-03
  7.000000e+06  1.111900e-02  7.100000e+06  1.377100e-02  7.200000e+06  1.663200e-02
  7.300000e+06  1.967200e-02  7.400000e+06  2.281200e-02  7.500000e+06  2.592300e-02
  7.600000e+06  2.884500e-02  7.700000e+06  3.143100e-02  7.800000e+06  3.359700e-02
  7.900000e+06  3.534700e-02  8.000000e+06  3.678100e-02  8.100000e+06  3.804400e-02
  8.200000e+06  3.930800e-02  8.300000e+06  4.072200e-02  8.400000e+06  4.239100e-02
  8.500000e+06  4.436600e-02  8.600000e+06  4.663600e-02  8.700000e+06  4.913400e-02
  8.800000e+06  5.173300e-02  8.900000e+06  5.426000e-02  9.000000e+06  5.651200e-02
  9.100000e+06  5.835400e-02  9.200000e+06  5.957800e-02  9.286070e+06  6.004536e-02
  9.300000e+06  6.013838e-02  9.400000e+06  5.989115e-02  9.500000e+06  5.766792e-02
  9.600000e+06  5.146140e-02  9.700000e+06  3.656780e-02  9.800000e+06  1.662160e-02
  9.900000e+06  5.174100e-03  1.000000e+07  1.351510e-03  1.010000e+07  1.833250e-03
  1.020000e+07  2.438790e-03  1.030000e+07  3.217160e-03  1.040000e+07  4.255000e-03
  1.050000e+07  5.612800e-03  1.055350e+07  5.891374e-03  1.060000e+07  6.133500e-03
  1.070000e+07  6.694900e-03  1.080000e+07  7.361100e-03  1.090000e+07  8.082030e-03
  1.100000e+07  8.847200e-03  1.110000e+07  9.955700e-03  1.120000e+07  1.104720e-02
  1.126460e+07  1.176381e-02  1.130000e+07  1.229262e-02  1.140000e+07  1.373573e-02
  1.150000e+07  1.434405e-02  1.160000e+07  1.466730e-02  1.170000e+07  1.512350e-02
  1.180000e+07  1.571640e-02  1.190000e+07  1.640560e-02  1.200000e+07  1.705340e-02
  1.210000e+07  1.787280e-02  1.220000e+07  1.864830e-02  1.230000e+07  1.941220e-02
  1.240000e+07  2.033000e-02  1.250000e+07  2.129460e-02  1.260000e+07  2.168010e-02
  1.270000e+07  2.209590e-02  1.280000e+07  2.260000e-02  1.290000e+07  2.318760e-02
  1.300000e+07  2.387640e-02  1.310000e+07  2.497120e-02  1.320000e+07  2.618710e-02
  1.330000e+07  2.754100e-02  1.340000e+07  2.886440e-02  1.350000e+07  3.005920e-02
  1.360000e+07  3.031840e-02  1.370000e+07  3.042730e-02  1.380000e+07  3.048000e-02
  1.390000e+07  3.061010e-02  1.400000e+07  3.081780e-02  1.410000e+07  3.145230e-02
  1.420000e+07  3.215900e-02  1.430000e+07  3.293790e-02  1.440000e+07  3.376120e-02
  1.450000e+07  3.462260e-02  1.460000e+07  3.497600e-02  1.461540e+07  3.503227e-02
  1.470000e+07  3.565944e-02  1.480000e+07  3.640877e-02  1.490000e+07  3.608010e-02
  1.500000e+07  3.644820e-02
             1
             3
            50             0
      -3975800             0            84
  6.621390e+06  0.000000e+00  6.800000e+06  4.496600e-05  6.900000e+06  8.644000e-03
  7.000000e+06  1.111900e-02  7.100000e+06  1.377100e-02  7.200000e+06  1.663200e-02
  7.300000e+06  1.967200e-02  7.400000e+06  2.281200e-02  7.500000e+06  2.592300e-02
  7.600000e+06  2.884500e-02  7.700000e+06  3.143100e-02  7.800000e+06  3.359700e-02
  7.900000e+06  3.534700e-02  8.000000e+06  3.678100e-02  8.100000e+06  3.804400e-02
  8.200000e+06  3.930800e-02  8.300000e+06  4.072200e-02  8.400000e+06  4.239100e-02
  8.500000e+06  4.436600e-02  8.600000e+06  4.663600e-02  8.700000e+06  4.913400e-02
  8.800000e+06  5.173300e-02  8.900000e+06  5.426000e-02  9.000000e+06  5.651200e-02
  9.100000e+06  5.835400e-02  9.200000e+06  5.957800e-02  9.300000e+06  6.012100e-02
  9.400000e+06  5.974900e-02  9.500000e+06  5.740100e-02  9.600000e+06  5.098500e-02
  9.700000e+06  3.245100e-02  9.800000e+06  1.303300e-02  9.900000e+06  4.025200e-03
  1.000000e+07  1.043100e-03  1.010000e+07  1.408300e-03  1.020000e+07  1.864700e-03
  1.030000e+07  2.451000e-03  1.040000e+07  3.230000e-03  1.050000e+07  4.249200e-03
  1.060000e+07  4.630800e-03  1.070000e+07  5.049600e-03  1.080000e+07  5.546600e-03
  1.090000e+07  5.505100e-03  1.100000e+07  5.386200e-03  1.110000e+07  5.997100e-03
  1.120000e+07  6.583700e-03  1.130000e+07  7.200400e-03  1.140000e+07  7.779200e-03
  1.150000e+07  7.863100e-03  1.160000e+07  7.446600e-03  1.170000e+07  7.582200e-03
  1.180000e+07  7.779600e-03  1.190000e+07  8.029700e-03  1.200000e+07  8.252100e-03
  1.210000e+07  8.570500e-03  1.220000e+07  8.860800e-03  1.230000e+07  9.163500e-03
  1.240000e+07  9.533700e-03  1.250000e+07  9.896100e-03  1.260000e+07  9.983700e-03
  1.270000e+07  1.009400e-02  1.280000e+07  1.024100e-02  1.290000e+07  1.041500e-02
  1.300000e+07  1.063000e-02  1.310000e+07  1.104600e-02  1.320000e+07  1.150900e-02
  1.330000e+07  1.200800e-02  1.340000e+07  1.248400e-02  1.350000e+07  1.288000e-02
  1.360000e+07  1.286900e-02  1.370000e+07  1.278800e-02  1.380000e+07  1.268300e-02
  1.390000e+07  1.264000e-02  1.400000e+07  1.262800e-02  1.410000e+07  1.278000e-02
  1.420000e+07  1.295700e-02  1.430000e+07  1.314300e-02  1.440000e+07  1.334100e-02
  1.450000e+07  1.354200e-02  1.460000e+07  1.353900e-02  1.470000e+07  1.356600e-02
  1.480000e+07  1.359300e-02  1.490000e+07  1.322000e-02  1.500000e+07  1.283700e-02
             1
             3
            51             0
      -5575800             0            57
  9.286070e+06  0.000000e+00  9.500000e+06  2.669200e-04  9.600000e+06  4.764000e-04
  9.700000e+06  4.116800e-03  9.800000e+06  3.588600e-03  9.900000e+06  1.148900e-03
  1.000000e+07  3.084100e-04  1.010000e+07  4.249500e-04  1.020000e+07  5.740900e-04
  1.030000e+07  7.661600e-04  1.040000e+07  1.025000e-03  1.050000e+07  1.363600e-03
  1.060000e+07  1.502700e-03  1.070000e+07  1.645300e-03  1.080000e+07  1.814500e-03
  1.090000e+07  1.815600e-03  1.100000e+07  1.794200e-03  1.110000e+07  2.001700e-03
  1.120000e+07  2.201900e-03  1.130000e+07  2.417000e-03  1.140000e+07  2.620800e-03
  1.150000e+07  2.662400e-03  1.160000e+07  2.536000e-03  1.170000e+07  2.613300e-03
  1.180000e+07  2.714200e-03  1.190000e+07  2.810300e-03  1.200000e+07  2.897400e-03
  1.210000e+07  3.023000e-03  1.220000e+07  3.140100e-03  1.230000e+07  3.266100e-03
  1.240000e+07  3.417800e-03  1.250000e+07  3.587300e-03  1.260000e+07  3.659600e-03
  1.270000e+07  3.721100e-03  1.280000e+07  3.797200e-03  1.290000e+07  3.886500e-03
  1.300000e+07  3.992100e-03  1.310000e+07  4.178900e-03  1.320000e+07  4.386400e-03
  1.330000e+07  4.624100e-03  1.340000e+07  4.857800e-03  1.350000e+07  5.052600e-03
  1.360000e+07  5.089900e-03  1.370000e+07  5.094800e-03  1.380000e+07  5.090100e-03
  1.390000e+07  5.113100e-03  1.400000e+07  5.149100e-03  1.410000e+07  5.263300e-03
  1.420000e+07  5.389800e-03  1.430000e+07  5.515200e-03  1.440000e+07  5.647700e-03
  1.450000e+07  5.773000e-03  1.460000e+07  5.813100e-03  1.470000e+07  5.868400e-03
  1.480000e+07  5.925100e-03  1.490000e+07  5.808800e-03  1.500000e+07  5.689500e-03
             1
             3
            52             0
      -6336800             0            44
  1.055350e+07  0.000000e+00  1.080000e+07  5.908000e-11  1.090000e+07  7.613300e-04
  1.100000e+07  1.666800e-03  1.110000e+07  1.956900e-03  1.120000e+07  2.261600e-03
  1.130000e+07  2.539100e-03  1.140000e+07  2.815100e-03  1.150000e+07  2.913400e-03
  1.160000e+07  2.833700e-03  1.170000e+07  2.947600e-03  1.180000e+07  3.089900e-03
  1.190000e+07  3.251600e-03  1.200000e+07  3.407300e-03  1.210000e+07  3.603900e-03
  1.220000e+07  3.794500e-03  1.230000e+07  3.959100e-03  1.240000e+07  4.155900e-03
  1.250000e+07  4.374100e-03  1.260000e+07  4.474800e-03  1.270000e+07  4.606100e-03
  1.280000e+07  4.757800e-03  1.290000e+07  4.942800e-03  1.300000e+07  5.152400e-03
  1.310000e+07  5.426300e-03  1.320000e+07  5.729800e-03  1.330000e+07  6.063100e-03
  1.340000e+07  6.393400e-03  1.350000e+07  6.713300e-03  1.360000e+07  6.827000e-03
  1.370000e+07  6.918800e-03  1.380000e+07  6.998100e-03  1.390000e+07  7.085800e-03
  1.400000e+07  7.192100e-03  1.410000e+07  7.384600e-03  1.420000e+07  7.595900e-03
  1.430000e+07  7.840600e-03  1.440000e+07  8.098500e-03  1.450000e+07  8.376500e-03
  1.460000e+07  8.534200e-03  1.470000e+07  8.693900e-03  1.480000e+07  8.857300e-03
  1.490000e+07  8.727600e-03  1.500000e+07  8.594400e-03
             1
             3
            53             0
      -6763800             0            37
  1.126460e+07  0.000000e+00  1.150000e+07  9.051500e-04  1.160000e+07  1.851000e-03
  1.170000e+07  1.980400e-03  1.180000e+07  2.132700e-03  1.190000e+07  2.314000e-03
  1.200000e+07  2.496600e-03  1.210000e+07  2.675400e-03  1.220000e+07  2.852900e-03
  1.230000e+07  3.023500e-03  1.240000e+07  3.222600e-03  1.250000e+07  3.437100e-03
  1.260000e+07  3.562000e-03  1.270000e+07  3.674700e-03  1.280000e+07  3.804000e-03
  1.290000e+07  3.943300e-03  1.300000e+07  4.101900e-03  1.310000e+07  4.320000e-03
  1.320000e+07  4.561900e-03  1.330000e+07  4.845800e-03  1.340000e+07  5.129200e-03
  1.350000e+07  5.413300e-03  1.360000e+07  5.532500e-03  1.370000e+07  5.625700e-03
  1.380000e+07  5.708800e-03  1.390000e+07  5.771200e-03  1.400000e+07  5.848600e-03
  1.410000e+07  6.024400e-03  1.420000e+07  6.216300e-03  1.430000e+07  6.439100e-03
  1.440000e+07  6.674000e-03  1.450000e+07  6.931100e-03  1.460000e+07  7.089700e-03
  1.470000e+07  7.213100e-03  1.480000e+07  7.339400e-03  1.490000e+07  7.253800e-03
  1.500000e+07  7.165600e-03
             1
             3
            91             0
      -8775800             0             3
  1.461540e+07  0.000000e+00  1.490000e+07  1.069900e-03  1.500000e+07  2.161700e-03
