             1
             3
             4             0
      -2789500             0           184
  4.380900e+06  0.000000e+00  4.420000e+06  6.615100e-03  4.480000e+06  7.589500e-03
  4.540000e+06  8.838500e-03  4.600000e+06  1.038000e-02  4.660000e+06  1.191700e-02
  4.720000e+06  1.283800e-02  4.780000e+06  1.316200e-02  4.840000e+06  1.361800e-02
  4.900000e+06  1.471100e-02  4.960000e+06  1.664900e-02  5.020000e+06  1.952300e-02
  5.080000e+06  2.319200e-02  5.140000e+06  2.678100e-02  5.200000e+06  2.849700e-02
  5.260000e+06  2.760500e-02  5.320000e+06  2.553800e-02  5.380000e+06  2.383900e-02
  5.440000e+06  2.304200e-02  5.500000e+06  2.313300e-02  5.508510e+06  2.324306e-02
  5.560000e+06  2.391269e-02  5.620000e+06  2.537598e-02  5.680000e+06  2.754166e-02
  5.740000e+06  3.049515e-02  5.800000e+06  3.442028e-02  5.860000e+06  3.962720e-02
  5.920000e+06  4.658590e-02  5.980000e+06  5.592100e-02  6.040000e+06  6.806200e-02
  6.100000e+06  8.248500e-02  6.160000e+06  9.575600e-02  6.220000e+06  1.024200e-01
  6.280000e+06  1.020300e-01  6.340000e+06  1.002000e-01  6.400000e+06  1.016000e-01
  6.460000e+06  1.077600e-01  6.520000e+06  1.187200e-01  6.580000e+06  1.342000e-01
  6.640000e+06  1.540300e-01  6.700000e+06  1.772320e-01  6.760000e+06  2.017670e-01
  6.820000e+06  2.244720e-01  6.880000e+06  2.421470e-01  6.940000e+06  2.534300e-01
  7.000000e+06  2.594370e-01  7.060000e+06  2.624370e-01  7.113560e+06  2.643875e-01
  7.120000e+06  2.646220e-01  7.180000e+06  2.667431e-01  7.240000e+06  2.683393e-01
  7.300000e+06  2.677406e-01  7.360000e+06  2.623370e-01  7.420000e+06  2.500400e-01
  7.480000e+06  2.314503e-01  7.540000e+06  2.099317e-01  7.600000e+06  1.892794e-01
  7.660000e+06  1.718869e-01  7.720000e+06  1.586335e-01  7.763750e+06  1.519297e-01
  7.780000e+06  1.494398e-01  7.840000e+06  1.438801e-01  7.900000e+06  1.413796e-01
  7.960000e+06  1.412797e-01  8.020000e+06  1.428295e-01  8.080000e+06  1.451895e-01
  8.140000e+06  1.475900e-01  8.200000e+06  1.491003e-01  8.260000e+06  1.489998e-01
  8.320000e+06  1.469696e-01  8.380000e+06  1.431402e-01  8.440000e+06  1.380801e-01
  8.500000e+06  1.325204e-01  8.560000e+06  1.271602e-01  8.620000e+06  1.225798e-01
  8.680000e+06  1.191404e-01  8.740000e+06  1.170298e-01  8.800000e+06  1.162696e-01
  8.860000e+06  1.167303e-01  8.920000e+06  1.181099e-01  8.980000e+06  1.199502e-01
  9.040000e+06  1.216399e-01  9.100000e+06  1.225707e-01  9.160000e+06  1.222206e-01
  9.220000e+06  1.203296e-01  9.280000e+06  1.169803e-01  9.340000e+06  1.125606e-01
  9.400000e+06  1.076801e-01  9.460000e+06  1.029492e-01  9.520000e+06  9.890744e-02
  9.580000e+06  9.596150e-02  9.640000e+06  9.444011e-02  9.700000e+06  9.459780e-02
  9.760000e+06  9.663250e-02  9.820000e+06  1.006595e-01  9.880000e+06  1.065993e-01
  9.940000e+06  1.139597e-01  1.000000e+07  1.216000e-01  1.001430e+07  1.230464e-01
  1.006000e+07  1.280913e-01  1.012000e+07  1.311461e-01  1.018000e+07  1.293718e-01
  1.024000e+07  1.210501e-01  1.030000e+07  1.114895e-01  1.036000e+07  1.011301e-01
  1.042000e+07  9.138258e-02  1.048000e+07  8.298093e-02  1.054000e+07  7.616332e-02
  1.060000e+07  7.090819e-02  1.066000e+07  6.709926e-02  1.072000e+07  6.460720e-02
  1.078000e+07  6.332469e-02  1.084000e+07  6.317496e-02  1.090000e+07  6.409450e-02
  1.096000e+07  6.601068e-02  1.102000e+07  6.876318e-02  1.108000e+07  7.206320e-02
  1.114000e+07  7.547832e-02  1.120000e+07  7.832709e-02  1.126000e+07  7.986729e-02
  1.132000e+07  7.958037e-02  1.138000e+07  7.743370e-02  1.144000e+07  7.389922e-02
  1.150000e+07  6.969909e-02  1.156000e+07  6.550126e-02  1.162000e+07  6.177246e-02
  1.168000e+07  5.875650e-02  1.174000e+07  5.654790e-02  1.180000e+07  5.514966e-02
  1.186000e+07  5.452680e-02  1.187840e+07  5.455823e-02  1.192000e+07  5.479561e-02
  1.198000e+07  5.581230e-02  1.204000e+07  5.696271e-02  1.210000e+07  5.915502e-02
  1.216000e+07  6.181690e-02  1.222000e+07  6.483016e-02  1.228000e+07  6.802892e-02
  1.234000e+07  7.119160e-02  1.240000e+07  7.405274e-02  1.246000e+07  7.631709e-02
  1.252000e+07  7.772026e-02  1.258000e+07  7.806860e-02  1.264000e+07  7.730014e-02
  1.270000e+07  7.548621e-02  1.276000e+07  7.282028e-02  1.282000e+07  6.956073e-02
  1.288000e+07  6.597920e-02  1.294000e+07  6.231534e-02  1.300000e+07  5.875727e-02
  1.306000e+07  5.691022e-02  1.312000e+07  5.537824e-02  1.318000e+07  5.420712e-02
  1.324000e+07  5.342293e-02  1.330000e+07  5.303467e-02  1.336000e+07  5.305136e-02
  1.342000e+07  5.348602e-02  1.348000e+07  5.436205e-02  1.354000e+07  5.572442e-02
  1.360000e+07  5.763260e-02  1.366000e+07  6.015355e-02  1.372000e+07  6.328763e-02
  1.378000e+07  6.681985e-02  1.384000e+07  7.013295e-02  1.390000e+07  7.232818e-02
  1.396000e+07  7.297823e-02  1.402000e+07  7.265146e-02  1.408000e+07  7.227474e-02
  1.414000e+07  7.232931e-02  1.420000e+07  7.298867e-02  1.426000e+07  7.424061e-02
  1.432000e+07  7.602401e-02  1.438000e+07  7.828993e-02  1.444000e+07  8.100347e-02
  1.450000e+07  8.409924e-02  1.456000e+07  8.816286e-02  1.462000e+07  9.319528e-02
  1.468000e+07  9.913320e-02  1.474000e+07  1.045615e-01  1.480000e+07  1.075927e-01
  1.486000e+07  1.095484e-01  1.492000e+07  1.125963e-01  1.498000e+07  1.186654e-01
  1.500000e+07  1.259118e-01
             1
             3
            50             0
      -2789500             0           179
  4.380900e+06  0.000000e+00  4.420000e+06  6.615100e-03  4.480000e+06  7.589500e-03
  4.540000e+06  8.838500e-03  4.600000e+06  1.038000e-02  4.660000e+06  1.191700e-02
  4.720000e+06  1.283800e-02  4.780000e+06  1.316200e-02  4.840000e+06  1.361800e-02
  4.900000e+06  1.471100e-02  4.960000e+06  1.664900e-02  5.020000e+06  1.952300e-02
  5.080000e+06  2.319200e-02  5.140000e+06  2.678100e-02  5.200000e+06  2.849700e-02
  5.260000e+06  2.760500e-02  5.320000e+06  2.553800e-02  5.380000e+06  2.383900e-02
  5.440000e+06  2.304200e-02  5.500000e+06  2.313300e-02  5.560000e+06  2.390900e-02
  5.620000e+06  2.536800e-02  5.680000e+06  2.750700e-02  5.740000e+06  3.042800e-02
  5.800000e+06  3.431200e-02  5.860000e+06  3.542200e-02  5.920000e+06  3.684500e-02
  5.980000e+06  3.847000e-02  6.040000e+06  4.432500e-02  6.100000e+06  5.342600e-02
  6.160000e+06  6.168200e-02  6.220000e+06  6.571300e-02  6.280000e+06  6.540100e-02
  6.340000e+06  6.416800e-02  6.400000e+06  6.500400e-02  6.460000e+06  6.901900e-02
  6.520000e+06  7.612100e-02  6.580000e+06  8.613900e-02  6.640000e+06  9.896100e-02
  6.700000e+06  1.139700e-01  6.760000e+06  1.298600e-01  6.820000e+06  1.445700e-01
  6.880000e+06  1.559800e-01  6.940000e+06  1.632800e-01  7.000000e+06  1.671800e-01
  7.060000e+06  1.693100e-01  7.120000e+06  1.709200e-01  7.180000e+06  1.724900e-01
  7.240000e+06  1.738400e-01  7.300000e+06  1.738300e-01  7.360000e+06  1.706900e-01
  7.420000e+06  1.629300e-01  7.480000e+06  1.508300e-01  7.540000e+06  1.368200e-01
  7.600000e+06  1.233700e-01  7.660000e+06  1.118500e-01  7.720000e+06  1.030600e-01
  7.780000e+06  9.692700e-02  7.840000e+06  9.327400e-02  7.900000e+06  9.165900e-02
  7.960000e+06  9.160000e-02  8.020000e+06  9.145300e-02  8.080000e+06  8.943900e-02
  8.140000e+06  8.733400e-02  8.200000e+06  8.460700e-02  8.260000e+06  8.426300e-02
  8.320000e+06  8.283100e-02  8.380000e+06  8.039700e-02  8.440000e+06  7.732200e-02
  8.500000e+06  7.400000e-02  8.560000e+06  7.080700e-02  8.620000e+06  6.809000e-02
  8.680000e+06  6.606700e-02  8.740000e+06  6.478600e-02  8.800000e+06  6.425600e-02
  8.860000e+06  6.445100e-02  8.920000e+06  6.515300e-02  8.980000e+06  6.610700e-02
  9.040000e+06  6.694100e-02  9.100000e+06  6.733700e-02  9.160000e+06  6.702900e-02
  9.220000e+06  6.585800e-02  9.280000e+06  6.385500e-02  9.340000e+06  6.128000e-02
  9.400000e+06  5.846700e-02  9.460000e+06  5.584000e-02  9.520000e+06  5.359100e-02
  9.580000e+06  5.194000e-02  9.640000e+06  5.105900e-02  9.700000e+06  5.108500e-02
  9.760000e+06  5.212300e-02  9.820000e+06  5.420800e-02  9.880000e+06  5.726300e-02
  9.940000e+06  6.106300e-02  1.000000e+07  6.499300e-02  1.006000e+07  6.802400e-02
  1.012000e+07  6.913900e-02  1.018000e+07  6.768900e-02  1.024000e+07  6.286900e-02
  1.030000e+07  5.630400e-02  1.036000e+07  4.962200e-02  1.042000e+07  4.390100e-02
  1.048000e+07  3.969200e-02  1.054000e+07  3.627300e-02  1.060000e+07  3.362200e-02
  1.066000e+07  3.166600e-02  1.072000e+07  3.034500e-02  1.078000e+07  2.960000e-02
  1.084000e+07  2.938900e-02  1.090000e+07  2.967400e-02  1.096000e+07  3.041400e-02
  1.102000e+07  3.154600e-02  1.108000e+07  3.295200e-02  1.114000e+07  3.440100e-02
  1.120000e+07  3.558200e-02  1.126000e+07  3.616100e-02  1.132000e+07  3.591000e-02
  1.138000e+07  3.482300e-02  1.144000e+07  3.310200e-02  1.150000e+07  3.108600e-02
  1.156000e+07  2.908800e-02  1.162000e+07  2.731900e-02  1.168000e+07  2.589000e-02
  1.174000e+07  2.482400e-02  1.180000e+07  2.412100e-02  1.186000e+07  2.377700e-02
  1.192000e+07  2.375000e-02  1.198000e+07  2.401500e-02  1.204000e+07  2.433000e-02
  1.210000e+07  2.474500e-02  1.216000e+07  2.531300e-02  1.222000e+07  2.611100e-02
  1.228000e+07  2.722700e-02  1.234000e+07  2.831300e-02  1.240000e+07  2.926400e-02
  1.246000e+07  2.999500e-02  1.252000e+07  3.038000e-02  1.258000e+07  3.034900e-02
  1.264000e+07  2.951800e-02  1.270000e+07  2.812700e-02  1.276000e+07  2.646000e-02
  1.282000e+07  2.461800e-02  1.288000e+07  2.270000e-02  1.294000e+07  2.082600e-02
  1.300000e+07  1.905800e-02  1.306000e+07  1.829100e-02  1.312000e+07  1.763500e-02
  1.318000e+07  1.710200e-02  1.324000e+07  1.671700e-02  1.330000e+07  1.647000e-02
  1.336000e+07  1.635000e-02  1.342000e+07  1.636300e-02  1.348000e+07  1.652000e-02
  1.354000e+07  1.682000e-02  1.360000e+07  1.727800e-02  1.366000e+07  1.791000e-02
  1.372000e+07  1.871400e-02  1.378000e+07  1.962200e-02  1.384000e+07  2.030600e-02
  1.390000e+07  2.056900e-02  1.396000e+07  2.037800e-02  1.402000e+07  1.992300e-02
  1.408000e+07  1.947900e-02  1.414000e+07  1.915300e-02  1.420000e+07  1.898400e-02
  1.426000e+07  1.897100e-02  1.432000e+07  1.908100e-02  1.438000e+07  1.929300e-02
  1.444000e+07  1.971400e-02  1.450000e+07  2.027200e-02  1.456000e+07  2.104800e-02
  1.462000e+07  2.203500e-02  1.468000e+07  2.321300e-02  1.474000e+07  2.424600e-02
  1.480000e+07  2.470400e-02  1.486000e+07  2.474900e-02  1.492000e+07  2.502200e-02
  1.498000e+07  2.593300e-02  1.500000e+07  2.736200e-02
             1
             3
            51             0
      -3507500             0           159
  5.508510e+06  0.000000e+00  5.620000e+06  7.983200e-06  5.680000e+06  3.465800e-05
  5.740000e+06  6.715400e-05  5.800000e+06  1.082800e-04  5.860000e+06  4.205200e-03
  5.920000e+06  9.740900e-03  5.980000e+06  1.745100e-02  6.040000e+06  2.373700e-02
  6.100000e+06  2.905900e-02  6.160000e+06  3.407400e-02  6.220000e+06  3.670700e-02
  6.280000e+06  3.662900e-02  6.340000e+06  3.603200e-02  6.400000e+06  3.659600e-02
  6.460000e+06  3.874100e-02  6.520000e+06  4.259900e-02  6.580000e+06  4.806100e-02
  6.640000e+06  5.506900e-02  6.700000e+06  6.326200e-02  6.760000e+06  7.190700e-02
  6.820000e+06  7.990200e-02  6.880000e+06  8.616700e-02  6.940000e+06  9.015000e-02
  7.000000e+06  9.225700e-02  7.060000e+06  9.312700e-02  7.120000e+06  9.370200e-02
  7.180000e+06  9.425300e-02  7.240000e+06  9.449900e-02  7.300000e+06  9.391000e-02
  7.360000e+06  9.164600e-02  7.420000e+06  8.704100e-02  7.480000e+06  8.036800e-02
  7.540000e+06  7.271200e-02  7.600000e+06  6.539500e-02  7.660000e+06  5.949200e-02
  7.720000e+06  5.499900e-02  7.780000e+06  5.190400e-02  7.840000e+06  4.996400e-02
  7.900000e+06  4.903900e-02  7.960000e+06  4.894800e-02  8.020000e+06  4.878300e-02
  8.080000e+06  4.756500e-02  8.140000e+06  4.629400e-02  8.200000e+06  4.468900e-02
  8.260000e+06  4.450200e-02  8.320000e+06  4.374100e-02  8.380000e+06  4.245000e-02
  8.440000e+06  4.093100e-02  8.500000e+06  3.932600e-02  8.560000e+06  3.777700e-02
  8.620000e+06  3.642400e-02  8.680000e+06  3.535000e-02  8.740000e+06  3.467200e-02
  8.800000e+06  3.439500e-02  8.860000e+06  3.446000e-02  8.920000e+06  3.479400e-02
  8.980000e+06  3.526300e-02  9.040000e+06  3.574000e-02  9.100000e+06  3.602200e-02
  9.160000e+06  3.592700e-02  9.220000e+06  3.539700e-02  9.280000e+06  3.447100e-02
  9.340000e+06  3.322500e-02  9.400000e+06  3.183900e-02  9.460000e+06  3.043400e-02
  9.520000e+06  2.923300e-02  9.580000e+06  2.835700e-02  9.640000e+06  2.788900e-02
  9.700000e+06  2.791000e-02  9.760000e+06  2.848400e-02  9.820000e+06  2.965300e-02
  9.880000e+06  3.140300e-02  9.940000e+06  3.357100e-02  1.000000e+07  3.582200e-02
  1.006000e+07  3.765300e-02  1.012000e+07  3.843400e-02  1.018000e+07  3.779000e-02
  1.024000e+07  3.516600e-02  1.030000e+07  3.151900e-02  1.036000e+07  2.780100e-02
  1.042000e+07  2.461600e-02  1.048000e+07  2.227000e-02  1.054000e+07  2.036400e-02
  1.060000e+07  1.888900e-02  1.066000e+07  1.783600e-02  1.072000e+07  1.713700e-02
  1.078000e+07  1.676100e-02  1.084000e+07  1.669300e-02  1.090000e+07  1.691000e-02
  1.096000e+07  1.739000e-02  1.102000e+07  1.808100e-02  1.108000e+07  1.889900e-02
  1.114000e+07  1.974300e-02  1.120000e+07  2.043500e-02  1.126000e+07  2.077700e-02
  1.132000e+07  2.064300e-02  1.138000e+07  2.002900e-02  1.144000e+07  1.906600e-02
  1.150000e+07  1.794100e-02  1.156000e+07  1.682100e-02  1.162000e+07  1.583200e-02
  1.168000e+07  1.504100e-02  1.174000e+07  1.445900e-02  1.180000e+07  1.408400e-02
  1.186000e+07  1.388600e-02  1.192000e+07  1.387300e-02  1.198000e+07  1.403100e-02
  1.204000e+07  1.421900e-02  1.210000e+07  1.446600e-02  1.216000e+07  1.480400e-02
  1.222000e+07  1.528100e-02  1.228000e+07  1.595500e-02  1.234000e+07  1.661300e-02
  1.240000e+07  1.719400e-02  1.246000e+07  1.765200e-02  1.252000e+07  1.790700e-02
  1.258000e+07  1.791800e-02  1.264000e+07  1.743700e-02  1.270000e+07  1.661500e-02
  1.276000e+07  1.563000e-02  1.282000e+07  1.454200e-02  1.288000e+07  1.340900e-02
  1.294000e+07  1.230100e-02  1.300000e+07  1.125600e-02  1.306000e+07  1.081200e-02
  1.312000e+07  1.043400e-02  1.318000e+07  1.012700e-02  1.324000e+07  9.908000e-03
  1.330000e+07  9.769300e-03  1.336000e+07  9.705700e-03  1.342000e+07  9.718200e-03
  1.348000e+07  9.810300e-03  1.354000e+07  9.987300e-03  1.360000e+07  1.025800e-02
  1.366000e+07  1.063100e-02  1.372000e+07  1.110500e-02  1.378000e+07  1.164000e-02
  1.384000e+07  1.204900e-02  1.390000e+07  1.221200e-02  1.396000e+07  1.210500e-02
  1.402000e+07  1.184100e-02  1.408000e+07  1.158000e-02  1.414000e+07  1.138900e-02
  1.420000e+07  1.129100e-02  1.426000e+07  1.127800e-02  1.432000e+07  1.133700e-02
  1.438000e+07  1.145700e-02  1.444000e+07  1.170200e-02  1.450000e+07  1.203100e-02
  1.456000e+07  1.248700e-02  1.462000e+07  1.307100e-02  1.468000e+07  1.377400e-02
  1.474000e+07  1.439000e-02  1.480000e+07  1.466500e-02  1.486000e+07  1.469200e-02
  1.492000e+07  1.485400e-02  1.498000e+07  1.539500e-02  1.500000e+07  1.624300e-02
             1
             3
            52             0
      -4529500             0           132
  7.113560e+06  0.000000e+00  7.240000e+06  2.528300e-07  7.300000e+06  6.306600e-07
  7.360000e+06  9.887000e-07  7.420000e+06  6.902100e-05  7.480000e+06  2.522800e-04
  7.540000e+06  3.997000e-04  7.600000e+06  5.144500e-04  7.660000e+06  5.448600e-04
  7.720000e+06  5.745200e-04  7.780000e+06  6.087700e-04  7.840000e+06  6.421400e-04
  7.900000e+06  6.816100e-04  7.960000e+06  7.317200e-04  8.020000e+06  7.766600e-04
  8.080000e+06  7.981000e-04  8.140000e+06  8.200400e-04  8.200000e+06  8.372700e-04
  8.260000e+06  8.698200e-04  8.320000e+06  8.906300e-04  8.380000e+06  8.992300e-04
  8.440000e+06  8.931300e-04  8.500000e+06  8.794200e-04  8.560000e+06  8.651900e-04
  8.620000e+06  8.527600e-04  8.680000e+06  8.434300e-04  8.740000e+06  8.428400e-04
  8.800000e+06  8.516300e-04  8.860000e+06  8.642700e-04  8.920000e+06  8.838700e-04
  8.980000e+06  9.071600e-04  9.040000e+06  9.308900e-04  9.100000e+06  9.496900e-04
  9.160000e+06  9.586200e-04  9.220000e+06  9.556500e-04  9.280000e+06  9.413100e-04
  9.340000e+06  9.175500e-04  9.400000e+06  8.890600e-04  9.460000e+06  8.561600e-04
  9.520000e+06  8.284400e-04  9.580000e+06  8.095000e-04  9.640000e+06  8.001100e-04
  9.700000e+06  8.038000e-04  9.760000e+06  8.235000e-04  9.820000e+06  8.604700e-04
  9.880000e+06  9.143200e-04  9.940000e+06  9.807300e-04  1.000000e+07  1.050000e-03
  1.006000e+07  1.107000e-03  1.012000e+07  1.133400e-03  1.018000e+07  1.117700e-03
  1.024000e+07  1.042600e-03  1.030000e+07  9.364900e-04  1.036000e+07  8.278900e-04
  1.042000e+07  7.343800e-04  1.048000e+07  6.649300e-04  1.054000e+07  6.085200e-04
  1.060000e+07  5.648900e-04  1.066000e+07  5.336600e-04  1.072000e+07  5.130000e-04
  1.078000e+07  5.019900e-04  1.084000e+07  5.001600e-04  1.090000e+07  5.069000e-04
  1.096000e+07  5.214800e-04  1.102000e+07  5.424800e-04  1.108000e+07  5.674000e-04
  1.114000e+07  5.931200e-04  1.120000e+07  6.142900e-04  1.126000e+07  6.245900e-04
  1.132000e+07  6.205700e-04  1.138000e+07  6.021000e-04  1.144000e+07  5.731200e-04
  1.150000e+07  5.391900e-04  1.156000e+07  5.054600e-04  1.162000e+07  4.756600e-04
  1.168000e+07  4.518000e-04  1.174000e+07  4.342000e-04  1.180000e+07  4.228600e-04
  1.186000e+07  4.170000e-04  1.192000e+07  4.167000e-04  1.198000e+07  4.215100e-04
  1.204000e+07  4.271500e-04  1.210000e+07  4.345200e-04  1.216000e+07  4.446000e-04
  1.222000e+07  4.588600e-04  1.228000e+07  4.790200e-04  1.234000e+07  4.987000e-04
  1.240000e+07  5.160400e-04  1.246000e+07  5.296900e-04  1.252000e+07  5.372600e-04
  1.258000e+07  5.375000e-04  1.264000e+07  5.230400e-04  1.270000e+07  4.984100e-04
  1.276000e+07  4.688800e-04  1.282000e+07  4.362300e-04  1.288000e+07  4.022000e-04
  1.294000e+07  3.689400e-04  1.300000e+07  3.375700e-04  1.306000e+07  3.242200e-04
  1.312000e+07  3.128400e-04  1.318000e+07  3.036200e-04  1.324000e+07  2.970300e-04
  1.330000e+07  2.928700e-04  1.336000e+07  2.909600e-04  1.342000e+07  2.913200e-04
  1.348000e+07  2.940500e-04  1.354000e+07  2.993200e-04  1.360000e+07  3.074000e-04
  1.366000e+07  3.185500e-04  1.372000e+07  3.327300e-04  1.378000e+07  3.487500e-04
  1.384000e+07  3.609500e-04  1.390000e+07  3.657800e-04  1.396000e+07  3.625300e-04
  1.402000e+07  3.545600e-04  1.408000e+07  3.467400e-04  1.414000e+07  3.410100e-04
  1.420000e+07  3.380700e-04  1.426000e+07  3.377100e-04  1.432000e+07  3.395100e-04
  1.438000e+07  3.431300e-04  1.444000e+07  3.504700e-04  1.450000e+07  3.602400e-04
  1.456000e+07  3.738600e-04  1.462000e+07  3.912800e-04  1.468000e+07  4.122000e-04
  1.474000e+07  4.305400e-04  1.480000e+07  4.386700e-04  1.486000e+07  4.394400e-04
  1.492000e+07  4.442700e-04  1.498000e+07  4.604300e-04  1.500000e+07  4.857900e-04
             1
             3
            53             0
      -4943500             0           122
  7.763750e+06  0.000000e+00  7.840000e+06  1.500500e-10  7.900000e+06  3.685900e-10
  7.960000e+06  5.893100e-10  8.020000e+06  1.816800e-03  8.080000e+06  7.387400e-03
  8.140000e+06  1.314200e-02  8.200000e+06  1.896700e-02  8.260000e+06  1.936500e-02
  8.320000e+06  1.950700e-02  8.380000e+06  1.939400e-02  8.440000e+06  1.893400e-02
  8.500000e+06  1.831500e-02  8.560000e+06  1.771100e-02  8.620000e+06  1.721300e-02
  8.680000e+06  1.688000e-02  8.740000e+06  1.672900e-02  8.800000e+06  1.676700e-02
  8.860000e+06  1.695500e-02  8.920000e+06  1.727900e-02  8.980000e+06  1.767300e-02
  9.040000e+06  1.802800e-02  9.100000e+06  1.826200e-02  9.160000e+06  1.830600e-02
  9.220000e+06  1.811900e-02  9.280000e+06  1.771300e-02  9.340000e+06  1.713800e-02
  9.400000e+06  1.648500e-02  9.460000e+06  1.581900e-02  9.520000e+06  1.525500e-02
  9.580000e+06  1.485500e-02  9.640000e+06  1.469200e-02  9.700000e+06  1.479900e-02
  9.760000e+06  1.520200e-02  9.820000e+06  1.593800e-02  9.880000e+06  1.701900e-02
  9.940000e+06  1.834500e-02  1.000000e+07  1.973500e-02  1.006000e+07  2.088500e-02
  1.012000e+07  2.146300e-02  1.018000e+07  2.124400e-02  1.024000e+07  1.988700e-02
  1.030000e+07  1.792800e-02  1.036000e+07  1.591000e-02  1.042000e+07  1.418400e-02
  1.048000e+07  1.293200e-02  1.054000e+07  1.191700e-02  1.060000e+07  1.113900e-02
  1.066000e+07  1.060900e-02  1.072000e+07  1.028100e-02  1.078000e+07  1.014200e-02
  1.084000e+07  1.017700e-02  1.090000e+07  1.038300e-02  1.096000e+07  1.075200e-02
  1.102000e+07  1.125800e-02  1.108000e+07  1.185100e-02  1.114000e+07  1.246700e-02
  1.120000e+07  1.299400e-02  1.126000e+07  1.331900e-02  1.132000e+07  1.334100e-02
  1.138000e+07  1.304900e-02  1.144000e+07  1.252800e-02  1.150000e+07  1.189100e-02
  1.156000e+07  1.124500e-02  1.162000e+07  1.066900e-02  1.168000e+07  1.020200e-02
  1.174000e+07  9.871100e-03  1.180000e+07  9.678200e-03  1.186000e+07  9.606700e-03
  1.192000e+07  9.662700e-03  1.198000e+07  9.838400e-03  1.204000e+07  1.003800e-02
  1.210000e+07  1.028400e-02  1.216000e+07  1.060000e-02  1.222000e+07  1.102400e-02
  1.228000e+07  1.159900e-02  1.234000e+07  1.217000e-02  1.240000e+07  1.269200e-02
  1.246000e+07  1.309900e-02  1.252000e+07  1.335900e-02  1.258000e+07  1.343800e-02
  1.264000e+07  1.314800e-02  1.270000e+07  1.259900e-02  1.276000e+07  1.192200e-02
  1.282000e+07  1.115700e-02  1.288000e+07  1.034500e-02  1.294000e+07  9.545600e-03
  1.300000e+07  8.788900e-03  1.306000e+07  8.492400e-03  1.312000e+07  8.244300e-03
  1.318000e+07  8.050800e-03  1.324000e+07  7.914200e-03  1.330000e+07  7.836100e-03
  1.336000e+07  7.818000e-03  1.342000e+07  7.860600e-03  1.348000e+07  7.966300e-03
  1.354000e+07  8.142300e-03  1.360000e+07  8.396800e-03  1.366000e+07  8.740500e-03
  1.372000e+07  9.171000e-03  1.378000e+07  9.656500e-03  1.384000e+07  1.003800e-02
  1.390000e+07  1.021600e-02  1.396000e+07  1.017000e-02  1.402000e+07  9.985800e-03
  1.408000e+07  9.793100e-03  1.414000e+07  9.659200e-03  1.420000e+07  9.604900e-03
  1.426000e+07  9.622900e-03  1.432000e+07  9.703700e-03  1.438000e+07  9.838200e-03
  1.444000e+07  1.008000e-02  1.450000e+07  1.039500e-02  1.456000e+07  1.082300e-02
  1.462000e+07  1.136400e-02  1.468000e+07  1.201100e-02  1.474000e+07  1.258700e-02
  1.480000e+07  1.286800e-02  1.486000e+07  1.291500e-02  1.492000e+07  1.308200e-02
  1.498000e+07  1.358400e-02  1.500000e+07  1.434200e-02
             1
             3
            54             0
      -6376500             0            82
  1.001430e+07  0.000000e+00  1.024000e+07  2.085500e-03  1.030000e+07  4.802000e-03
  1.036000e+07  6.969200e-03  1.042000e+07  7.947200e-03  1.048000e+07  7.422000e-03
  1.054000e+07  7.000800e-03  1.060000e+07  6.693300e-03  1.066000e+07  6.454600e-03
  1.072000e+07  6.331200e-03  1.078000e+07  6.319700e-03  1.084000e+07  6.415800e-03
  1.090000e+07  6.620600e-03  1.096000e+07  6.933200e-03  1.102000e+07  7.335700e-03
  1.108000e+07  7.793800e-03  1.114000e+07  8.274200e-03  1.120000e+07  8.701800e-03
  1.126000e+07  8.985700e-03  1.132000e+07  9.065800e-03  1.138000e+07  8.930600e-03
  1.144000e+07  8.630100e-03  1.150000e+07  8.241900e-03  1.156000e+07  7.841800e-03
  1.162000e+07  7.476800e-03  1.168000e+07  7.171700e-03  1.174000e+07  6.959600e-03
  1.180000e+07  6.843600e-03  1.186000e+07  6.840100e-03  1.192000e+07  6.926900e-03
  1.198000e+07  7.100200e-03  1.204000e+07  7.302500e-03  1.210000e+07  7.548200e-03
  1.216000e+07  7.850800e-03  1.222000e+07  8.241300e-03  1.228000e+07  8.753800e-03
  1.234000e+07  9.271700e-03  1.240000e+07  9.759500e-03  1.246000e+07  1.012700e-02
  1.252000e+07  1.038400e-02  1.258000e+07  1.050100e-02  1.264000e+07  1.034500e-02
  1.270000e+07  9.990800e-03  1.276000e+07  9.530600e-03  1.282000e+07  8.995100e-03
  1.288000e+07  8.417000e-03  1.294000e+07  7.840800e-03  1.300000e+07  7.290800e-03
  1.306000e+07  7.109600e-03  1.312000e+07  6.965100e-03  1.318000e+07  6.863700e-03
  1.324000e+07  6.797700e-03  1.330000e+07  6.775400e-03  1.336000e+07  6.804700e-03
  1.342000e+07  6.891900e-03  1.348000e+07  7.045400e-03  1.354000e+07  7.263500e-03
  1.360000e+07  7.555400e-03  1.366000e+07  7.934500e-03  1.372000e+07  8.398900e-03
  1.378000e+07  8.921600e-03  1.384000e+07  9.352000e-03  1.390000e+07  9.597400e-03
  1.396000e+07  9.635700e-03  1.402000e+07  9.536100e-03  1.408000e+07  9.412900e-03
  1.414000e+07  9.346100e-03  1.420000e+07  9.356700e-03  1.426000e+07  9.444000e-03
  1.432000e+07  9.595800e-03  1.438000e+07  9.804600e-03  1.444000e+07  1.012600e-02
  1.450000e+07  1.052500e-02  1.456000e+07  1.104700e-02  1.462000e+07  1.168700e-02
  1.468000e+07  1.243100e-02  1.474000e+07  1.311200e-02  1.480000e+07  1.349300e-02
  1.486000e+07  1.361600e-02  1.492000e+07  1.387000e-02  1.498000e+07  1.448600e-02
  1.500000e+07  1.532400e-02
             1
             3
            91             0
      -7563500             0            52
  1.187840e+07  0.000000e+00  1.204000e+07  6.460600e-04  1.210000e+07  1.677300e-03
  1.216000e+07  2.804500e-03  1.222000e+07  3.714000e-03  1.228000e+07  4.015100e-03
  1.234000e+07  4.325200e-03  1.240000e+07  4.627200e-03  1.246000e+07  4.914400e-03
  1.252000e+07  5.153000e-03  1.258000e+07  5.325100e-03  1.264000e+07  6.329100e-03
  1.270000e+07  7.656000e-03  1.276000e+07  8.808800e-03  1.282000e+07  9.812400e-03
  1.288000e+07  1.070600e-02  1.294000e+07  1.143300e-02  1.300000e+07  1.202600e-02
  1.306000e+07  1.188100e-02  1.312000e+07  1.178700e-02  1.318000e+07  1.176000e-02
  1.324000e+07  1.178900e-02  1.330000e+07  1.189100e-02  1.336000e+07  1.208200e-02
  1.342000e+07  1.236100e-02  1.348000e+07  1.272600e-02  1.354000e+07  1.321200e-02
  1.360000e+07  1.383700e-02  1.366000e+07  1.461900e-02  1.372000e+07  1.556600e-02
  1.378000e+07  1.663100e-02  1.384000e+07  1.802700e-02  1.390000e+07  1.936800e-02
  1.396000e+07  2.032700e-02  1.402000e+07  2.101100e-02  1.408000e+07  2.166300e-02
  1.414000e+07  2.244100e-02  1.420000e+07  2.341400e-02  1.426000e+07  2.458700e-02
  1.432000e+07  2.596700e-02  1.438000e+07  2.755400e-02  1.444000e+07  2.903100e-02
  1.450000e+07  3.051600e-02  1.456000e+07  3.238400e-02  1.462000e+07  3.464700e-02
  1.468000e+07  3.729200e-02  1.474000e+07  3.979600e-02  1.480000e+07  4.142400e-02
  1.486000e+07  4.313700e-02  1.492000e+07  4.532400e-02  1.498000e+07  4.880700e-02
  1.500000e+07  5.215500e-02
