             1
             3
             4             0
       5701170             0           687
  1.000000e-05  0.000000e+00  2.000000e+05  0.000000e+00  2.600000e+05  3.289100e-08
  2.800000e+05  3.305000e-08  3.000000e+05  5.000900e-08  3.200000e+05  9.077800e-08
  3.400000e+05  1.740200e-07  3.600000e+05  3.572100e-07  3.800000e+05  7.295600e-07
  4.000000e+05  1.573700e-06  4.200000e+05  3.487600e-06  4.400000e+05  7.974700e-06
  4.600000e+05  1.926800e-05  4.800000e+05  4.703800e-05  5.000000e+05  1.047500e-04
  5.200000e+05  1.648700e-04  5.400000e+05  1.721900e-04  5.600000e+05  1.512900e-04
  5.800000e+05  1.324600e-04  6.000000e+05  1.303400e-04  6.145000e+05  3.788000e-04
  6.171000e+05  6.503400e-04  6.200000e+05  5.472400e-04  6.400000e+05  1.427300e-04
  6.600000e+05  1.250400e-04  6.800000e+05  1.263600e-04  7.000000e+05  1.316200e-04
  7.200000e+05  1.390200e-04  7.400000e+05  1.489700e-04  7.600000e+05  1.610500e-04
  7.800000e+05  1.749200e-04  8.000000e+05  1.897700e-04  8.200000e+05  2.092600e-04
  8.400000e+05  2.305900e-04  8.600000e+05  2.534600e-04  8.800000e+05  2.815400e-04
  9.000000e+05  3.095300e-04  9.200000e+05  3.422400e-04  9.400000e+05  3.799500e-04
  9.600000e+05  4.225900e-04  9.800000e+05  4.685000e-04  1.000000e+06  5.183000e-04
  1.020000e+06  5.772600e-04  1.040000e+06  6.516100e-04  1.060000e+06  7.168900e-04
  1.080000e+06  7.995800e-04  1.100000e+06  8.966900e-04  1.120000e+06  1.005600e-03
  1.140000e+06  1.111100e-03  1.160000e+06  1.254900e-03  1.180000e+06  1.412300e-03
  1.200000e+06  1.576500e-03  1.220000e+06  1.785300e-03  1.240000e+06  2.029600e-03
  1.260000e+06  2.315700e-03  1.280000e+06  2.627000e-03  1.300000e+06  3.026300e-03
  1.320000e+06  3.463500e-03  1.340000e+06  3.976000e-03  1.360000e+06  4.623500e-03
  1.380000e+06  5.407700e-03  1.400000e+06  6.449200e-03  1.420000e+06  7.613900e-03
  1.440000e+06  9.261800e-03  1.460000e+06  1.125000e-02  1.480000e+06  1.382200e-02
  1.500000e+06  1.708400e-02  1.520000e+06  2.064900e-02  1.540000e+06  2.436700e-02
  1.560000e+06  2.764300e-02  1.580000e+06  2.986300e-02  1.600000e+06  3.165800e-02
  1.620000e+06  3.363500e-02  1.640000e+06  3.655300e-02  1.660000e+06  4.086600e-02
  1.680000e+06  4.689800e-02  1.700000e+06  5.529900e-02  1.720000e+06  6.558000e-02
  1.740000e+06  7.800000e-02  1.760000e+06  1.010000e-01  1.780000e+06  1.360040e-01
  1.800000e+06  2.027120e-01  1.820000e+06  2.250020e-01  1.840000e+06  2.629960e-01
  1.860000e+06  2.859970e-01  1.880000e+06  2.993210e-01  1.900000e+06  2.966460e-01
  1.920000e+06  2.669980e-01  1.940000e+06  2.410000e-01  1.960000e+06  2.236210e-01
  1.980000e+06  2.107260e-01  2.000000e+06  2.010000e-01  2.020000e+06  1.933470e-01
  2.040000e+06  1.873490e-01  2.060000e+06  1.828060e-01  2.080000e+06  1.794740e-01
  2.100000e+06  1.771160e-01  2.120000e+06  1.754400e-01  2.140000e+06  1.741730e-01
  2.160000e+06  1.730300e-01  2.180000e+06  1.717330e-01  2.200000e+06  1.700000e-01
  2.220000e+06  1.676340e-01  2.240000e+06  1.647700e-01  2.260000e+06  1.616290e-01
  2.280000e+06  1.584280e-01  2.300000e+06  1.553900e-01  2.320000e+06  1.527260e-01
  2.340000e+06  1.504790e-01  2.360000e+06  1.485310e-01  2.380000e+06  1.467510e-01
  2.400000e+06  1.450130e-01  2.420000e+06  1.431860e-01  2.440000e+06  1.411430e-01
  2.460000e+06  1.389110e-01  2.480000e+06  1.401200e-01  2.500000e+06  1.520000e-01
  2.520000e+06  1.600340e-01  2.540000e+06  1.401340e-01  2.560000e+06  1.420000e-01
  2.580000e+06  1.544750e-01  2.600000e+06  1.480000e-01  2.620000e+06  1.339340e-01
  2.640000e+06  1.308970e-01  2.660000e+06  1.300000e-01  2.680000e+06  1.277330e-01
  2.700000e+06  1.167960e-01  2.720000e+06  1.110410e-01  2.740000e+06  1.147110e-01
  2.760000e+06  1.120440e-01  2.780000e+06  1.020000e-01  2.800000e+06  9.622100e-02
  2.820000e+06  9.516100e-02  2.820150e+06  9.516961e-02  2.840000e+06  9.679053e-02
  2.860000e+06  9.817971e-02  2.880000e+06  9.829488e-02  2.894000e+06  9.775810e-02
  2.900000e+06  9.745041e-02  2.920000e+06  9.598878e-02  2.932000e+06  9.507700e-02
  2.940000e+06  9.448235e-02  2.960000e+06  9.324672e-02  2.970000e+06  9.287690e-02
  2.980000e+06  9.252282e-02  3.000000e+06  9.232866e-02  3.008000e+06  9.244020e-02
  3.020000e+06  9.262389e-02  3.040000e+06  9.336605e-02  3.046000e+06  9.370660e-02
  3.060000e+06  9.451569e-02  3.080000e+06  9.601353e-02  3.084000e+06  9.636010e-02
  3.100000e+06  9.775530e-02  3.120000e+06  9.961830e-02  3.122000e+06  9.980440e-02
  3.140000e+06  1.014791e-01  3.160000e+06  1.032198e-01  3.180000e+06  1.047097e-01
  3.198000e+06  1.057347e-01  3.200000e+06  1.058461e-01  3.220000e+06  1.066198e-01
  3.236000e+06  1.070756e-01  3.240000e+06  1.071824e-01  3.260000e+06  1.076552e-01
  3.274000e+06  1.080408e-01  3.280000e+06  1.081929e-01  3.300000e+06  1.089219e-01
  3.312000e+06  1.095771e-01  3.320000e+06  1.099945e-01  3.340000e+06  1.115340e-01
  3.350000e+06  1.125467e-01  3.360000e+06  1.135346e-01  3.380000e+06  1.158343e-01
  3.388000e+06  1.168178e-01  3.400000e+06  1.182641e-01  3.420000e+06  1.206635e-01
  3.426000e+06  1.213323e-01  3.440000e+06  1.228618e-01  3.460000e+06  1.248359e-01
  3.464000e+06  1.252055e-01  3.480000e+06  1.266524e-01  3.500000e+06  1.284219e-01
  3.502000e+06  1.286039e-01  3.520000e+06  1.302111e-01  3.540000e+06  1.321348e-01
  3.560000e+06  1.342574e-01  3.578000e+06  1.364305e-01  3.580000e+06  1.366697e-01
  3.600000e+06  1.393224e-01  3.616000e+06  1.416133e-01  3.620000e+06  1.421825e-01
  3.640000e+06  1.451842e-01  3.654000e+06  1.473646e-01  3.660000e+06  1.482953e-01
  3.680000e+06  1.516677e-01  3.692000e+06  1.540716e-01  3.700000e+06  1.556724e-01
  3.720000e+06  1.606473e-01  3.730000e+06  1.634757e-01  3.740000e+06  1.663092e-01
  3.760000e+06  1.717291e-01  3.768000e+06  1.734163e-01  3.780000e+06  1.759727e-01
  3.800000e+06  1.781483e-01  3.806000e+06  1.783996e-01  3.820000e+06  1.790721e-01
  3.840000e+06  1.810738e-01  3.844000e+06  1.821723e-01  3.860000e+06  1.868369e-01
  3.880000e+06  1.986127e-01  3.882000e+06  2.006354e-01  3.900000e+06  2.197346e-01
  3.920000e+06  2.534750e-01  3.940000e+06  3.063787e-01  3.958000e+06  3.619120e-01
  3.960000e+06  3.684081e-01  3.980000e+06  4.087086e-01  3.996000e+06  4.076770e-01
  4.000000e+06  4.058982e-01  4.020000e+06  3.786039e-01  4.034000e+06  3.538840e-01
  4.040000e+06  3.441842e-01  4.060000e+06  3.258816e-01  4.072000e+06  3.207260e-01
  4.080000e+06  3.168441e-01  4.100000e+06  3.157294e-01  4.110000e+06  3.176170e-01
  4.120000e+06  3.185328e-01  4.140000e+06  3.235244e-01  4.148000e+06  3.262770e-01
  4.160000e+06  3.299045e-01  4.180000e+06  3.361603e-01  4.186000e+06  3.374820e-01
  4.200000e+06  3.404857e-01  4.220000e+06  3.417668e-01  4.224000e+06  3.419130e-01
  4.240000e+06  3.426035e-01  4.260000e+06  3.463367e-01  4.262000e+06  3.471890e-01
  4.280000e+06  3.550209e-01  4.300000e+06  3.646430e-01  4.320000e+06  3.702141e-01
  4.338000e+06  3.709170e-01  4.340000e+06  3.710093e-01  4.360000e+06  3.711625e-01
  4.376000e+06  3.739890e-01  4.380000e+06  3.747175e-01  4.400000e+06  3.844602e-01
  4.414000e+06  3.931980e-01  4.420000e+06  3.969616e-01  4.440000e+06  4.075268e-01
  4.452000e+06  4.114300e-01  4.460000e+06  4.140336e-01  4.480000e+06  4.171725e-01
  4.490000e+06  4.174170e-01  4.500000e+06  4.176431e-01  4.520000e+06  4.162152e-01
  4.528000e+06  4.152012e-01  4.540000e+06  4.136597e-01  4.560000e+06  4.106636e-01
  4.566000e+06  4.097702e-01  4.580000e+06  4.076936e-01  4.600000e+06  4.051261e-01
  4.604000e+06  4.047684e-01  4.620000e+06  4.033919e-01  4.640000e+06  4.028293e-01
  4.642000e+06  4.028921e-01  4.660000e+06  4.035604e-01  4.680000e+06  4.052510e-01
  4.700000e+06  4.077619e-01  4.718000e+06  4.103791e-01  4.720000e+06  4.106868e-01
  4.740000e+06  4.138973e-01  4.756000e+06  4.164760e-01  4.760000e+06  4.171544e-01
  4.780000e+06  4.210942e-01  4.794000e+06  4.246963e-01  4.800000e+06  4.262742e-01
  4.820000e+06  4.327437e-01  4.832000e+06  4.369320e-01  4.840000e+06  4.397257e-01
  4.860000e+06  4.465179e-01  4.870000e+06  4.495300e-01  4.880000e+06  4.524805e-01
  4.900000e+06  4.575336e-01  4.908000e+06  4.592348e-01  4.920000e+06  4.616603e-01
  4.940000e+06  4.649488e-01  4.946000e+06  4.657236e-01  4.960000e+06  4.673578e-01
  4.980000e+06  4.690355e-01  4.984000e+06  4.692488e-01  5.000000e+06  4.698979e-01
  5.020000e+06  4.701743e-01  5.022000e+06  4.701657e-01  5.040000e+06  4.698632e-01
  5.060000e+06  4.693650e-01  5.080000e+06  4.686595e-01  5.098000e+06  4.682397e-01
  5.100000e+06  4.681723e-01  5.120000e+06  4.679279e-01  5.136000e+06  4.682356e-01
  5.140000e+06  4.682794e-01  5.160000e+06  4.693292e-01  5.174000e+06  4.707179e-01
  5.180000e+06  4.712785e-01  5.200000e+06  4.738101e-01  5.212000e+06  4.754934e-01
  5.220000e+06  4.765891e-01  5.240000e+06  4.792564e-01  5.250000e+06  4.803590e-01
  5.260000e+06  4.814493e-01  5.280000e+06  4.828018e-01  5.288000e+06  4.828636e-01
  5.300000e+06  4.829614e-01  5.320000e+06  4.815793e-01  5.326000e+06  4.806919e-01
  5.340000e+06  4.786445e-01  5.360000e+06  4.744956e-01  5.364000e+06  4.734882e-01
  5.380000e+06  4.694999e-01  5.400000e+06  4.639766e-01  5.402000e+06  4.634036e-01
  5.420000e+06  4.583074e-01  5.440000e+06  4.526270e-01  5.460000e+06  4.472049e-01
  5.478000e+06  4.426337e-01  5.480000e+06  4.421374e-01  5.500000e+06  4.376981e-01
  5.516000e+06  4.347026e-01  5.520000e+06  4.339873e-01  5.540000e+06  4.312869e-01
  5.554000e+06  4.301358e-01  5.560000e+06  4.297179e-01  5.580000e+06  4.295301e-01
  5.592000e+06  4.300510e-01  5.600000e+06  4.305383e-01  5.620000e+06  4.323044e-01
  5.630000e+06  4.342210e-01  5.640000e+06  4.363134e-01  5.660000e+06  4.560461e-01
  5.668000e+06  4.603544e-01  5.680000e+06  4.668772e-01  5.689640e+06  4.738701e-01
  5.700000e+06  4.928074e-01  5.706000e+06  4.964033e-01  5.720000e+06  4.944414e-01
  5.740000e+06  4.892967e-01  5.744000e+06  4.878740e-01  5.760000e+06  4.820748e-01
  5.780000e+06  4.731689e-01  5.782000e+06  4.721490e-01  5.800000e+06  4.635147e-01
  5.820000e+06  4.531700e-01  5.840000e+06  4.428063e-01  5.858000e+06  4.335204e-01
  5.860000e+06  4.324598e-01  5.880000e+06  4.223007e-01  5.896000e+06  4.148782e-01
  5.900000e+06  4.129539e-01  5.920000e+06  4.045217e-01  5.934000e+06  3.993814e-01
  5.940000e+06  3.970824e-01  5.960000e+06  3.903352e-01  5.972000e+06  3.867080e-01
  5.980000e+06  3.841678e-01  6.000000e+06  3.783443e-01  6.010000e+06  3.755950e-01
  6.020000e+06  3.726944e-01  6.040000e+06  3.670223e-01  6.048000e+06  3.647278e-01
  6.060000e+06  3.611907e-01  6.080000e+06  3.550936e-01  6.086000e+06  3.532225e-01
  6.100000e+06  3.488289e-01  6.120000e+06  3.425103e-01  6.124000e+06  3.412620e-01
  6.140000e+06  3.363504e-01  6.160000e+06  3.303959e-01  6.162000e+06  3.298308e-01
  6.180000e+06  3.249794e-01  6.200000e+06  3.199900e-01  6.220000e+06  3.156179e-01
  6.238000e+06  3.122159e-01  6.240000e+06  3.118736e-01  6.260000e+06  3.089774e-01
  6.276000e+06  3.070004e-01  6.280000e+06  3.065304e-01  6.300000e+06  3.044942e-01
  6.314000e+06  3.032327e-01  6.320000e+06  3.026515e-01  6.340000e+06  3.008251e-01
  6.352000e+06  2.997424e-01  6.360000e+06  2.988621e-01  6.380000e+06  2.965904e-01
  6.390000e+06  2.953595e-01  6.400000e+06  2.944036e-01  6.420000e+06  2.923099e-01
  6.428000e+06  2.914100e-01  6.440000e+06  2.899923e-01  6.460000e+06  2.875424e-01
  6.466000e+06  2.868014e-01  6.480000e+06  2.847980e-01  6.500000e+06  2.819540e-01
  6.504000e+06  2.814022e-01  6.520000e+06  2.789992e-01  6.540000e+06  2.761495e-01
  6.542000e+06  2.758835e-01  6.560000e+06  2.733813e-01  6.580000e+06  2.708600e-01
  6.600000e+06  2.684219e-01  6.618000e+06  2.664554e-01  6.620000e+06  2.662100e-01
  6.640000e+06  2.639650e-01  6.656000e+06  2.623298e-01  6.660000e+06  2.618812e-01
  6.680000e+06  2.598043e-01  6.694000e+06  2.584421e-01  6.700000e+06  2.577724e-01
  6.720000e+06  2.556552e-01  6.732000e+06  2.544376e-01  6.740000e+06  2.534817e-01
  6.760000e+06  2.511449e-01  6.770000e+06  2.499950e-01  6.780000e+06  2.487577e-01
  6.800000e+06  2.462752e-01  6.808000e+06  2.452762e-01  6.820000e+06  2.440881e-01
  6.840000e+06  2.420719e-01  6.846000e+06  2.414572e-01  6.860000e+06  2.397472e-01
  6.880000e+06  2.372614e-01  6.884000e+06  2.367544e-01  6.900000e+06  2.345105e-01
  6.920000e+06  2.316697e-01  6.922000e+06  2.313810e-01  6.940000e+06  2.286720e-01
  6.960000e+06  2.256200e-01  6.980000e+06  2.227448e-01  6.998000e+06  2.196820e-01
  7.000000e+06  2.194337e-01  7.020000e+06  2.153755e-01  7.036000e+06  2.121658e-01
  7.040000e+06  2.113803e-01  7.060000e+06  2.075319e-01  7.074000e+06  2.049094e-01
  7.080000e+06  2.038131e-01  7.100000e+06  2.002828e-01  7.112000e+06  1.982516e-01
  7.120000e+06  1.969547e-01  7.140000e+06  1.938716e-01  7.150000e+06  1.924350e-01
  7.160000e+06  1.910924e-01  7.180000e+06  1.886111e-01  7.188000e+06  1.877162e-01
  7.200000e+06  1.865327e-01  7.220000e+06  1.849802e-01  7.226000e+06  1.845906e-01
  7.240000e+06  1.838622e-01  7.260000e+06  1.830615e-01  7.264000e+06  1.829542e-01
  7.280000e+06  1.827148e-01  7.300000e+06  1.826555e-01  7.302000e+06  1.826762e-01
  7.320000e+06  1.830664e-01  7.340000e+06  1.837500e-01  7.360000e+06  1.849416e-01
  7.378000e+06  1.862301e-01  7.380000e+06  1.863999e-01  7.400000e+06  1.883748e-01
  7.416000e+06  1.902276e-01  7.420000e+06  1.907492e-01  7.440000e+06  1.936243e-01
  7.454000e+06  1.958139e-01  7.460000e+06  1.968066e-01  7.480000e+06  2.003367e-01
  7.492000e+06  2.025364e-01  7.500000e+06  2.040195e-01  7.520000e+06  2.077882e-01
  7.530000e+06  2.096550e-01  7.540000e+06  2.114611e-01  7.560000e+06  2.149722e-01
  7.568000e+06  2.163102e-01  7.580000e+06  2.182165e-01  7.600000e+06  2.211217e-01
  7.606000e+06  2.216876e-01  7.620000e+06  2.231911e-01  7.640000e+06  2.249268e-01
  7.644000e+06  2.251904e-01  7.660000e+06  2.258059e-01  7.680000e+06  2.262043e-01
  7.682000e+06  2.262128e-01  7.700000e+06  2.258548e-01  7.720000e+06  2.251900e-01
  7.740000e+06  2.239399e-01  7.758000e+06  2.226520e-01  7.760000e+06  2.224813e-01
  7.780000e+06  2.206779e-01  7.796000e+06  2.191800e-01  7.800000e+06  2.186734e-01
  7.820000e+06  2.168635e-01  7.834000e+06  2.155966e-01  7.840000e+06  2.149591e-01
  7.860000e+06  2.128739e-01  7.872000e+06  2.116156e-01  7.910000e+06  2.066290e-01
  7.948000e+06  2.016434e-01  7.986000e+06  1.966568e-01  8.000000e+06  1.953549e-01
  8.020000e+06  1.923088e-01  8.024000e+06  1.916991e-01  8.040000e+06  1.896159e-01
  8.060000e+06  1.870160e-01  8.062000e+06  1.867568e-01  8.080000e+06  1.844117e-01
  8.100000e+06  1.818150e-01  8.120000e+06  1.792071e-01  8.138000e+06  1.768734e-01
  8.140000e+06  1.766109e-01  8.160000e+06  1.740029e-01  8.176000e+06  1.719317e-01
  8.180000e+06  1.714145e-01  8.200000e+06  1.688496e-01  8.214000e+06  1.675574e-01
  8.220000e+06  1.670127e-01  8.240000e+06  1.652192e-01  8.252000e+06  1.641562e-01
  8.260000e+06  1.634306e-01  8.280000e+06  1.616394e-01  8.290000e+06  1.607553e-01
  8.300000e+06  1.598486e-01  8.320000e+06  1.580601e-01  8.328000e+06  1.573540e-01
  8.340000e+06  1.562669e-01  8.360000e+06  1.544811e-01  8.366000e+06  1.539526e-01
  8.380000e+06  1.528240e-01  8.400000e+06  1.512387e-01  8.404000e+06  1.513500e-01
  8.420000e+06  1.530944e-01  8.440000e+06  1.553039e-01  8.442000e+06  1.555280e-01
  8.460000e+06  1.574909e-01  8.480000e+06  1.597060e-01  8.500000e+06  1.618854e-01
  8.518000e+06  1.638838e-01  8.520000e+06  1.640977e-01  8.540000e+06  1.662795e-01
  8.556000e+06  1.680626e-01  8.560000e+06  1.684901e-01  8.580000e+06  1.706753e-01
  8.594000e+06  1.722407e-01  8.600000e+06  1.729331e-01  8.620000e+06  1.754583e-01
  8.632000e+06  1.770058e-01  8.640000e+06  1.780089e-01  8.660000e+06  1.805726e-01
  8.670000e+06  1.818809e-01  8.680000e+06  1.831395e-01  8.700000e+06  1.857097e-01
  8.708000e+06  1.867566e-01  8.720000e+06  1.882754e-01  8.740000e+06  1.908488e-01
  8.746000e+06  1.916316e-01  8.760000e+06  1.934147e-01  8.780000e+06  1.959890e-01
  8.784000e+06  1.965073e-01  8.800000e+06  1.983972e-01  8.820000e+06  2.002261e-01
  8.822000e+06  2.004070e-01  8.840000e+06  2.019228e-01  8.860000e+06  2.035970e-01
  8.880000e+06  2.052996e-01  8.898000e+06  2.067870e-01  8.900000e+06  2.069626e-01
  8.920000e+06  2.086684e-01  8.936000e+06  2.099770e-01  8.940000e+06  2.103312e-01
  8.960000e+06  2.120323e-01  8.974000e+06  2.131670e-01  8.980000e+06  2.136159e-01
  9.000000e+06  2.150322e-01  9.012000e+06  2.149388e-01  9.020000e+06  2.147033e-01
  9.040000e+06  2.140144e-01  9.050000e+06  2.136350e-01  9.060000e+06  2.133314e-01
  9.080000e+06  2.126341e-01  9.088000e+06  2.123312e-01  9.100000e+06  2.119542e-01
  9.120000e+06  2.112559e-01  9.126000e+06  2.110284e-01  9.140000e+06  2.105768e-01
  9.160000e+06  2.098716e-01  9.164000e+06  2.097246e-01  9.180000e+06  2.091617e-01
  9.200000e+06  2.084082e-01  9.202000e+06  2.081924e-01  9.220000e+06  2.055114e-01
  9.240000e+06  2.025324e-01  9.260000e+06  1.995440e-01  9.278000e+06  1.968724e-01
  9.280000e+06  1.965739e-01  9.300000e+06  1.935886e-01  9.316000e+06  1.912116e-01
  9.320000e+06  1.906109e-01  9.340000e+06  1.876265e-01  9.354000e+06  1.855514e-01
  9.360000e+06  1.846495e-01  9.380000e+06  1.816670e-01  9.392000e+06  1.798919e-01
  9.400000e+06  1.787369e-01  9.420000e+06  1.761444e-01  9.430000e+06  1.748601e-01
  9.440000e+06  1.735677e-01  9.460000e+06  1.710089e-01  9.468000e+06  1.699961e-01
  9.480000e+06  1.684467e-01  9.500000e+06  1.658903e-01  9.506000e+06  1.651315e-01
  9.520000e+06  1.633260e-01  9.540000e+06  1.607736e-01  9.544000e+06  1.602681e-01
  9.560000e+06  1.582071e-01  9.580000e+06  1.556567e-01  9.582000e+06  1.554042e-01
  9.600000e+06  1.531973e-01  9.620000e+06  1.510822e-01  9.640000e+06  1.490544e-01
  9.658000e+06  1.472474e-01  9.660000e+06  1.470429e-01  9.680000e+06  1.450183e-01
  9.696000e+06  1.434138e-01  9.700000e+06  1.430057e-01  9.720000e+06  1.409833e-01
  9.734000e+06  1.395795e-01  9.740000e+06  1.389683e-01  9.760000e+06  1.369478e-01
  9.772000e+06  1.357451e-01  9.780000e+06  1.349475e-01  9.800000e+06  1.329686e-01
  9.810000e+06  1.320876e-01  9.820000e+06  1.312489e-01  9.840000e+06  1.295846e-01
  9.848000e+06  1.289236e-01  9.860000e+06  1.279190e-01  9.880000e+06  1.262556e-01
  9.886000e+06  1.257601e-01  9.900000e+06  1.245892e-01  9.920000e+06  1.229276e-01
  9.924000e+06  1.225970e-01  9.940000e+06  1.212604e-01  9.960000e+06  1.195987e-01
  9.962000e+06  1.194335e-01  9.980000e+06  1.179312e-01  1.000000e+07  1.162700e-01
  1.020000e+07  1.151896e-01  1.040000e+07  1.142962e-01  1.050000e+07  1.138950e-01
  1.060000e+07  1.140666e-01  1.080000e+07  1.144238e-01  1.100000e+07  1.147400e-01
  1.120000e+07  1.098146e-01  1.140000e+07  1.047672e-01  1.150000e+07  1.021700e-01
  1.160000e+07  9.859280e-02  1.180000e+07  9.129740e-02  1.200000e+07  8.389000e-02
  1.220000e+07  7.806180e-02  1.240000e+07  7.217460e-02  1.250000e+07  6.921000e-02
  1.260000e+07  6.800560e-02  1.280000e+07  6.556180e-02  1.300000e+07  6.309000e-02
  1.320000e+07  6.498020e-02  1.340000e+07  6.682840e-02  1.350000e+07  6.774950e-02
  1.360000e+07  6.858300e-02  1.380000e+07  7.025200e-02  1.400000e+07  7.193000e-02
  1.420000e+07  6.978620e-02  1.440000e+07  6.766740e-02  1.450000e+07  6.662495e-02
  1.460000e+07  6.598910e-02  1.480000e+07  6.475950e-02  1.500000e+07  6.357640e-02
             1
             3
            50             0
       5701170             0           421
  1.000000e-05  0.000000e+00  2.000000e+05  0.000000e+00  2.600000e+05  3.289100e-08
  2.800000e+05  3.305000e-08  3.000000e+05  5.000900e-08  3.200000e+05  9.077800e-08
  3.400000e+05  1.740200e-07  3.600000e+05  3.572100e-07  3.800000e+05  7.295600e-07
  4.000000e+05  1.573700e-06  4.200000e+05  3.487600e-06  4.400000e+05  7.974700e-06
  4.600000e+05  1.926800e-05  4.800000e+05  4.703800e-05  5.000000e+05  1.047500e-04
  5.200000e+05  1.648700e-04  5.400000e+05  1.721900e-04  5.600000e+05  1.512900e-04
  5.800000e+05  1.324600e-04  6.000000e+05  1.303400e-04  6.145000e+05  3.788000e-04
  6.171000e+05  6.503400e-04  6.200000e+05  5.472400e-04  6.400000e+05  1.427300e-04
  6.600000e+05  1.250400e-04  6.800000e+05  1.263600e-04  7.000000e+05  1.316200e-04
  7.200000e+05  1.390200e-04  7.400000e+05  1.489700e-04  7.600000e+05  1.610500e-04
  7.800000e+05  1.749200e-04  8.000000e+05  1.897700e-04  8.200000e+05  2.092600e-04
  8.400000e+05  2.305900e-04  8.600000e+05  2.534600e-04  8.800000e+05  2.815400e-04
  9.000000e+05  3.095300e-04  9.200000e+05  3.422400e-04  9.400000e+05  3.799500e-04
  9.600000e+05  4.225900e-04  9.800000e+05  4.685000e-04  1.000000e+06  5.183000e-04
  1.020000e+06  5.772600e-04  1.040000e+06  6.516100e-04  1.060000e+06  7.168900e-04
  1.080000e+06  7.995800e-04  1.100000e+06  8.966900e-04  1.120000e+06  1.005600e-03
  1.140000e+06  1.111100e-03  1.160000e+06  1.254900e-03  1.180000e+06  1.412300e-03
  1.200000e+06  1.576500e-03  1.220000e+06  1.785300e-03  1.240000e+06  2.029600e-03
  1.260000e+06  2.315700e-03  1.280000e+06  2.627000e-03  1.300000e+06  3.026300e-03
  1.320000e+06  3.463500e-03  1.340000e+06  3.976000e-03  1.360000e+06  4.623500e-03
  1.380000e+06  5.407700e-03  1.400000e+06  6.449200e-03  1.420000e+06  7.613900e-03
  1.440000e+06  9.261800e-03  1.460000e+06  1.125000e-02  1.480000e+06  1.382200e-02
  1.500000e+06  1.708400e-02  1.520000e+06  1.806200e-02  1.540000e+06  1.878000e-02
  1.560000e+06  1.928400e-02  1.580000e+06  1.962200e-02  1.600000e+06  1.984300e-02
  1.620000e+06  1.999400e-02  1.640000e+06  2.012200e-02  1.660000e+06  2.027600e-02
  1.680000e+06  2.050300e-02  1.700000e+06  2.085000e-02  1.720000e+06  2.136700e-02
  1.740000e+06  2.209900e-02  1.760000e+06  2.309600e-02  1.780000e+06  2.440400e-02
  1.800000e+06  2.607200e-02  1.820000e+06  2.872200e-02  1.840000e+06  3.301600e-02
  1.860000e+06  3.529700e-02  1.880000e+06  3.678100e-02  1.900000e+06  3.828600e-02
  1.920000e+06  3.996800e-02  1.940000e+06  4.212000e-02  1.960000e+06  4.443100e-02
  1.980000e+06  4.703600e-02  2.000000e+06  5.025000e-02  2.020000e+06  5.427700e-02
  2.040000e+06  5.885900e-02  2.060000e+06  6.362600e-02  2.080000e+06  6.821400e-02
  2.100000e+06  7.242600e-02  2.120000e+06  7.623000e-02  2.140000e+06  7.960500e-02
  2.160000e+06  8.252500e-02  2.180000e+06  8.496900e-02  2.200000e+06  8.691300e-02
  2.220000e+06  8.834700e-02  2.240000e+06  8.931500e-02  2.260000e+06  8.987600e-02
  2.280000e+06  9.008700e-02  2.300000e+06  9.000800e-02  2.320000e+06  8.969400e-02
  2.340000e+06  8.916400e-02  2.360000e+06  8.840400e-02  2.380000e+06  8.739300e-02
  2.400000e+06  8.611500e-02  2.420000e+06  8.455000e-02  2.440000e+06  8.268100e-02
  2.460000e+06  8.056500e-02  2.480000e+06  8.003600e-02  2.500000e+06  8.469700e-02
  2.520000e+06  8.651700e-02  2.540000e+06  7.353600e-02  2.560000e+06  7.207000e-02
  2.580000e+06  7.590700e-02  2.600000e+06  7.050100e-02  2.620000e+06  6.244100e-02
  2.640000e+06  5.972600e-02  2.660000e+06  5.799900e-02  2.680000e+06  5.570500e-02
  2.700000e+06  4.974100e-02  2.720000e+06  4.630800e-02  2.740000e+06  4.735900e-02
  2.760000e+06  4.611500e-02  2.780000e+06  4.191600e-02  2.800000e+06  3.943000e-02
  2.820000e+06  3.881700e-02  2.840000e+06  3.904300e-02  2.860000e+06  3.909900e-02
  2.880000e+06  3.858100e-02  2.900000e+06  3.769500e-02  2.920000e+06  3.666800e-02
  2.940000e+06  3.564600e-02  2.960000e+06  3.469900e-02  2.980000e+06  3.387900e-02
  3.000000e+06  3.319500e-02  3.020000e+06  3.264700e-02  3.040000e+06  3.223400e-02
  3.060000e+06  3.195400e-02  3.080000e+06  3.179500e-02  3.100000e+06  3.170100e-02
  3.120000e+06  3.160400e-02  3.140000e+06  3.143600e-02  3.160000e+06  3.113000e-02
  3.180000e+06  3.061800e-02  3.200000e+06  2.983800e-02  3.220000e+06  2.883800e-02
  3.240000e+06  2.777800e-02  3.260000e+06  2.682300e-02  3.280000e+06  2.613700e-02
  3.300000e+06  2.588600e-02  3.320000e+06  2.623500e-02  3.340000e+06  2.733900e-02
  3.360000e+06  2.917300e-02  3.380000e+06  3.152600e-02  3.400000e+06  3.418100e-02
  3.420000e+06  3.691800e-02  3.440000e+06  3.952600e-02  3.460000e+06  4.191600e-02
  3.480000e+06  4.412700e-02  3.500000e+06  4.620000e-02  3.520000e+06  4.817900e-02
  3.540000e+06  5.010700e-02  3.560000e+06  5.202600e-02  3.580000e+06  5.397700e-02
  3.600000e+06  5.598800e-02  3.620000e+06  5.808600e-02  3.640000e+06  6.029600e-02
  3.660000e+06  6.264400e-02  3.680000e+06  6.515900e-02  3.700000e+06  6.787200e-02
  3.720000e+06  7.080900e-02  3.740000e+06  7.396600e-02  3.760000e+06  7.729800e-02
  3.780000e+06  8.076000e-02  3.800000e+06  8.431400e-02  3.820000e+06  8.803100e-02
  3.840000e+06  9.209200e-02  3.860000e+06  9.668500e-02  3.880000e+06  1.020000e-01
  3.900000e+06  1.082500e-01  3.920000e+06  1.165200e-01  3.940000e+06  1.276800e-01
  3.960000e+06  1.380500e-01  3.980000e+06  1.355500e-01  4.000000e+06  1.217000e-01
  4.020000e+06  1.175500e-01  4.040000e+06  1.140500e-01  4.060000e+06  1.143500e-01
  4.080000e+06  1.189300e-01  4.100000e+06  1.246500e-01  4.120000e+06  1.265700e-01
  4.140000e+06  1.259800e-01  4.160000e+06  1.256400e-01  4.180000e+06  1.262800e-01
  4.200000e+06  1.266200e-01  4.220000e+06  1.256700e-01  4.240000e+06  1.240000e-01
  4.260000e+06  1.225800e-01  4.280000e+06  1.219700e-01  4.300000e+06  1.211900e-01
  4.320000e+06  1.189100e-01  4.340000e+06  1.151800e-01  4.360000e+06  1.114100e-01
  4.380000e+06  1.090500e-01  4.400000e+06  1.090400e-01  4.420000e+06  1.101200e-01
  4.440000e+06  1.105700e-01  4.460000e+06  1.096300e-01  4.480000e+06  1.076000e-01
  4.500000e+06  1.047700e-01  4.520000e+06  1.014600e-01  4.540000e+06  9.800300e-02
  4.560000e+06  9.465900e-02  4.580000e+06  9.155300e-02  4.600000e+06  8.876600e-02
  4.620000e+06  8.637800e-02  4.640000e+06  8.446800e-02  4.660000e+06  8.302900e-02
  4.680000e+06  8.196800e-02  4.700000e+06  8.119000e-02  4.720000e+06  8.059900e-02
  4.740000e+06  8.010100e-02  4.760000e+06  7.963600e-02  4.780000e+06  7.928900e-02
  4.800000e+06  7.917800e-02  4.820000e+06  7.927700e-02  4.840000e+06  7.941700e-02
  4.860000e+06  7.942500e-02  4.880000e+06  7.916500e-02  4.900000e+06  7.865700e-02
  4.920000e+06  7.795900e-02  4.940000e+06  7.712700e-02  4.960000e+06  7.621900e-02
  4.980000e+06  7.529400e-02  5.000000e+06  7.440800e-02  5.020000e+06  7.360700e-02
  5.040000e+06  7.288400e-02  5.060000e+06  7.221900e-02  5.080000e+06  7.159300e-02
  5.100000e+06  7.098600e-02  5.120000e+06  7.037900e-02  5.140000e+06  6.975100e-02
  5.160000e+06  6.908400e-02  5.180000e+06  6.836100e-02  5.200000e+06  6.758100e-02
  5.220000e+06  6.674500e-02  5.240000e+06  6.585700e-02  5.260000e+06  6.491700e-02
  5.280000e+06  6.392900e-02  5.300000e+06  6.289300e-02  5.320000e+06  6.181200e-02
  5.340000e+06  6.067500e-02  5.360000e+06  5.946400e-02  5.380000e+06  5.815500e-02
  5.400000e+06  5.672800e-02  5.420000e+06  5.517400e-02  5.440000e+06  5.353200e-02
  5.460000e+06  5.185200e-02  5.480000e+06  5.018500e-02  5.500000e+06  4.858200e-02
  5.520000e+06  4.709400e-02  5.540000e+06  4.577200e-02  5.560000e+06  4.466600e-02
  5.580000e+06  4.382500e-02  5.600000e+06  4.325000e-02  5.620000e+06  4.289300e-02
  5.640000e+06  4.270300e-02  5.660000e+06  4.263100e-02  5.680000e+06  4.262700e-02
  5.700000e+06  4.264000e-02  5.720000e+06  4.262100e-02  5.740000e+06  4.253000e-02
  5.760000e+06  4.237000e-02  5.780000e+06  4.215300e-02  5.800000e+06  4.189300e-02
  5.820000e+06  4.160200e-02  5.840000e+06  4.129200e-02  5.860000e+06  4.097800e-02
  5.880000e+06  4.067100e-02  5.900000e+06  4.038500e-02  5.920000e+06  4.012800e-02
  5.940000e+06  3.989000e-02  5.960000e+06  3.965800e-02  5.980000e+06  3.941800e-02
  6.000000e+06  3.915500e-02  6.020000e+06  3.885700e-02  6.040000e+06  3.850800e-02
  6.060000e+06  3.809500e-02  6.080000e+06  3.761000e-02  6.100000e+06  3.706500e-02
  6.120000e+06  3.647800e-02  6.140000e+06  3.586800e-02  6.160000e+06  3.525300e-02
  6.180000e+06  3.465100e-02  6.200000e+06  3.408000e-02  6.220000e+06  3.355900e-02
  6.240000e+06  3.310000e-02  6.260000e+06  3.269800e-02  6.280000e+06  3.234100e-02
  6.300000e+06  3.201800e-02  6.320000e+06  3.171900e-02  6.340000e+06  3.143100e-02
  6.360000e+06  3.114500e-02  6.380000e+06  3.084800e-02  6.400000e+06  3.053100e-02
  6.420000e+06  3.019200e-02  6.440000e+06  2.983700e-02  6.460000e+06  2.947500e-02
  6.480000e+06  2.911300e-02  6.500000e+06  2.875900e-02  6.520000e+06  2.842000e-02
  6.540000e+06  2.810500e-02  6.560000e+06  2.782000e-02  6.580000e+06  2.757400e-02
  6.600000e+06  2.736700e-02  6.620000e+06  2.719300e-02  6.640000e+06  2.704800e-02
  6.660000e+06  2.692400e-02  6.680000e+06  2.681600e-02  6.700000e+06  2.671900e-02
  6.720000e+06  2.662700e-02  6.740000e+06  2.653300e-02  6.760000e+06  2.643200e-02
  6.780000e+06  2.631800e-02  6.800000e+06  2.618600e-02  6.820000e+06  2.602900e-02
  6.840000e+06  2.584600e-02  6.860000e+06  2.564000e-02  6.880000e+06  2.541100e-02
  6.900000e+06  2.516300e-02  6.920000e+06  2.489900e-02  6.940000e+06  2.461900e-02
  6.960000e+06  2.432700e-02  6.980000e+06  2.402500e-02  7.000000e+06  2.371500e-02
  7.020000e+06  2.340000e-02  7.040000e+06  2.308100e-02  7.060000e+06  2.276100e-02
  7.080000e+06  2.244300e-02  7.100000e+06  2.212900e-02  7.120000e+06  2.182000e-02
  7.140000e+06  2.152000e-02  7.160000e+06  2.123000e-02  7.180000e+06  2.095400e-02
  7.200000e+06  2.069200e-02  7.220000e+06  2.045000e-02  7.240000e+06  2.023200e-02
  7.260000e+06  2.004400e-02  7.280000e+06  1.989000e-02  7.300000e+06  1.977600e-02
  7.320000e+06  1.970800e-02  7.340000e+06  1.969000e-02  7.360000e+06  1.972900e-02
  7.380000e+06  1.982800e-02  7.400000e+06  1.999400e-02  7.420000e+06  2.023100e-02
  7.440000e+06  2.054500e-02  7.460000e+06  2.094200e-02  7.480000e+06  2.142000e-02
  7.500000e+06  2.197400e-02  7.520000e+06  2.259900e-02  7.540000e+06  2.328900e-02
  7.560000e+06  2.403800e-02  7.580000e+06  2.484100e-02  7.600000e+06  2.569200e-02
  7.620000e+06  2.658400e-02  7.640000e+06  2.751400e-02  7.660000e+06  2.847600e-02
  7.680000e+06  2.946700e-02  7.700000e+06  3.048500e-02  7.720000e+06  3.152600e-02
  7.740000e+06  3.258700e-02  7.760000e+06  3.366700e-02  7.780000e+06  3.476100e-02
  7.800000e+06  3.586600e-02  7.820000e+06  3.698100e-02  7.840000e+06  3.810100e-02
  7.860000e+06  3.922400e-02  8.000000e+06  3.779800e-02  8.200000e+06  3.319400e-02
  8.400000e+06  3.414800e-02  8.600000e+06  3.300800e-02  8.800000e+06  3.085200e-02
  9.000000e+06  2.855200e-02  9.200000e+06  2.623200e-02  9.400000e+06  2.447400e-02
  9.600000e+06  2.330500e-02  9.800000e+06  2.250700e-02  1.000000e+07  2.202800e-02
  1.020000e+07  2.180600e-02  1.040000e+07  2.177100e-02  1.060000e+07  2.182700e-02
  1.080000e+07  2.189700e-02  1.100000e+07  2.192600e-02  1.120000e+07  2.186100e-02
  1.140000e+07  2.167400e-02  1.160000e+07  2.134000e-02  1.180000e+07  2.086500e-02
  1.200000e+07  2.027800e-02  1.220000e+07  1.960400e-02  1.240000e+07  1.887100e-02
  1.260000e+07  1.809600e-02  1.280000e+07  1.728600e-02  1.300000e+07  1.644800e-02
  1.320000e+07  1.558500e-02  1.340000e+07  1.468000e-02  1.360000e+07  1.376900e-02
  1.380000e+07  1.286000e-02  1.400000e+07  1.196000e-02  1.420000e+07  1.107900e-02
  1.440000e+07  1.022300e-02  1.460000e+07  9.400900e-03  1.480000e+07  8.620900e-03
  1.500000e+07  7.887400e-03
             1
             3
            51             0
       1262170             0           431
  1.000000e-05  0.000000e+00  1.500000e+06  0.000000e+00  1.520000e+06  2.587000e-03
  1.540000e+06  5.587000e-03  1.560000e+06  8.359000e-03  1.580000e+06  1.024100e-02
  1.600000e+06  1.181500e-02  1.620000e+06  1.364100e-02  1.640000e+06  1.643100e-02
  1.660000e+06  2.059000e-02  1.680000e+06  2.639500e-02  1.700000e+06  3.444900e-02
  1.720000e+06  4.421300e-02  1.740000e+06  5.590100e-02  1.760000e+06  7.790400e-02
  1.780000e+06  1.116000e-01  1.800000e+06  1.766400e-01  1.820000e+06  1.962800e-01
  1.840000e+06  2.299800e-01  1.860000e+06  2.507000e-01  1.880000e+06  2.625400e-01
  1.900000e+06  2.583600e-01  1.920000e+06  2.270300e-01  1.940000e+06  1.988800e-01
  1.960000e+06  1.791900e-01  1.980000e+06  1.636900e-01  2.000000e+06  1.507500e-01
  2.020000e+06  1.390700e-01  2.040000e+06  1.284900e-01  2.060000e+06  1.191800e-01
  2.080000e+06  1.112600e-01  2.100000e+06  1.046900e-01  2.120000e+06  9.921000e-02
  2.140000e+06  9.456800e-02  2.160000e+06  9.050500e-02  2.180000e+06  8.676400e-02
  2.200000e+06  8.308700e-02  2.220000e+06  7.928700e-02  2.240000e+06  7.545500e-02
  2.260000e+06  7.175300e-02  2.280000e+06  6.834100e-02  2.300000e+06  6.538200e-02
  2.320000e+06  6.303200e-02  2.340000e+06  6.131500e-02  2.360000e+06  6.012700e-02
  2.380000e+06  5.935800e-02  2.400000e+06  5.889800e-02  2.420000e+06  5.863600e-02
  2.440000e+06  5.846200e-02  2.460000e+06  5.834600e-02  2.480000e+06  6.008400e-02
  2.500000e+06  6.730300e-02  2.520000e+06  7.351700e-02  2.540000e+06  6.659800e-02
  2.560000e+06  6.993000e-02  2.580000e+06  7.856800e-02  2.600000e+06  7.749900e-02
  2.620000e+06  7.149300e-02  2.640000e+06  7.117100e-02  2.660000e+06  7.200100e-02
  2.680000e+06  7.202800e-02  2.700000e+06  6.705500e-02  2.720000e+06  6.473300e-02
  2.740000e+06  6.735200e-02  2.760000e+06  6.592900e-02  2.780000e+06  6.008400e-02
  2.800000e+06  5.679100e-02  2.820000e+06  5.634400e-02  2.840000e+06  5.726600e-02
  2.860000e+06  5.811400e-02  2.880000e+06  5.826200e-02  2.900000e+06  5.789600e-02
  2.920000e+06  5.723500e-02  2.940000e+06  5.651100e-02  2.960000e+06  5.596300e-02
  2.980000e+06  5.578400e-02  3.000000e+06  5.598300e-02  3.020000e+06  5.651900e-02
  3.040000e+06  5.735600e-02  3.060000e+06  5.845300e-02  3.080000e+06  5.977100e-02
  3.100000e+06  6.125900e-02  3.120000e+06  6.286900e-02  3.140000e+06  6.454800e-02
  3.160000e+06  6.624500e-02  3.180000e+06  6.791000e-02  3.200000e+06  6.949200e-02
  3.220000e+06  7.095400e-02  3.240000e+06  7.227200e-02  3.260000e+06  7.342400e-02
  3.280000e+06  7.438500e-02  3.300000e+06  7.513300e-02  3.320000e+06  7.564400e-02
  3.340000e+06  7.589600e-02  3.360000e+06  7.590400e-02  3.380000e+06  7.571700e-02
  3.400000e+06  7.538700e-02  3.420000e+06  7.496400e-02  3.440000e+06  7.450000e-02
  3.460000e+06  7.404300e-02  3.480000e+06  7.363900e-02  3.500000e+06  7.333400e-02
  3.520000e+06  7.317300e-02  3.540000e+06  7.320100e-02  3.560000e+06  7.346500e-02
  3.580000e+06  7.398900e-02  3.600000e+06  7.471400e-02  3.620000e+06  7.556300e-02
  3.640000e+06  7.645600e-02  3.660000e+06  7.732400e-02  3.680000e+06  7.829500e-02
  3.700000e+06  7.970200e-02  3.720000e+06  8.185800e-02  3.740000e+06  8.447600e-02
  3.760000e+06  8.667200e-02  3.780000e+06  8.753600e-02  3.800000e+06  8.622300e-02
  3.820000e+06  8.340900e-02  3.840000e+06  8.129200e-02  3.860000e+06  8.213400e-02
  3.880000e+06  8.819900e-02  3.900000e+06  1.017800e-01  3.920000e+06  1.258600e-01
  3.940000e+06  1.628500e-01  3.960000e+06  2.094300e-01  3.980000e+06  2.442200e-01
  4.000000e+06  2.487700e-01  4.020000e+06  2.252200e-01  4.040000e+06  1.930000e-01
  4.060000e+06  1.710100e-01  4.080000e+06  1.544500e-01  4.100000e+06  1.453400e-01
  4.120000e+06  1.449200e-01  4.140000e+06  1.501700e-01  4.160000e+06  1.570600e-01
  4.180000e+06  1.631800e-01  4.200000e+06  1.677500e-01  4.220000e+06  1.706000e-01
  4.240000e+06  1.736200e-01  4.260000e+06  1.792600e-01  4.280000e+06  1.888800e-01
  4.300000e+06  1.995900e-01  4.320000e+06  2.075800e-01  4.340000e+06  2.122300e-01
  4.360000e+06  2.161500e-01  4.380000e+06  2.220400e-01  4.400000e+06  2.316800e-01
  4.420000e+06  2.429700e-01  4.440000e+06  2.529100e-01  4.460000e+06  2.601800e-01
  4.480000e+06  2.651700e-01  4.500000e+06  2.683100e-01  4.520000e+06  2.700500e-01
  4.540000e+06  2.708300e-01  4.560000e+06  2.710700e-01  4.580000e+06  2.710900e-01
  4.600000e+06  2.711900e-01  4.620000e+06  2.716700e-01  4.640000e+06  2.728300e-01
  4.660000e+06  2.747100e-01  4.680000e+06  2.771600e-01  4.700000e+06  2.800000e-01
  4.720000e+06  2.830500e-01  4.740000e+06  2.861400e-01  4.760000e+06  2.892100e-01
  4.780000e+06  2.927100e-01  4.800000e+06  2.971800e-01  4.820000e+06  3.026500e-01
  4.840000e+06  3.085900e-01  4.860000e+06  3.144700e-01  4.880000e+06  3.198500e-01
  4.900000e+06  3.246300e-01  4.920000e+06  3.288000e-01  4.940000e+06  3.323500e-01
  4.960000e+06  3.352700e-01  4.980000e+06  3.375500e-01  5.000000e+06  3.391800e-01
  5.020000e+06  3.401900e-01  5.040000e+06  3.407600e-01  5.060000e+06  3.411100e-01
  5.080000e+06  3.414500e-01  5.100000e+06  3.420100e-01  5.120000e+06  3.430000e-01
  5.140000e+06  3.446400e-01  5.160000e+06  3.471500e-01  5.180000e+06  3.506500e-01
  5.200000e+06  3.548700e-01  5.220000e+06  3.594200e-01  5.240000e+06  3.639500e-01
  5.260000e+06  3.680700e-01  5.280000e+06  3.714100e-01  5.300000e+06  3.736000e-01
  5.320000e+06  3.742900e-01  5.340000e+06  3.734600e-01  5.360000e+06  3.714800e-01
  5.380000e+06  3.687100e-01  5.400000e+06  3.655200e-01  5.420000e+06  3.622500e-01
  5.440000e+06  3.590500e-01  5.460000e+06  3.560600e-01  5.480000e+06  3.534000e-01
  5.500000e+06  3.512000e-01  5.520000e+06  3.495800e-01  5.540000e+06  3.486700e-01
  5.560000e+06  3.486000e-01  5.580000e+06  3.494700e-01  5.600000e+06  3.511300e-01
  5.620000e+06  3.531200e-01  5.640000e+06  3.570100e-01  5.660000e+06  3.763300e-01
  5.680000e+06  3.866200e-01  5.700000e+06  4.005300e-01  5.720000e+06  3.899000e-01
  5.740000e+06  3.770000e-01  5.760000e+06  3.622000e-01  5.780000e+06  3.458000e-01
  5.800000e+06  3.281500e-01  5.820000e+06  3.097800e-01  5.840000e+06  2.985600e-01
  5.860000e+06  2.873900e-01  5.880000e+06  2.766600e-01  5.900000e+06  2.667900e-01
  5.920000e+06  2.580800e-01  5.940000e+06  2.504400e-01  5.960000e+06  2.437100e-01
  5.980000e+06  2.376900e-01  6.000000e+06  2.322200e-01  6.020000e+06  2.271100e-01
  6.040000e+06  2.221800e-01  6.060000e+06  2.172500e-01  6.080000e+06  2.121900e-01
  6.100000e+06  2.070500e-01  6.120000e+06  2.019100e-01  6.140000e+06  1.968700e-01
  6.160000e+06  1.920200e-01  6.180000e+06  1.874600e-01  6.200000e+06  1.832700e-01
  6.220000e+06  1.795400e-01  6.240000e+06  1.763400e-01  6.260000e+06  1.736100e-01
  6.280000e+06  1.712600e-01  6.300000e+06  1.691900e-01  6.320000e+06  1.673300e-01
  6.340000e+06  1.655700e-01  6.360000e+06  1.638300e-01  6.380000e+06  1.620300e-01
  6.400000e+06  1.600600e-01  6.420000e+06  1.579300e-01  6.440000e+06  1.556600e-01
  6.460000e+06  1.533100e-01  6.480000e+06  1.509400e-01  6.500000e+06  1.485800e-01
  6.520000e+06  1.462900e-01  6.540000e+06  1.441300e-01  6.560000e+06  1.421300e-01
  6.580000e+06  1.403500e-01  6.600000e+06  1.388000e-01  6.620000e+06  1.374700e-01
  6.640000e+06  1.363200e-01  6.660000e+06  1.353500e-01  6.680000e+06  1.345300e-01
  6.700000e+06  1.338300e-01  6.720000e+06  1.332400e-01  6.740000e+06  1.327400e-01
  6.760000e+06  1.323000e-01  6.780000e+06  1.319100e-01  6.800000e+06  1.315300e-01
  6.820000e+06  1.311600e-01  6.840000e+06  1.307800e-01  6.860000e+06  1.303900e-01
  6.880000e+06  1.299800e-01  6.900000e+06  1.295400e-01  6.920000e+06  1.290800e-01
  6.940000e+06  1.285900e-01  6.960000e+06  1.280700e-01  6.980000e+06  1.275100e-01
  7.000000e+06  1.264300e-01  7.020000e+06  1.237800e-01  7.040000e+06  1.211800e-01
  7.060000e+06  1.186600e-01  7.080000e+06  1.162400e-01  7.100000e+06  1.139400e-01
  7.120000e+06  1.117800e-01  7.140000e+06  1.097700e-01  7.160000e+06  1.079600e-01
  7.180000e+06  1.063400e-01  7.200000e+06  1.049500e-01  7.220000e+06  1.039600e-01
  7.240000e+06  1.032000e-01  7.260000e+06  1.026500e-01  7.280000e+06  1.023300e-01
  7.300000e+06  1.022100e-01  7.320000e+06  1.023100e-01  7.340000e+06  1.026100e-01
  7.360000e+06  1.031100e-01  7.380000e+06  1.037900e-01  7.400000e+06  1.046800e-01
  7.420000e+06  1.058400e-01  7.440000e+06  1.071900e-01  7.460000e+06  1.087100e-01
  7.480000e+06  1.103700e-01  7.500000e+06  1.120900e-01  7.520000e+06  1.138000e-01
  7.540000e+06  1.154100e-01  7.560000e+06  1.168600e-01  7.580000e+06  1.180900e-01
  7.600000e+06  1.190000e-01  7.620000e+06  1.188500e-01  7.640000e+06  1.182500e-01
  7.660000e+06  1.172000e-01  7.680000e+06  1.157500e-01  7.700000e+06  1.139600e-01
  7.720000e+06  1.118800e-01  7.740000e+06  1.095900e-01  7.760000e+06  1.071000e-01
  7.780000e+06  1.045000e-01  7.800000e+06  1.018200e-01  7.820000e+06  9.985300e-02
  7.840000e+06  9.788100e-02  7.860000e+06  9.594600e-02  8.000000e+06  9.160400e-02
  8.020000e+06  9.005400e-02  8.040000e+06  8.850200e-02  8.060000e+06  8.695400e-02
  8.080000e+06  8.541400e-02  8.100000e+06  8.388300e-02  8.120000e+06  8.236600e-02
  8.140000e+06  8.086400e-02  8.160000e+06  7.937900e-02  8.180000e+06  7.791300e-02
  8.200000e+06  7.646800e-02  8.220000e+06  7.518600e-02  8.240000e+06  7.392600e-02
  8.260000e+06  7.268800e-02  8.280000e+06  7.147300e-02  8.300000e+06  7.028100e-02
  8.320000e+06  6.911400e-02  8.340000e+06  6.797000e-02  8.360000e+06  6.685200e-02
  8.380000e+06  6.575800e-02  8.400000e+06  6.469100e-02  8.420000e+06  6.597500e-02
  8.440000e+06  6.728800e-02  8.460000e+06  6.863200e-02  8.480000e+06  7.001000e-02
  8.500000e+06  7.142500e-02  8.520000e+06  7.288100e-02  8.540000e+06  7.438000e-02
  8.560000e+06  7.592600e-02  8.580000e+06  7.752000e-02  8.600000e+06  7.916500e-02
  8.620000e+06  8.112900e-02  8.640000e+06  8.314700e-02  8.660000e+06  8.522100e-02
  8.680000e+06  8.734800e-02  8.700000e+06  8.952800e-02  8.720000e+06  9.175500e-02
  8.740000e+06  9.402400e-02  8.760000e+06  9.632900e-02  8.780000e+06  9.866100e-02
  8.800000e+06  1.010100e-01  8.820000e+06  1.028400e-01  8.840000e+06  1.046500e-01
  8.860000e+06  1.064500e-01  8.880000e+06  1.082100e-01  8.900000e+06  1.099200e-01
  8.920000e+06  1.115800e-01  8.940000e+06  1.131700e-01  8.960000e+06  1.146900e-01
  8.980000e+06  1.161300e-01  9.000000e+06  1.174900e-01  9.020000e+06  1.172800e-01
  9.040000e+06  1.169700e-01  9.060000e+06  1.165900e-01  9.080000e+06  1.161200e-01
  9.100000e+06  1.155900e-01  9.120000e+06  1.149900e-01  9.140000e+06  1.143300e-01
  9.160000e+06  1.136100e-01  9.180000e+06  1.128600e-01  9.200000e+06  1.120600e-01
  9.220000e+06  1.098000e-01  9.240000e+06  1.075400e-01  9.260000e+06  1.052600e-01
  9.280000e+06  1.030000e-01  9.300000e+06  1.007400e-01  9.320000e+06  9.849400e-02
  9.340000e+06  9.626700e-02  9.360000e+06  9.406000e-02  9.380000e+06  9.187700e-02
  9.400000e+06  8.971800e-02  9.420000e+06  8.779500e-02  9.440000e+06  8.589600e-02
  9.460000e+06  8.402300e-02  9.480000e+06  8.217700e-02  9.500000e+06  8.035700e-02
  9.520000e+06  7.856400e-02  9.540000e+06  7.679800e-02  9.560000e+06  7.505700e-02
  9.580000e+06  7.334200e-02  9.600000e+06  7.165200e-02  9.620000e+06  7.026200e-02
  9.640000e+06  6.889400e-02  9.660000e+06  6.754600e-02  9.680000e+06  6.621800e-02
  9.700000e+06  6.490900e-02  9.720000e+06  6.361800e-02  9.740000e+06  6.234400e-02
  9.760000e+06  6.108700e-02  9.780000e+06  5.984600e-02  9.800000e+06  5.862000e-02
  9.820000e+06  5.757900e-02  9.840000e+06  5.655100e-02  9.860000e+06  5.553500e-02
  9.880000e+06  5.453000e-02  9.900000e+06  5.353700e-02  9.920000e+06  5.255500e-02
  9.940000e+06  5.158200e-02  9.960000e+06  5.061800e-02  9.980000e+06  4.966400e-02
  1.000000e+07  4.871800e-02  1.050000e+07  4.373000e-02  1.100000e+07  4.040000e-02
  1.150000e+07  3.197000e-02  1.200000e+07  2.370000e-02  1.250000e+07  1.742000e-02
  1.300000e+07  1.511000e-02  1.350000e+07  1.650000e-02  1.400000e+07  1.740000e-02
  1.450000e+07  1.541000e-02  1.500000e+07  1.345000e-02
             1
             3
            52             0
      -1952830             0           199
  2.820150e+06  0.000000e+00  2.894000e+06  1.791500e-03  2.932000e+06  2.221600e-03
  2.970000e+06  2.714400e-03  3.008000e+06  3.267000e-03  3.046000e+06  3.871500e-03
  3.084000e+06  4.515300e-03  3.122000e+06  5.180300e-03  3.160000e+06  5.844800e-03
  3.198000e+06  6.484900e-03  3.236000e+06  7.077200e-03  3.274000e+06  7.601300e-03
  3.312000e+06  8.042100e-03  3.350000e+06  8.390700e-03  3.388000e+06  8.644800e-03
  3.426000e+06  8.807100e-03  3.464000e+06  8.885100e-03  3.502000e+06  8.888100e-03
  3.540000e+06  8.826800e-03  3.578000e+06  8.712000e-03  3.616000e+06  8.553700e-03
  3.654000e+06  8.361400e-03  3.692000e+06  8.145600e-03  3.730000e+06  7.921200e-03
  3.768000e+06  7.715900e-03  3.806000e+06  7.591700e-03  3.844000e+06  7.701300e-03
  3.882000e+06  8.453300e-03  3.920000e+06  1.109500e-02  3.958000e+06  2.012700e-02
  3.996000e+06  3.534700e-02  4.034000e+06  3.611800e-02  4.072000e+06  4.255400e-02
  4.110000e+06  4.687700e-02  4.148000e+06  4.750700e-02  4.186000e+06  4.654900e-02
  4.224000e+06  4.537300e-02  4.262000e+06  4.444800e-02  4.300000e+06  4.386300e-02
  4.338000e+06  4.359900e-02  4.376000e+06  4.360500e-02  4.414000e+06  4.381900e-02
  4.452000e+06  4.415200e-02  4.490000e+06  4.449200e-02  4.528000e+06  4.476200e-02
  4.566000e+06  4.496700e-02  4.604000e+06  4.519400e-02  4.642000e+06  4.555000e-02
  4.680000e+06  4.612300e-02  4.718000e+06  4.697600e-02  4.756000e+06  4.815100e-02
  4.794000e+06  4.964600e-02  4.832000e+06  5.135700e-02  4.870000e+06  5.307500e-02
  4.908000e+06  5.455900e-02  4.946000e+06  5.564300e-02  4.984000e+06  5.625600e-02
  5.022000e+06  5.638400e-02  5.060000e+06  5.603600e-02  5.098000e+06  5.523900e-02
  5.136000e+06  5.404700e-02  5.174000e+06  5.254000e-02  5.212000e+06  5.081400e-02
  5.250000e+06  4.896200e-02  5.288000e+06  4.706300e-02  5.326000e+06  4.518000e-02
  5.364000e+06  4.336000e-02  5.402000e+06  4.163800e-02  5.440000e+06  4.004500e-02
  5.478000e+06  3.861600e-02  5.516000e+06  3.740700e-02  5.554000e+06  3.651700e-02
  5.592000e+06  3.610500e-02  5.630000e+06  3.635800e-02  5.668000e+06  3.727900e-02
  5.706000e+06  3.839100e-02  5.744000e+06  3.902100e-02  5.782000e+06  3.901400e-02
  5.820000e+06  3.866800e-02  5.858000e+06  3.826800e-02  5.896000e+06  3.792700e-02
  5.934000e+06  3.762900e-02  5.972000e+06  3.730500e-02  6.010000e+06  3.689800e-02
  6.048000e+06  3.639600e-02  6.086000e+06  3.582700e-02  6.124000e+06  3.523400e-02
  6.162000e+06  3.465300e-02  6.200000e+06  3.410800e-02  6.238000e+06  3.360700e-02
  6.276000e+06  3.315300e-02  6.314000e+06  3.274300e-02  6.352000e+06  3.237500e-02
  6.390000e+06  3.204300e-02  6.428000e+06  3.174400e-02  6.466000e+06  3.147600e-02
  6.504000e+06  3.123500e-02  6.542000e+06  3.102000e-02  6.580000e+06  3.083000e-02
  6.618000e+06  3.066200e-02  6.656000e+06  3.051600e-02  6.694000e+06  3.039200e-02
  6.732000e+06  3.028800e-02  6.770000e+06  3.020500e-02  6.808000e+06  3.014100e-02
  6.846000e+06  3.009600e-02  6.884000e+06  3.007000e-02  6.922000e+06  3.006100e-02
  6.960000e+06  3.007100e-02  6.998000e+06  3.009700e-02  7.036000e+06  3.014000e-02
  7.074000e+06  3.019800e-02  7.112000e+06  3.027200e-02  7.150000e+06  3.036000e-02
  7.188000e+06  3.046100e-02  7.226000e+06  3.057600e-02  7.264000e+06  3.070200e-02
  7.302000e+06  3.084000e-02  7.340000e+06  3.098800e-02  7.378000e+06  3.114500e-02
  7.416000e+06  3.131100e-02  7.454000e+06  3.148400e-02  7.492000e+06  3.166500e-02
  7.530000e+06  3.185200e-02  7.568000e+06  3.204500e-02  7.606000e+06  3.224300e-02
  7.644000e+06  3.244500e-02  7.682000e+06  3.265100e-02  7.720000e+06  3.286000e-02
  7.758000e+06  3.307200e-02  7.796000e+06  3.328600e-02  7.834000e+06  3.350200e-02
  7.872000e+06  3.372000e-02  7.910000e+06  3.393900e-02  7.948000e+06  3.415900e-02
  7.986000e+06  3.438000e-02  8.024000e+06  3.460200e-02  8.062000e+06  3.482400e-02
  8.100000e+06  3.504700e-02  8.138000e+06  3.527100e-02  8.176000e+06  3.549600e-02
  8.214000e+06  3.572100e-02  8.252000e+06  3.594700e-02  8.290000e+06  3.617500e-02
  8.328000e+06  3.640300e-02  8.366000e+06  3.663300e-02  8.404000e+06  3.686500e-02
  8.442000e+06  3.709700e-02  8.480000e+06  3.733200e-02  8.518000e+06  3.756700e-02
  8.556000e+06  3.780400e-02  8.594000e+06  3.804200e-02  8.632000e+06  3.828000e-02
  8.670000e+06  3.851800e-02  8.708000e+06  3.875500e-02  8.746000e+06  3.899100e-02
  8.784000e+06  3.922300e-02  8.822000e+06  3.945200e-02  8.860000e+06  3.967400e-02
  8.898000e+06  3.989000e-02  8.936000e+06  4.009600e-02  8.974000e+06  4.029100e-02
  9.012000e+06  4.047300e-02  9.050000e+06  4.064000e-02  9.088000e+06  4.078900e-02
  9.126000e+06  4.092000e-02  9.164000e+06  4.103000e-02  9.202000e+06  4.111800e-02
  9.240000e+06  4.118200e-02  9.278000e+06  4.122200e-02  9.316000e+06  4.123700e-02
  9.354000e+06  4.122700e-02  9.392000e+06  4.119200e-02  9.430000e+06  4.113300e-02
  9.468000e+06  4.105100e-02  9.506000e+06  4.094600e-02  9.544000e+06  4.082200e-02
  9.582000e+06  4.067800e-02  9.620000e+06  4.051700e-02  9.658000e+06  4.034200e-02
  9.696000e+06  4.015300e-02  9.734000e+06  3.995300e-02  9.772000e+06  3.974400e-02
  9.810000e+06  3.952700e-02  9.848000e+06  3.930400e-02  9.886000e+06  3.907600e-02
  9.924000e+06  3.884600e-02  9.962000e+06  3.861300e-02  1.000000e+07  3.837900e-02
  1.050000e+07  3.546400e-02  1.100000e+07  3.304300e-02  1.150000e+07  3.099200e-02
  1.200000e+07  2.919000e-02  1.250000e+07  2.758400e-02  1.300000e+07  2.614600e-02
  1.350000e+07  2.486000e-02  1.400000e+07  2.371000e-02  1.450000e+07  2.268000e-02
  1.500000e+07  2.175700e-02
             1
             3
            91             0
      -3939830             0           125
  5.689640e+06  0.000000e+00  5.706000e+06  1.803700e-02  5.744000e+06  3.231500e-02
  5.782000e+06  4.697300e-02  5.820000e+06  6.312000e-02  5.858000e+06  6.573600e-02
  5.896000e+06  6.774500e-02  5.934000e+06  6.905900e-02  5.972000e+06  6.979100e-02
  6.010000e+06  7.002600e-02  6.048000e+06  6.978100e-02  6.086000e+06  6.930100e-02
  6.124000e+06  6.877000e-02  6.162000e+06  6.842100e-02  6.200000e+06  6.853200e-02
  6.238000e+06  6.880300e-02  6.276000e+06  6.970500e-02  6.314000e+06  7.079300e-02
  6.352000e+06  7.158200e-02  6.390000e+06  7.158200e-02  6.428000e+06  7.259400e-02
  6.466000e+06  7.336000e-02  6.504000e+06  7.335400e-02  6.542000e+06  7.285700e-02
  6.580000e+06  7.210600e-02  6.618000e+06  7.098000e-02  6.656000e+06  6.932100e-02
  6.694000e+06  6.726200e-02  6.732000e+06  6.463900e-02  6.770000e+06  6.131000e-02
  6.808000e+06  5.763000e-02  6.846000e+06  5.491400e-02  6.884000e+06  5.143100e-02
  6.922000e+06  4.741800e-02  6.960000e+06  4.315200e-02  6.998000e+06  3.930100e-02
  7.036000e+06  3.718100e-02  7.074000e+06  3.520700e-02  7.112000e+06  3.339200e-02
  7.150000e+06  3.183500e-02  7.188000e+06  3.062200e-02  7.226000e+06  2.989800e-02
  7.264000e+06  2.965300e-02  7.302000e+06  2.984700e-02  7.340000e+06  3.046200e-02
  7.378000e+06  3.154500e-02  7.416000e+06  3.312500e-02  7.454000e+06  3.525300e-02
  7.492000e+06  3.771700e-02  7.530000e+06  4.025400e-02  7.568000e+06  4.255400e-02
  7.606000e+06  4.453000e-02  7.644000e+06  4.699900e-02  7.682000e+06  4.842200e-02
  7.720000e+06  4.892400e-02  7.758000e+06  4.867200e-02  7.796000e+06  4.789300e-02
  7.834000e+06  4.585700e-02  7.872000e+06  4.322000e-02  7.910000e+06  3.958000e-02
  7.948000e+06  3.594000e-02  7.986000e+06  3.229800e-02  8.024000e+06  3.010800e-02
  8.062000e+06  2.876200e-02  8.100000e+06  2.738900e-02  8.138000e+06  2.596700e-02
  8.176000e+06  2.448300e-02  8.214000e+06  2.300500e-02  8.252000e+06  2.158400e-02
  8.290000e+06  2.008000e-02  8.328000e+06  1.849000e-02  8.366000e+06  1.681000e-02
  8.404000e+06  1.541200e-02  8.442000e+06  1.710000e-02  8.480000e+06  1.867200e-02
  8.518000e+06  2.010600e-02  8.556000e+06  2.138300e-02  8.594000e+06  2.248500e-02
  8.632000e+06  2.372300e-02  8.670000e+06  2.482500e-02  8.708000e+06  2.573900e-02
  8.746000e+06  2.649100e-02  8.784000e+06  2.712900e-02  8.822000e+06  2.733500e-02
  8.860000e+06  2.731100e-02  8.898000e+06  2.742300e-02  8.936000e+06  2.774100e-02
  8.974000e+06  2.832700e-02  9.012000e+06  2.868900e-02  9.050000e+06  2.824300e-02
  9.088000e+06  2.810300e-02  9.126000e+06  2.822600e-02  9.164000e+06  2.858500e-02
  9.202000e+06  2.902600e-02  9.240000e+06  2.793000e-02  9.278000e+06  2.687800e-02
  9.316000e+06  2.581900e-02  9.354000e+06  2.472400e-02  9.392000e+06  2.357400e-02
  9.430000e+06  2.258300e-02  9.468000e+06  2.158400e-02  9.506000e+06  2.051200e-02
  9.544000e+06  1.936400e-02  9.582000e+06  1.814300e-02  9.620000e+06  1.707800e-02
  9.658000e+06  1.615100e-02  9.696000e+06  1.516800e-02  9.734000e+06  1.413000e-02
  9.772000e+06  1.304000e-02  9.810000e+06  1.197800e-02  9.848000e+06  1.108300e-02
  9.886000e+06  1.015100e-02  9.924000e+06  9.180600e-03  9.962000e+06  8.178900e-03
  1.000000e+07  7.145000e-03  1.050000e+07  1.290200e-02  1.100000e+07  1.937100e-02
  1.150000e+07  1.770100e-02  1.200000e+07  1.072200e-02  1.250000e+07  5.722500e-03
  1.300000e+07  5.386000e-03  1.350000e+07  1.216500e-02  1.400000e+07  1.886000e-02
  1.450000e+07  1.872300e-02  1.500000e+07  2.048200e-02
