             1
             3
             4             0
       1058890             0           157
  1.000000e-05  0.000000e+00  1.000000e+06  0.000000e+00  1.040000e+06  1.189500e-06
  1.080000e+06  1.952100e-06  1.120000e+06  3.199900e-06  1.160000e+06  5.269900e-06
  1.200000e+06  8.776500e-06  1.240000e+06  1.491400e-05  1.280000e+06  2.616700e-05
  1.320000e+06  4.825500e-05  1.360000e+06  9.622600e-05  1.400000e+06  2.182600e-04
  1.440000e+06  6.214600e-04  1.480000e+06  2.563900e-03  1.520000e+06  4.527800e-03
  1.560000e+06  1.559100e-03  1.600000e+06  7.412200e-04  1.640000e+06  4.662700e-04
  1.680000e+06  3.450900e-04  1.720000e+06  2.836900e-04  1.760000e+06  2.514400e-04
  1.800000e+06  2.363700e-04  1.828210e+06  2.341696e-04  1.840000e+06  2.333811e-04
  1.880000e+06  2.403660e-04  1.920000e+06  2.588500e-04  1.960000e+06  2.912900e-04
  2.000000e+06  3.430200e-04  2.040000e+06  4.220900e-04  2.080000e+06  5.485300e-04
  2.120000e+06  7.749500e-04  2.160000e+06  1.671000e-03  2.200000e+06  1.339600e-03
  2.240000e+06  1.373100e-03  2.280000e+06  1.356900e-03  2.320000e+06  1.162100e-03
  2.360000e+06  9.407600e-04  2.400000e+06  7.761380e-04  2.440000e+06  6.768310e-04
  2.480000e+06  6.272290e-04  2.520000e+06  5.985180e-04  2.560000e+06  6.363770e-04
  2.600000e+06  7.182280e-04  2.640000e+06  8.565820e-04  2.680000e+06  1.074727e-03
  2.720000e+06  1.408221e-03  2.760000e+06  1.893174e-03  2.800000e+06  2.514410e-03
  2.840000e+06  3.164680e-03  2.880000e+06  3.828580e-03  2.920000e+06  4.716510e-03
  2.960000e+06  5.705530e-03  3.000000e+06  1.178132e-02  3.040000e+06  1.011864e-02
  3.080000e+06  8.169520e-03  3.120000e+06  6.826880e-03  3.160000e+06  6.084120e-03
  3.200000e+06  5.774980e-03  3.240000e+06  5.775610e-03  3.280000e+06  6.012690e-03
  3.320000e+06  6.442090e-03  3.360000e+06  7.034040e-03  3.400000e+06  7.756470e-03
  3.432320e+06  8.410603e-03  3.440000e+06  8.568096e-03  3.480000e+06  9.413702e-03
  3.482710e+06  9.469223e-03  3.520000e+06  1.025158e-02  3.560000e+06  1.098705e-02
  3.600000e+06  1.152535e-02  3.640000e+06  1.170943e-02  3.680000e+06  1.180758e-02
  3.720000e+06  1.179906e-02  3.760000e+06  1.179612e-02  3.800000e+06  1.191779e-02
  3.840000e+06  1.228039e-02  3.880000e+06  1.297921e-02  3.920000e+06  1.405705e-02
  3.960000e+06  1.544020e-02  4.000000e+06  1.687700e-02  4.040000e+06  1.762470e-02
  4.080000e+06  1.788080e-02  4.120000e+06  1.788360e-02  4.160000e+06  1.801370e-02
  4.200000e+06  1.852440e-02  4.240000e+06  1.945120e-02  4.280000e+06  2.060500e-02
  4.320000e+06  2.161360e-02  4.360000e+06  2.205890e-02  4.400000e+06  2.172810e-02
  4.440000e+06  2.076620e-02  4.480000e+06  1.954360e-02  4.520000e+06  1.893740e-02
  4.560000e+06  1.910130e-02  4.600000e+06  1.946490e-02  4.640000e+06  1.984560e-02
  4.680000e+06  1.999990e-02  4.720000e+06  1.974370e-02  4.760000e+06  1.905310e-02
  4.800000e+06  1.803150e-02  4.840000e+06  1.684460e-02  4.880000e+06  1.564100e-02
  4.920000e+06  1.452170e-02  4.960000e+06  1.448970e-02  5.000000e+06  1.948320e-02
  5.200000e+06  2.468360e-02  5.400000e+06  2.524850e-02  5.600000e+06  2.545680e-02
  5.800000e+06  2.547040e-02  6.000000e+06  2.529940e-02  6.200000e+06  2.523990e-02
  6.400000e+06  2.512420e-02  6.600000e+06  2.522190e-02  6.800000e+06  2.554500e-02
  7.000000e+06  2.582000e-02  7.200000e+06  2.561820e-02  7.400000e+06  2.534140e-02
  7.425790e+06  2.529896e-02  7.600000e+06  2.501230e-02  7.800000e+06  2.460513e-02
  8.000000e+06  2.406062e-02  8.155050e+06  2.357346e-02  8.200000e+06  2.343225e-02
  8.400000e+06  2.272190e-02  8.600000e+06  2.214421e-02  8.800000e+06  2.176659e-02
  9.000000e+06  2.152941e-02  9.200000e+06  2.128314e-02  9.400000e+06  2.119547e-02
  9.600000e+06  2.121465e-02  9.800000e+06  2.127621e-02  1.000000e+07  2.130064e-02
  1.020000e+07  2.125460e-02  1.040000e+07  2.107987e-02  1.060000e+07  2.076493e-02
  1.080000e+07  2.027988e-02  1.100000e+07  1.958934e-02  1.120000e+07  1.880127e-02
  1.140000e+07  1.785962e-02  1.160000e+07  1.680680e-02  1.180000e+07  1.574180e-02
  1.200000e+07  1.480009e-02  1.220000e+07  1.406089e-02  1.240000e+07  1.350414e-02
  1.260000e+07  1.310236e-02  1.280000e+07  1.282667e-02  1.300000e+07  1.265016e-02
  1.320000e+07  1.255264e-02  1.340000e+07  1.252137e-02  1.360000e+07  1.257183e-02
  1.380000e+07  1.269884e-02  1.400000e+07  1.288007e-02  1.420000e+07  1.306700e-02
  1.440000e+07  1.328230e-02  1.460000e+07  1.350659e-02  1.480000e+07  1.371888e-02
  1.500000e+07  1.390014e-02
             1
             3
            50             0
       1058890             0           152
  1.000000e-05  0.000000e+00  1.000000e+06  0.000000e+00  1.040000e+06  1.189500e-06
  1.080000e+06  1.952100e-06  1.120000e+06  3.199900e-06  1.160000e+06  5.269900e-06
  1.200000e+06  8.776500e-06  1.240000e+06  1.491400e-05  1.280000e+06  2.616700e-05
  1.320000e+06  4.825500e-05  1.360000e+06  9.622600e-05  1.400000e+06  2.182600e-04
  1.440000e+06  6.214600e-04  1.480000e+06  2.563900e-03  1.520000e+06  4.527800e-03
  1.560000e+06  1.559100e-03  1.600000e+06  7.412200e-04  1.640000e+06  4.662700e-04
  1.680000e+06  3.450900e-04  1.720000e+06  2.836900e-04  1.760000e+06  2.514400e-04
  1.800000e+06  2.363700e-04  1.840000e+06  2.332500e-04  1.880000e+06  2.397900e-04
  1.920000e+06  2.571700e-04  1.960000e+06  2.876500e-04  2.000000e+06  3.360400e-04
  2.040000e+06  4.114700e-04  2.080000e+06  5.321100e-04  2.120000e+06  7.480400e-04
  2.160000e+06  1.605000e-03  2.200000e+06  1.280200e-03  2.240000e+06  1.305700e-03
  2.280000e+06  1.283800e-03  2.320000e+06  1.093900e-03  2.360000e+06  8.810500e-04
  2.400000e+06  7.231600e-04  2.440000e+06  6.274700e-04  2.480000e+06  5.825900e-04
  2.520000e+06  5.793400e-04  2.560000e+06  6.147100e-04  2.600000e+06  6.924400e-04
  2.640000e+06  8.243700e-04  2.680000e+06  1.032700e-03  2.720000e+06  1.351200e-03
  2.760000e+06  1.814300e-03  2.800000e+06  2.407200e-03  2.840000e+06  3.027300e-03
  2.880000e+06  3.660300e-03  2.920000e+06  4.507700e-03  2.960000e+06  5.452500e-03
  3.000000e+06  1.126100e-02  3.040000e+06  9.669400e-03  3.080000e+06  7.806600e-03
  3.120000e+06  6.525000e-03  3.160000e+06  5.817700e-03  3.200000e+06  5.526000e-03
  3.240000e+06  5.532000e-03  3.280000e+06  5.766300e-03  3.320000e+06  6.187600e-03
  3.360000e+06  6.768500e-03  3.400000e+06  7.479800e-03  3.440000e+06  8.280900e-03
  3.480000e+06  9.113600e-03  3.520000e+06  9.815300e-03  3.560000e+06  1.028400e-02
  3.600000e+06  1.054200e-02  3.640000e+06  1.058000e-02  3.680000e+06  1.043900e-02
  3.720000e+06  1.020000e-02  3.760000e+06  9.964900e-03  3.800000e+06  9.831400e-03
  3.840000e+06  9.885500e-03  3.880000e+06  1.018700e-02  3.920000e+06  1.074900e-02
  3.960000e+06  1.149300e-02  4.000000e+06  1.221700e-02  4.040000e+06  1.267800e-02
  4.080000e+06  1.280000e-02  4.120000e+06  1.275900e-02  4.160000e+06  1.282900e-02
  4.200000e+06  1.319000e-02  4.240000e+06  1.387100e-02  4.280000e+06  1.473900e-02
  4.320000e+06  1.553200e-02  4.360000e+06  1.594900e-02  4.400000e+06  1.582700e-02
  4.440000e+06  1.525700e-02  4.480000e+06  1.449600e-02  4.520000e+06  1.378200e-02
  4.560000e+06  1.321700e-02  4.600000e+06  1.275800e-02  4.640000e+06  1.227100e-02
  4.680000e+06  1.160900e-02  4.720000e+06  1.069900e-02  4.760000e+06  9.577100e-03
  4.800000e+06  8.342100e-03  4.840000e+06  7.106300e-03  4.880000e+06  5.948700e-03
  4.920000e+06  4.908200e-03  4.960000e+06  4.272000e-03  5.000000e+06  4.887000e-03
  5.200000e+06  6.758600e-03  5.400000e+06  7.530700e-03  5.600000e+06  8.216200e-03
  5.800000e+06  8.836300e-03  6.000000e+06  9.418000e-03  6.200000e+06  9.989500e-03
  6.400000e+06  1.055500e-02  6.600000e+06  1.111100e-02  6.800000e+06  1.165600e-02
  7.000000e+06  1.218700e-02  7.200000e+06  1.269900e-02  7.400000e+06  1.317800e-02
  7.600000e+06  1.357700e-02  7.800000e+06  1.387400e-02  8.000000e+06  1.408400e-02
  8.200000e+06  1.419300e-02  8.400000e+06  1.423200e-02  8.600000e+06  1.424900e-02
  8.800000e+06  1.429400e-02  9.000000e+06  1.442200e-02  9.200000e+06  1.467700e-02
  9.400000e+06  1.503900e-02  9.600000e+06  1.546900e-02  9.800000e+06  1.592400e-02
  1.000000e+07  1.635600e-02  1.020000e+07  1.577700e-02  1.040000e+07  1.510500e-02
  1.060000e+07  1.433300e-02  1.080000e+07  1.345400e-02  1.100000e+07  1.246800e-02
  1.120000e+07  1.138700e-02  1.140000e+07  1.027100e-02  1.160000e+07  9.179200e-03
  1.180000e+07  8.164500e-03  1.200000e+07  7.267900e-03  1.220000e+07  6.511400e-03
  1.240000e+07  5.875100e-03  1.260000e+07  5.332700e-03  1.280000e+07  4.860300e-03
  1.300000e+07  4.437700e-03  1.320000e+07  4.048700e-03  1.340000e+07  3.684500e-03
  1.360000e+07  3.338400e-03  1.380000e+07  3.003800e-03  1.400000e+07  2.675300e-03
  1.420000e+07  2.346900e-03  1.440000e+07  2.012100e-03  1.460000e+07  1.666100e-03
  1.480000e+07  1.306300e-03  1.500000e+07  9.322400e-04
             1
             3
            51             0
      -1306110             0           130
  1.828210e+06  0.000000e+00  1.880000e+06  5.760000e-07  1.920000e+06  1.680000e-06
  1.960000e+06  3.640000e-06  2.000000e+06  6.980000e-06  2.040000e+06  1.062000e-05
  2.080000e+06  1.642000e-05  2.120000e+06  2.691000e-05  2.160000e+06  6.600000e-05
  2.200000e+06  5.940000e-05  2.240000e+06  6.740000e-05  2.280000e+06  7.310000e-05
  2.320000e+06  6.820000e-05  2.360000e+06  5.971000e-05  2.400000e+06  5.297800e-05
  2.440000e+06  4.936100e-05  2.480000e+06  4.463900e-05  2.520000e+06  1.917800e-05
  2.560000e+06  2.166700e-05  2.600000e+06  2.578800e-05  2.640000e+06  3.221200e-05
  2.680000e+06  4.202700e-05  2.720000e+06  5.702100e-05  2.760000e+06  7.887400e-05
  2.800000e+06  1.072100e-04  2.840000e+06  1.373800e-04  2.880000e+06  1.682800e-04
  2.920000e+06  2.088100e-04  2.960000e+06  2.530300e-04  3.000000e+06  5.203200e-04
  3.040000e+06  4.492400e-04  3.080000e+06  3.629200e-04  3.120000e+06  3.018800e-04
  3.160000e+06  2.664200e-04  3.200000e+06  2.489800e-04  3.240000e+06  2.436100e-04
  3.280000e+06  2.463900e-04  3.320000e+06  2.544900e-04  3.360000e+06  2.655400e-04
  3.400000e+06  2.766700e-04  3.440000e+06  2.851400e-04  3.480000e+06  2.873400e-04
  3.520000e+06  3.944200e-04  3.560000e+06  6.307600e-04  3.600000e+06  8.806300e-04
  3.640000e+06  9.962800e-04  3.680000e+06  1.045900e-03  3.720000e+06  1.033500e-03
  3.760000e+06  9.676900e-04  3.800000e+06  8.565600e-04  3.840000e+06  9.689900e-04
  3.880000e+06  1.113200e-03  3.920000e+06  1.299200e-03  3.960000e+06  1.526800e-03
  4.000000e+06  1.774800e-03  4.040000e+06  1.863200e-03  4.080000e+06  1.892400e-03
  4.120000e+06  1.887200e-03  4.160000e+06  1.887500e-03  4.200000e+06  1.919600e-03
  4.240000e+06  1.990400e-03  4.280000e+06  2.073700e-03  4.320000e+06  2.130600e-03
  4.360000e+06  2.121100e-03  4.400000e+06  2.029900e-03  4.440000e+06  1.881800e-03
  4.480000e+06  1.711900e-03  4.520000e+06  1.736000e-03  4.560000e+06  1.967200e-03
  4.600000e+06  2.226000e-03  4.640000e+06  2.494600e-03  4.680000e+06  2.741900e-03
  4.720000e+06  2.932400e-03  4.760000e+06  3.047900e-03  4.800000e+06  3.091700e-03
  4.840000e+06  3.089700e-03  4.880000e+06  3.057600e-03  4.920000e+06  3.015400e-03
  4.960000e+06  3.186400e-03  5.000000e+06  4.525500e-03  5.200000e+06  5.415400e-03
  5.400000e+06  5.161800e-03  5.600000e+06  4.800600e-03  5.800000e+06  4.527100e-03
  6.000000e+06  4.213900e-03  6.200000e+06  3.900700e-03  6.400000e+06  3.633500e-03
  6.600000e+06  3.451000e-03  6.800000e+06  3.317900e-03  7.000000e+06  3.172900e-03
  7.200000e+06  2.963700e-03  7.400000e+06  2.749300e-03  7.600000e+06  2.534800e-03
  7.800000e+06  2.184200e-03  8.000000e+06  1.976200e-03  8.200000e+06  1.788100e-03
  8.400000e+06  1.602900e-03  8.600000e+06  1.396700e-03  8.800000e+06  1.281800e-03
  9.000000e+06  1.117800e-03  9.200000e+06  9.583000e-04  9.400000e+06  8.548000e-04
  9.600000e+06  7.673800e-04  9.800000e+06  6.899400e-04  1.000000e+07  6.019100e-04
  1.020000e+07  6.418200e-04  1.040000e+07  6.765600e-04  1.060000e+07  7.038900e-04
  1.080000e+07  7.236900e-04  1.100000e+07  7.324400e-04  1.120000e+07  7.429700e-04
  1.140000e+07  7.294200e-04  1.160000e+07  7.132000e-04  1.180000e+07  6.910000e-04
  1.200000e+07  6.717900e-04  1.220000e+07  6.499900e-04  1.240000e+07  6.418400e-04
  1.260000e+07  6.408600e-04  1.280000e+07  6.456700e-04  1.300000e+07  6.539600e-04
  1.320000e+07  6.618400e-04  1.340000e+07  6.527700e-04  1.360000e+07  6.666300e-04
  1.380000e+07  6.848400e-04  1.400000e+07  7.030700e-04  1.420000e+07  7.243000e-04
  1.440000e+07  7.472000e-04  1.460000e+07  7.707900e-04  1.480000e+07  7.946800e-04
  1.500000e+07  8.057000e-04
             1
             3
            52             0
      -2452110             0            86
  3.432320e+06  0.000000e+00  3.640000e+06  5.558900e-05  3.680000e+06  1.347200e-04
  3.720000e+06  2.361200e-04  3.760000e+06  3.605200e-04  3.800000e+06  5.134500e-04
  3.840000e+06  5.978100e-04  3.880000e+06  7.068100e-04  3.920000e+06  8.490500e-04
  3.960000e+06  1.027000e-03  4.000000e+06  1.228900e-03  4.040000e+06  1.313200e-03
  4.080000e+06  1.357700e-03  4.120000e+06  1.378400e-03  4.160000e+06  1.403700e-03
  4.200000e+06  1.453600e-03  4.240000e+06  1.529200e-03  4.280000e+06  1.616600e-03
  4.320000e+06  1.685400e-03  4.360000e+06  1.702700e-03  4.400000e+06  1.653600e-03
  4.440000e+06  1.550900e-03  4.480000e+06  1.427400e-03  4.520000e+06  1.464500e-03
  4.560000e+06  1.679100e-03  4.600000e+06  1.922400e-03  4.640000e+06  2.182700e-03
  4.680000e+06  2.430800e-03  4.720000e+06  2.634100e-03  4.760000e+06  2.774200e-03
  4.800000e+06  2.851600e-03  4.840000e+06  2.872800e-03  4.880000e+06  2.866000e-03
  4.920000e+06  2.849400e-03  4.960000e+06  3.035600e-03  5.000000e+06  4.346600e-03
  5.200000e+06  5.420700e-03  5.400000e+06  5.461700e-03  5.600000e+06  5.391800e-03
  5.800000e+06  5.254800e-03  6.000000e+06  5.069800e-03  6.200000e+06  4.937600e-03
  6.400000e+06  4.739400e-03  6.600000e+06  4.618300e-03  6.800000e+06  4.580100e-03
  7.000000e+06  4.516900e-03  7.200000e+06  4.296300e-03  7.400000e+06  4.059200e-03
  7.600000e+06  3.833900e-03  7.800000e+06  3.347000e-03  8.000000e+06  3.065400e-03
  8.200000e+06  2.810100e-03  8.400000e+06  2.552000e-03  8.600000e+06  2.238700e-03
  8.800000e+06  2.068400e-03  9.000000e+06  1.821400e-03  9.200000e+06  1.568900e-03
  9.400000e+06  1.404600e-03  9.600000e+06  1.266600e-03  9.800000e+06  1.144500e-03
  1.000000e+07  1.000700e-03  1.020000e+07  1.069300e-03  1.040000e+07  1.131000e-03
  1.060000e+07  1.178200e-03  1.080000e+07  1.212400e-03  1.100000e+07  1.228600e-03
  1.120000e+07  1.249200e-03  1.140000e+07  1.226100e-03  1.160000e+07  1.199200e-03
  1.180000e+07  1.164200e-03  1.200000e+07  1.132400e-03  1.220000e+07  1.095400e-03
  1.240000e+07  1.082900e-03  1.260000e+07  1.082500e-03  1.280000e+07  1.091000e-03
  1.300000e+07  1.105300e-03  1.320000e+07  1.121200e-03  1.340000e+07  1.107500e-03
  1.360000e+07  1.131500e-03  1.380000e+07  1.164500e-03  1.400000e+07  1.198500e-03
  1.420000e+07  1.235700e-03  1.440000e+07  1.276300e-03  1.460000e+07  1.320800e-03
  1.480000e+07  1.363800e-03  1.500000e+07  1.384700e-03
             1
             3
            53             0
      -2488110             0            86
  3.482710e+06  0.000000e+00  3.640000e+06  7.756000e-05  3.680000e+06  1.879600e-04
  3.720000e+06  3.294400e-04  3.760000e+06  5.030100e-04  3.800000e+06  7.163800e-04
  3.840000e+06  8.280900e-04  3.880000e+06  9.722000e-04  3.920000e+06  1.159800e-03
  3.960000e+06  1.393400e-03  4.000000e+06  1.656300e-03  4.040000e+06  1.770300e-03
  4.080000e+06  1.830700e-03  4.120000e+06  1.859000e-03  4.160000e+06  1.893500e-03
  4.200000e+06  1.961200e-03  4.240000e+06  2.060600e-03  4.280000e+06  2.175700e-03
  4.320000e+06  2.265600e-03  4.360000e+06  2.286100e-03  4.400000e+06  2.217600e-03
  4.440000e+06  2.076500e-03  4.480000e+06  1.908300e-03  4.520000e+06  1.954900e-03
  4.560000e+06  2.238000e-03  4.600000e+06  2.558500e-03  4.640000e+06  2.897300e-03
  4.680000e+06  3.218200e-03  4.720000e+06  3.478200e-03  4.760000e+06  3.653900e-03
  4.800000e+06  3.746100e-03  4.840000e+06  3.775800e-03  4.880000e+06  3.768700e-03
  4.920000e+06  3.748700e-03  4.960000e+06  3.995700e-03  5.000000e+06  5.724100e-03
  5.200000e+06  7.088900e-03  5.400000e+06  7.094300e-03  5.600000e+06  7.048200e-03
  5.800000e+06  6.852200e-03  6.000000e+06  6.597700e-03  6.200000e+06  6.412100e-03
  6.400000e+06  6.196300e-03  6.600000e+06  6.041600e-03  6.800000e+06  5.991000e-03
  7.000000e+06  5.943200e-03  7.200000e+06  5.659200e-03  7.400000e+06  5.354900e-03
  7.600000e+06  5.066600e-03  7.800000e+06  4.447300e-03  8.000000e+06  4.083100e-03
  8.200000e+06  3.748700e-03  8.400000e+06  3.419600e-03  8.600000e+06  3.007000e-03
  8.800000e+06  2.782800e-03  9.000000e+06  2.454700e-03  9.200000e+06  2.120700e-03
  9.400000e+06  1.902100e-03  9.600000e+06  1.716700e-03  9.800000e+06  1.554700e-03
  1.000000e+07  1.360600e-03  1.020000e+07  1.454500e-03  1.040000e+07  1.540400e-03
  1.060000e+07  1.606600e-03  1.080000e+07  1.654200e-03  1.100000e+07  1.677400e-03
  1.120000e+07  1.706500e-03  1.140000e+07  1.676500e-03  1.160000e+07  1.640100e-03
  1.180000e+07  1.592500e-03  1.200000e+07  1.551100e-03  1.220000e+07  1.501000e-03
  1.240000e+07  1.484100e-03  1.260000e+07  1.485000e-03  1.280000e+07  1.496700e-03
  1.300000e+07  1.517300e-03  1.320000e+07  1.539400e-03  1.340000e+07  1.520700e-03
  1.360000e+07  1.554100e-03  1.380000e+07  1.599000e-03  1.400000e+07  1.646900e-03
  1.420000e+07  1.699000e-03  1.440000e+07  1.754000e-03  1.460000e+07  1.815400e-03
  1.480000e+07  1.876300e-03  1.500000e+07  1.905400e-03
             1
             3
            54             0
      -5305110             0            39
  7.425790e+06  0.000000e+00  7.600000e+06  0.000000e+00  7.800000e+06  7.526300e-04
  8.000000e+06  8.519200e-04  8.200000e+06  8.923300e-04  8.400000e+06  9.153000e-04
  8.600000e+06  9.016100e-04  8.800000e+06  9.208900e-04  9.000000e+06  8.713100e-04
  9.200000e+06  8.115400e-04  9.400000e+06  7.930700e-04  9.600000e+06  7.727700e-04
  9.800000e+06  7.367700e-04  1.000000e+07  6.837300e-04  1.020000e+07  7.773800e-04
  1.040000e+07  8.551100e-04  1.060000e+07  9.265400e-04  1.080000e+07  9.929900e-04
  1.100000e+07  1.042500e-03  1.120000e+07  1.084400e-03  1.140000e+07  1.093200e-03
  1.160000e+07  1.096800e-03  1.180000e+07  1.081400e-03  1.200000e+07  1.067900e-03
  1.220000e+07  1.049400e-03  1.240000e+07  1.050900e-03  1.260000e+07  1.059400e-03
  1.280000e+07  1.077000e-03  1.300000e+07  1.101700e-03  1.320000e+07  1.122200e-03
  1.340000e+07  1.113300e-03  1.360000e+07  1.143500e-03  1.380000e+07  1.181400e-03
  1.400000e+07  1.218400e-03  1.420000e+07  1.261200e-03  1.440000e+07  1.306700e-03
  1.460000e+07  1.353900e-03  1.480000e+07  1.401200e-03  1.500000e+07  1.427000e-03
             1
             3
            91             0
      -5826110             0            35
  8.155050e+06  0.000000e+00  8.400000e+06  1.003600e-07  8.600000e+06  3.512000e-04
  8.800000e+06  4.187000e-04  9.000000e+06  8.422000e-04  9.200000e+06  1.146700e-03
  9.400000e+06  1.201900e-03  9.600000e+06  1.222200e-03  9.800000e+06  1.226300e-03
  1.000000e+07  1.297700e-03  1.020000e+07  1.534600e-03  1.040000e+07  1.771800e-03
  1.060000e+07  2.016700e-03  1.080000e+07  2.242600e-03  1.100000e+07  2.440400e-03
  1.120000e+07  2.631200e-03  1.140000e+07  2.863400e-03  1.160000e+07  2.978300e-03
  1.180000e+07  3.048200e-03  1.200000e+07  3.109000e-03  1.220000e+07  3.253700e-03
  1.240000e+07  3.369300e-03  1.260000e+07  3.501900e-03  1.280000e+07  3.656000e-03
  1.300000e+07  3.834200e-03  1.320000e+07  4.059300e-03  1.340000e+07  4.442600e-03
  1.360000e+07  4.737700e-03  1.380000e+07  5.065300e-03  1.400000e+07  5.437900e-03
  1.420000e+07  5.799900e-03  1.440000e+07  6.186000e-03  1.460000e+07  6.579600e-03
  1.480000e+07  6.976600e-03  1.500000e+07  7.445100e-03
