             1
             3
             4             0
        158155             0           687
  1.000000e-05  0.000000e+00  1.000000e+06  0.000000e+00  1.010000e+06  3.781600e-06
  1.020000e+06  4.143800e-06  1.030000e+06  4.542500e-06  1.040000e+06  4.981100e-06
  1.050000e+06  5.464100e-06  1.060000e+06  5.996000e-06  1.070000e+06  6.582400e-06
  1.080000e+06  7.228900e-06  1.090000e+06  7.942300e-06  1.100000e+06  8.730100e-06
  1.110000e+06  9.600600e-06  1.120000e+06  1.056300e-05  1.130000e+06  1.162800e-05
  1.140000e+06  1.280800e-05  1.150000e+06  1.411600e-05  1.160000e+06  1.556600e-05
  1.170000e+06  1.717800e-05  1.180000e+06  1.897000e-05  1.190000e+06  2.096500e-05
  1.200000e+06  2.319000e-05  1.210000e+06  2.517600e-05  1.220000e+06  2.735900e-05
  1.230000e+06  2.976400e-05  1.240000e+06  3.241800e-05  1.250000e+06  3.535300e-05
  1.260000e+06  3.861000e-05  1.270000e+06  4.223400e-05  1.280000e+06  4.628000e-05
  1.290000e+06  5.081300e-05  1.300000e+06  5.591400e-05  1.310000e+06  6.168200e-05
  1.320000e+06  6.823900e-05  1.330000e+06  7.574200e-05  1.340000e+06  8.438600e-05
  1.350000e+06  9.442900e-05  1.360000e+06  1.062100e-04  1.370000e+06  1.201800e-04
  1.380000e+06  1.369800e-04  1.390000e+06  1.574800e-04  1.400000e+06  1.829500e-04
  1.410000e+06  2.124600e-04  1.420000e+06  2.507300e-04  1.430000e+06  3.020300e-04
  1.440000e+06  3.735700e-04  1.450000e+06  4.786000e-04  1.460000e+06  6.433100e-04
  1.470000e+06  9.260900e-04  1.480000e+06  1.479400e-03  1.490000e+06  2.811800e-03
  1.500000e+06  7.540200e-03  1.510000e+06  5.267900e-02  1.520000e+06  5.399300e-02
  1.530000e+06  8.842600e-03  1.540000e+06  4.182100e-03  1.550000e+06  3.572300e-03
  1.560000e+06  5.977200e-03  1.570000e+06  3.458200e-02  1.580000e+06  3.513800e-02
  1.590000e+06  5.973700e-03  1.600000e+06  2.706800e-03  1.610000e+06  1.724500e-03
  1.620000e+06  1.305500e-03  1.630000e+06  1.092300e-03  1.640000e+06  9.746300e-04
  1.650000e+06  9.087600e-04  1.660000e+06  8.746100e-04  1.670000e+06  8.618600e-04
  1.680000e+06  8.648500e-04  1.690000e+06  8.803300e-04  1.700000e+06  9.064300e-04
  1.710000e+06  9.421700e-04  1.720000e+06  9.870800e-04  1.730000e+06  1.041200e-03
  1.740000e+06  1.104700e-03  1.750000e+06  1.178300e-03  1.760000e+06  1.262900e-03
  1.770000e+06  1.359400e-03  1.780000e+06  1.469400e-03  1.790000e+06  1.594600e-03
  1.800000e+06  1.737200e-03  1.810000e+06  1.886300e-03  1.820000e+06  2.056100e-03
  1.830000e+06  2.249900e-03  1.840000e+06  2.472000e-03  1.850000e+06  2.727600e-03
  1.860000e+06  3.022900e-03  1.870000e+06  3.365900e-03  1.880000e+06  3.766700e-03
  1.890000e+06  4.237800e-03  1.900000e+06  4.795600e-03  1.910000e+06  5.461200e-03
  1.920000e+06  6.262200e-03  1.930000e+06  7.235300e-03  1.940000e+06  8.429900e-03
  1.950000e+06  9.913200e-03  1.960000e+06  1.177800e-02  1.970000e+06  1.415500e-02
  1.980000e+06  1.723000e-02  1.990000e+06  2.126500e-02  2.000000e+06  2.664800e-02
  2.010000e+06  3.378700e-02  2.020000e+06  4.352800e-02  2.030000e+06  5.679600e-02
  2.040000e+06  7.438000e-02  2.050000e+06  9.585400e-02  2.060000e+06  1.174500e-01
  2.070000e+06  1.310800e-01  2.080000e+06  1.296000e-01  2.090000e+06  1.148200e-01
  2.100000e+06  9.487000e-02  2.110000e+06  7.610400e-02  2.120000e+06  6.085200e-02
  2.130000e+06  4.915200e-02  2.140000e+06  4.032800e-02  2.150000e+06  3.366100e-02
  2.160000e+06  2.857300e-02  2.170000e+06  2.464200e-02  2.180000e+06  2.156300e-02
  2.190000e+06  1.912200e-02  2.200000e+06  1.716600e-02  2.210000e+06  1.552400e-02
  2.220000e+06  1.418400e-02  2.230000e+06  1.308100e-02  2.240000e+06  1.217200e-02
  2.250000e+06  1.141900e-02  2.260000e+06  1.079700e-02  2.270000e+06  1.028500e-02
  2.280000e+06  9.867400e-03  2.290000e+06  9.532200e-03  2.300000e+06  9.269900e-03
  2.310000e+06  9.073400e-03  2.320000e+06  8.937700e-03  2.330000e+06  8.859400e-03
  2.340000e+06  8.836200e-03  2.350000e+06  8.867800e-03  2.360000e+06  8.954500e-03
  2.370000e+06  9.098400e-03  2.380000e+06  9.303000e-03  2.390000e+06  9.573100e-03
  2.400000e+06  9.915600e-03  2.410000e+06  1.030700e-02  2.420000e+06  1.078800e-02
  2.430000e+06  1.137400e-02  2.440000e+06  1.208300e-02  2.450000e+06  1.294000e-02
  2.460000e+06  1.397500e-02  2.470000e+06  1.522900e-02  2.480000e+06  1.675600e-02
  2.490000e+06  1.862500e-02  2.500000e+06  2.093000e-02  2.510000e+06  2.379700e-02
  2.520000e+06  2.739500e-02  2.530000e+06  3.194400e-02  2.540000e+06  3.773500e-02
  2.550000e+06  4.513000e-02  2.560000e+06  5.452100e-02  2.570000e+06  6.620900e-02
  2.580000e+06  8.008100e-02  2.590000e+06  9.503200e-02  2.600000e+06  1.083800e-01
  2.610000e+06  1.162800e-01  2.620000e+06  1.158900e-01  2.630000e+06  1.076600e-01
  2.640000e+06  9.488500e-02  2.650000e+06  8.114900e-02  2.660000e+06  6.863300e-02
  2.670000e+06  5.814500e-02  2.680000e+06  4.971200e-02  2.690000e+06  4.305700e-02
  2.700000e+06  3.784300e-02  2.710000e+06  3.376600e-02  2.720000e+06  3.057800e-02
  2.730000e+06  2.809300e-02  2.740000e+06  2.616700e-02  2.750000e+06  2.469500e-02
  2.760000e+06  2.359800e-02  2.770000e+06  2.281900e-02  2.780000e+06  2.231900e-02
  2.790000e+06  2.207000e-02  2.800000e+06  2.205700e-02  2.810000e+06  2.222900e-02
  2.820000e+06  2.263000e-02  2.830000e+06  2.326800e-02  2.840000e+06  2.416200e-02
  2.850000e+06  2.533600e-02  2.860000e+06  2.682500e-02  2.870000e+06  2.867400e-02
  2.880000e+06  3.093400e-02  2.890000e+06  3.366200e-02  2.900000e+06  3.691800e-02
  2.910000e+06  4.074500e-02  2.920000e+06  4.514800e-02  2.930000e+06  5.005700e-02
  2.938270e+06  5.437394e-02  2.940000e+06  5.527764e-02  2.950000e+06  5.540432e-02
  2.960000e+06  5.959800e-02  2.970000e+06  6.267850e-02  2.980000e+06  5.834120e-02
  2.990000e+06  5.808350e-02  3.000000e+06  5.637400e-02  3.010000e+06  5.364200e-02
  3.020000e+06  5.034400e-02  3.030000e+06  4.692100e-02  3.040000e+06  4.368700e-02
  3.050000e+06  4.082800e-02  3.060000e+06  3.843000e-02  3.070000e+06  3.652200e-02
  3.080000e+06  3.510100e-02  3.090000e+06  3.415500e-02  3.100000e+06  3.367500e-02
  3.110000e+06  3.366800e-02  3.120000e+06  3.415400e-02  3.130000e+06  3.518200e-02
  3.140000e+06  3.682700e-02  3.150000e+06  3.919900e-02  3.160000e+06  4.243100e-02
  3.170000e+06  4.665600e-02  3.180000e+06  5.192200e-02  3.190000e+06  5.801200e-02
  3.200000e+06  6.419100e-02  3.210000e+06  6.909100e-02  3.220000e+06  7.120900e-02
  3.230000e+06  6.998500e-02  3.240000e+06  6.629000e-02  3.250000e+06  6.165800e-02
  3.260000e+06  5.730400e-02  3.270000e+06  5.381600e-02  3.280000e+06  5.134300e-02
  3.290000e+06  4.981900e-02  3.300000e+06  4.911800e-02  3.310000e+06  4.911400e-02
  3.320000e+06  4.970400e-02  3.330000e+06  5.080700e-02  3.340000e+06  5.236100e-02
  3.350000e+06  5.431900e-02  3.360000e+06  5.664000e-02  3.370000e+06  5.929000e-02
  3.380000e+06  6.222900e-02  3.390000e+06  6.541100e-02  3.400000e+06  6.878300e-02
  3.410000e+06  7.227600e-02  3.420000e+06  7.580800e-02  3.430000e+06  7.928500e-02
  3.440000e+06  8.259800e-02  3.450000e+06  8.563900e-02  3.460000e+06  8.830300e-02
  3.470000e+06  9.050200e-02  3.480000e+06  9.217100e-02  3.490000e+06  9.328300e-02
  3.500000e+06  9.384600e-02  3.510000e+06  9.396700e-02  3.520000e+06  9.364800e-02
  3.530000e+06  9.298800e-02  3.540000e+06  9.209900e-02  3.550000e+06  9.110700e-02
  3.560000e+06  9.014400e-02  3.570000e+06  8.934900e-02  3.580000e+06  8.886200e-02
  3.590000e+06  8.883900e-02  3.600000e+06  8.945400e-02  3.610000e+06  9.092800e-02
  3.620000e+06  9.354200e-02  3.630000e+06  9.768400e-02  3.640000e+06  1.038700e-01
  3.650000e+06  1.127900e-01  3.660000e+06  1.251900e-01  3.670000e+06  1.414000e-01
  3.680000e+06  1.601400e-01  3.690000e+06  1.766900e-01  3.700000e+06  1.836800e-01
  3.710000e+06  1.773700e-01  3.720000e+06  1.622000e-01  3.730000e+06  1.454200e-01
  3.740000e+06  1.312900e-01  3.750000e+06  1.209200e-01  3.760000e+06  1.139200e-01
  3.770000e+06  1.096300e-01  3.780000e+06  1.074300e-01  3.790000e+06  1.068600e-01
  3.800000e+06  1.075700e-01  3.810000e+06  1.093400e-01  3.820000e+06  1.119900e-01
  3.830000e+06  1.153800e-01  3.840000e+06  1.194100e-01  3.850000e+06  1.239800e-01
  3.860000e+06  1.289700e-01  3.870000e+06  1.342700e-01  3.880000e+06  1.397300e-01
  3.890000e+06  1.452000e-01  3.900000e+06  1.504900e-01  3.910000e+06  1.554300e-01
  3.920000e+06  1.598000e-01  3.930000e+06  1.634100e-01  3.940000e+06  1.661200e-01
  3.950000e+06  1.678100e-01  3.960000e+06  1.684300e-01  3.970000e+06  1.679900e-01
  3.980000e+06  1.665500e-01  3.990000e+06  1.642600e-01  4.000000e+06  1.612600e-01
  4.010000e+06  1.576848e-01  4.020000e+06  1.537738e-01  4.030000e+06  1.497264e-01
  4.040000e+06  1.457432e-01  4.050000e+06  1.419560e-01  4.060000e+06  1.385580e-01
  4.070000e+06  1.356634e-01  4.080000e+06  1.334073e-01  4.090000e+06  1.319463e-01
  4.100000e+06  1.314584e-01  4.110000e+06  1.321337e-01  4.120000e+06  1.342047e-01
  4.130000e+06  1.379880e-01  4.140000e+06  1.438432e-01  4.150000e+06  1.521233e-01
  4.160000e+06  1.629982e-01  4.170000e+06  1.760798e-01  4.180000e+06  1.897963e-01
  4.190000e+06  2.012306e-01  4.200000e+06  2.069970e-01  4.210000e+06  2.058710e-01
  4.220000e+06  1.998360e-01  4.230000e+06  1.925830e-01  4.240000e+06  1.871590e-01
  4.250000e+06  1.852460e-01  4.260000e+06  1.874270e-01  4.270000e+06  1.936420e-01
  4.280000e+06  2.032920e-01  4.290000e+06  2.150200e-01  4.300000e+06  2.264780e-01
  4.310000e+06  2.345210e-01  4.320000e+06  2.362360e-01  4.330000e+06  2.305630e-01
  4.340000e+06  2.187870e-01  4.350000e+06  2.037040e-01  4.360000e+06  1.879870e-01
  4.370000e+06  1.734630e-01  4.380000e+06  1.609430e-01  4.390000e+06  1.506030e-01
  4.400000e+06  1.423150e-01  4.410000e+06  1.358300e-01  4.420000e+06  1.308540e-01
  4.430000e+06  1.271360e-01  4.440000e+06  1.244540e-01  4.450000e+06  1.226280e-01
  4.460000e+06  1.215200e-01  4.470000e+06  1.210350e-01  4.480000e+06  1.210460e-01
  4.490000e+06  1.215100e-01  4.500000e+06  1.223540e-01  4.510000e+06  1.234130e-01
  4.520000e+06  1.247560e-01  4.530000e+06  1.263610e-01  4.540000e+06  1.281760e-01
  4.550000e+06  1.301780e-01  4.560000e+06  1.323460e-01  4.570000e+06  1.346480e-01
  4.580000e+06  1.370610e-01  4.590000e+06  1.395430e-01  4.600000e+06  1.420810e-01
  4.610000e+06  1.446520e-01  4.620000e+06  1.472140e-01  4.630000e+06  1.497630e-01
  4.640000e+06  1.522460e-01  4.650000e+06  1.546590e-01  4.660000e+06  1.569890e-01
  4.670000e+06  1.591710e-01  4.680000e+06  1.612340e-01  4.690000e+06  1.631330e-01
  4.700000e+06  1.648460e-01  4.710000e+06  1.664010e-01  4.720000e+06  1.677460e-01
  4.730000e+06  1.689290e-01  4.740000e+06  1.699210e-01  4.750000e+06  1.707520e-01
  4.760000e+06  1.714240e-01  4.770000e+06  1.719920e-01  4.780000e+06  1.724580e-01
  4.790000e+06  1.728890e-01  4.800000e+06  1.733340e-01  4.810000e+06  1.738540e-01
  4.820000e+06  1.745200e-01  4.830000e+06  1.754410e-01  4.840000e+06  1.767410e-01
  4.850000e+06  1.785760e-01  4.860000e+06  1.811670e-01  4.870000e+06  1.847620e-01
  4.880000e+06  1.896510e-01  4.890000e+06  1.962400e-01  4.900000e+06  2.048850e-01
  4.910000e+06  2.157470e-01  4.920000e+06  2.284020e-01  4.930000e+06  2.412280e-01
  4.940000e+06  2.510900e-01  4.950000e+06  2.543880e-01  4.960000e+06  2.495710e-01
  4.970000e+06  2.385070e-01  4.980000e+06  2.248740e-01  4.990000e+06  2.116750e-01
  5.000000e+06  1.603680e-01  5.010000e+06  1.540854e-01  5.020000e+06  1.495356e-01
  5.030000e+06  1.465050e-01  5.040000e+06  1.447544e-01  5.050000e+06  1.440929e-01
  5.060000e+06  1.443391e-01  5.070000e+06  1.453610e-01  5.080000e+06  1.470354e-01
  5.090000e+06  1.492329e-01  5.100000e+06  1.517524e-01  5.110000e+06  1.544323e-01
  5.120000e+06  1.570206e-01  5.130000e+06  1.592595e-01  5.140000e+06  1.609500e-01
  5.150000e+06  1.619155e-01  5.160000e+06  1.621009e-01  5.167700e+06  1.616612e-01
  5.170000e+06  1.615298e-01  5.180000e+06  1.603568e-01  5.190000e+06  1.587482e-01
  5.200000e+06  1.569236e-01  5.210000e+06  1.550161e-01  5.220000e+06  1.531972e-01
  5.230000e+06  1.515423e-01  5.240000e+06  1.501094e-01  5.250000e+06  1.489405e-01
  5.260000e+06  1.480126e-01  5.270000e+06  1.473337e-01  5.280000e+06  1.468889e-01
  5.290000e+06  1.466970e-01  5.300000e+06  1.467571e-01  5.310000e+06  1.471243e-01
  5.320000e+06  1.479275e-01  5.330000e+06  1.496166e-01  5.340000e+06  1.535249e-01
  5.350000e+06  1.645772e-01  5.360000e+06  1.900349e-01  5.370000e+06  1.744709e-01
  5.380000e+06  1.578087e-01  5.390000e+06  1.525508e-01  5.400000e+06  1.506899e-01
  5.410000e+06  1.500173e-01  5.420000e+06  1.498596e-01  5.430000e+06  1.499754e-01
  5.440000e+06  1.502738e-01  5.450000e+06  1.507206e-01  5.460000e+06  1.513030e-01
  5.470000e+06  1.520528e-01  5.480000e+06  1.529795e-01  5.490000e+06  1.541169e-01
  5.500000e+06  1.555293e-01  5.510000e+06  1.572125e-01  5.520000e+06  1.592760e-01
  5.530000e+06  1.617607e-01  5.540000e+06  1.647200e-01  5.550000e+06  1.682235e-01
  5.560000e+06  1.722616e-01  5.570000e+06  1.768483e-01  5.580000e+06  1.818821e-01
  5.590000e+06  1.871668e-01  5.600000e+06  1.923764e-01  5.610000e+06  1.970381e-01
  5.620000e+06  2.006058e-01  5.630000e+06  2.025288e-01  5.640000e+06  2.023818e-01
  5.650000e+06  1.999968e-01  5.660000e+06  1.956102e-01  5.670000e+06  1.895675e-01
  5.680000e+06  1.824602e-01  5.690000e+06  1.748376e-01  5.700000e+06  1.671432e-01
  5.710000e+06  1.596961e-01  5.720000e+06  1.526718e-01  5.730000e+06  1.462157e-01
  5.740000e+06  1.403113e-01  5.750000e+06  1.349880e-01  5.760000e+06  1.302091e-01
  5.770000e+06  1.259103e-01  5.780000e+06  1.220560e-01  5.790000e+06  1.186194e-01
  5.800000e+06  1.155394e-01  5.810000e+06  1.127795e-01  5.820000e+06  1.103302e-01
  5.830000e+06  1.081403e-01  5.840000e+06  1.061991e-01  5.850000e+06  1.045001e-01
  5.860000e+06  1.030107e-01  5.870000e+06  1.017292e-01  5.880000e+06  1.006594e-01
  5.890000e+06  9.978130e-02  5.900000e+06  9.909970e-02  5.910000e+06  9.861800e-02
  5.920000e+06  9.833360e-02  5.930000e+06  9.825930e-02  5.940000e+06  9.839790e-02
  5.950000e+06  9.876500e-02  5.960000e+06  9.936850e-02  5.970000e+06  1.002304e-01
  5.980000e+06  1.013602e-01  5.990000e+06  1.027899e-01  6.000000e+06  1.045304e-01
  6.050000e+06  1.185404e-01  6.100000e+06  1.419297e-01  6.150000e+06  1.633400e-01
  6.200000e+06  1.581898e-01  6.250000e+06  1.306400e-01  6.300000e+06  1.039095e-01
  6.350000e+06  8.528200e-02  6.400000e+06  7.318050e-02  6.450000e+06  6.532830e-02
  6.486270e+06  6.164951e-02  6.500000e+06  6.025690e-02  6.550000e+06  5.706970e-02
  6.600000e+06  5.554550e-02  6.650000e+06  5.572102e-02  6.700000e+06  5.811786e-02
  6.746710e+06  6.383819e-02  6.750000e+06  6.424110e-02  6.800000e+06  7.711320e-02
  6.850000e+06  1.002802e-01  6.900000e+06  1.191097e-01  6.950000e+06  1.067395e-01
  7.000000e+06  9.010732e-02  7.050000e+06  8.342070e-02  7.100000e+06  8.519440e-02
  7.150000e+06  9.269800e-02  7.200000e+06  1.037003e-01  7.250000e+06  1.145105e-01
  7.300000e+06  1.200305e-01  7.350000e+06  1.178597e-01  7.400000e+06  1.113208e-01
  7.450000e+06  1.058999e-01  7.500000e+06  1.056194e-01  7.543030e+06  1.121694e-01
  7.550000e+06  1.132304e-01  7.600000e+06  1.290398e-01  7.650000e+06  1.485503e-01
  7.700000e+06  1.577098e-01  7.750000e+06  1.463097e-01  7.800000e+06  1.245199e-01
  7.850000e+06  1.056705e-01  7.900000e+06  9.396250e-02  7.950000e+06  8.892750e-02
  8.000000e+06  8.923000e-02  8.050000e+06  9.308540e-02  8.100000e+06  9.755380e-02
  8.150000e+06  9.853490e-02  8.200000e+06  9.383000e-02  8.250000e+06  8.529610e-02
  8.300000e+06  7.632760e-02  8.350000e+06  6.898004e-02  8.400000e+06  6.383586e-02
  8.450000e+06  6.080148e-02  8.500000e+06  5.966043e-02  8.550000e+06  6.023848e-02
  8.600000e+06  6.253838e-02  8.650000e+06  6.660121e-02  8.700000e+06  7.243074e-02
  8.750000e+06  7.977161e-02  8.800000e+06  8.775691e-02  8.850000e+06  9.474990e-02
  8.900000e+06  9.891840e-02  8.950000e+06  9.956640e-02  9.000000e+06  9.780448e-02
  9.050000e+06  9.551268e-02  9.100000e+06  9.439938e-02  9.150000e+06  9.505553e-02
  9.200000e+06  9.697287e-02  9.250000e+06  9.865732e-02  9.300000e+06  9.830810e-02
  9.350000e+06  9.503225e-02  9.400000e+06  8.953076e-02  9.450000e+06  8.331897e-02
  9.500000e+06  7.770861e-02  9.550000e+06  7.330491e-02  9.600000e+06  7.041749e-02
  9.650000e+06  6.908397e-02  9.700000e+06  6.927832e-02  9.750000e+06  7.098530e-02
  9.800000e+06  7.414394e-02  9.850000e+06  7.848744e-02  9.900000e+06  8.330062e-02
  9.950000e+06  8.729412e-02  1.000000e+07  8.901001e-02  1.005000e+07  8.765628e-02
  1.010000e+07  8.404846e-02  1.015000e+07  7.952167e-02  1.020000e+07  7.517021e-02
  1.025000e+07  7.154789e-02  1.030000e+07  6.879838e-02  1.035000e+07  6.686844e-02
  1.040000e+07  6.563704e-02  1.045000e+07  6.497661e-02  1.050000e+07  6.478446e-02
  1.055000e+07  6.488024e-02  1.060000e+07  6.528665e-02  1.065000e+07  6.595667e-02
  1.070000e+07  6.684594e-02  1.075000e+07  6.792254e-02  1.080000e+07  6.916074e-02
  1.085000e+07  7.053820e-02  1.090000e+07  7.204079e-02  1.095000e+07  7.365110e-02
  1.100000e+07  7.535114e-02  1.105000e+07  7.699741e-02  1.110000e+07  7.870821e-02
  1.115000e+07  8.047521e-02  1.120000e+07  8.228300e-02  1.125000e+07  8.412679e-02
  1.130000e+07  8.599628e-02  1.135000e+07  8.788139e-02  1.140000e+07  8.976188e-02
  1.145000e+07  9.159630e-02  1.150000e+07  9.306727e-02  1.155000e+07  9.468497e-02
  1.160000e+07  9.624152e-02  1.165000e+07  9.772886e-02  1.170000e+07  9.913773e-02
  1.175000e+07  1.004499e-01  1.180000e+07  1.016503e-01  1.185000e+07  1.027292e-01
  1.190000e+07  1.036602e-01  1.195000e+07  1.044199e-01  1.200000e+07  1.049994e-01
  1.205000e+07  1.058195e-01  1.210000e+07  1.065595e-01  1.215000e+07  1.072194e-01
  1.220000e+07  1.078104e-01  1.225000e+07  1.083108e-01  1.230000e+07  1.087310e-01
  1.235000e+07  1.090692e-01  1.240000e+07  1.093295e-01  1.245000e+07  1.095104e-01
  1.250000e+07  1.096105e-01  1.255000e+07  1.103296e-01  1.260000e+07  1.110801e-01
  1.265000e+07  1.118394e-01  1.270000e+07  1.126297e-01  1.275000e+07  1.134498e-01
  1.280000e+07  1.142998e-01  1.285000e+07  1.151701e-01  1.290000e+07  1.160795e-01
  1.295000e+07  1.170200e-01  1.300000e+07  1.179792e-01  1.305000e+07  1.185708e-01
  1.310000e+07  1.191700e-01  1.315000e+07  1.197497e-01  1.320000e+07  1.203203e-01
  1.325000e+07  1.208900e-01  1.330000e+07  1.214307e-01  1.335000e+07  1.219295e-01
  1.340000e+07  1.223999e-01  1.345000e+07  1.228292e-01  1.350000e+07  1.231996e-01
  1.355000e+07  1.236698e-01  1.360000e+07  1.240900e-01  1.365000e+07  1.244706e-01
  1.370000e+07  1.247799e-01  1.375000e+07  1.250200e-01  1.380000e+07  1.251901e-01
  1.385000e+07  1.252902e-01  1.390000e+07  1.253096e-01  1.395000e+07  1.252398e-01
  1.400000e+07  1.250896e-01  1.405000e+07  1.249205e-01  1.410000e+07  1.246702e-01
  1.415000e+07  1.243399e-01  1.420000e+07  1.239101e-01  1.425000e+07  1.234199e-01
  1.430000e+07  1.228500e-01  1.435000e+07  1.222101e-01  1.440000e+07  1.214995e-01
  1.445000e+07  1.207197e-01  1.450000e+07  1.198800e-01  1.455000e+07  1.189301e-01
  1.460000e+07  1.179399e-01  1.465000e+07  1.168999e-01  1.470000e+07  1.158099e-01
  1.475000e+07  1.146999e-01  1.480000e+07  1.135399e-01  1.485000e+07  1.123701e-01
  1.490000e+07  1.111899e-01  1.495000e+07  1.099798e-01  1.500000e+07  1.087596e-01
             1
             3
            50             0
        158155             0           682
  1.000000e-05  0.000000e+00  1.000000e+06  0.000000e+00  1.010000e+06  3.781600e-06
  1.020000e+06  4.143800e-06  1.030000e+06  4.542500e-06  1.040000e+06  4.981100e-06
  1.050000e+06  5.464100e-06  1.060000e+06  5.996000e-06  1.070000e+06  6.582400e-06
  1.080000e+06  7.228900e-06  1.090000e+06  7.942300e-06  1.100000e+06  8.730100e-06
  1.110000e+06  9.600600e-06  1.120000e+06  1.056300e-05  1.130000e+06  1.162800e-05
  1.140000e+06  1.280800e-05  1.150000e+06  1.411600e-05  1.160000e+06  1.556600e-05
  1.170000e+06  1.717800e-05  1.180000e+06  1.897000e-05  1.190000e+06  2.096500e-05
  1.200000e+06  2.319000e-05  1.210000e+06  2.517600e-05  1.220000e+06  2.735900e-05
  1.230000e+06  2.976400e-05  1.240000e+06  3.241800e-05  1.250000e+06  3.535300e-05
  1.260000e+06  3.861000e-05  1.270000e+06  4.223400e-05  1.280000e+06  4.628000e-05
  1.290000e+06  5.081300e-05  1.300000e+06  5.591400e-05  1.310000e+06  6.168200e-05
  1.320000e+06  6.823900e-05  1.330000e+06  7.574200e-05  1.340000e+06  8.438600e-05
  1.350000e+06  9.442900e-05  1.360000e+06  1.062100e-04  1.370000e+06  1.201800e-04
  1.380000e+06  1.369800e-04  1.390000e+06  1.574800e-04  1.400000e+06  1.829500e-04
  1.410000e+06  2.124600e-04  1.420000e+06  2.507300e-04  1.430000e+06  3.020300e-04
  1.440000e+06  3.735700e-04  1.450000e+06  4.786000e-04  1.460000e+06  6.433100e-04
  1.470000e+06  9.260900e-04  1.480000e+06  1.479400e-03  1.490000e+06  2.811800e-03
  1.500000e+06  7.540200e-03  1.510000e+06  5.267900e-02  1.520000e+06  5.399300e-02
  1.530000e+06  8.842600e-03  1.540000e+06  4.182100e-03  1.550000e+06  3.572300e-03
  1.560000e+06  5.977200e-03  1.570000e+06  3.458200e-02  1.580000e+06  3.513800e-02
  1.590000e+06  5.973700e-03  1.600000e+06  2.706800e-03  1.610000e+06  1.724500e-03
  1.620000e+06  1.305500e-03  1.630000e+06  1.092300e-03  1.640000e+06  9.746300e-04
  1.650000e+06  9.087600e-04  1.660000e+06  8.746100e-04  1.670000e+06  8.618600e-04
  1.680000e+06  8.648500e-04  1.690000e+06  8.803300e-04  1.700000e+06  9.064300e-04
  1.710000e+06  9.421700e-04  1.720000e+06  9.870800e-04  1.730000e+06  1.041200e-03
  1.740000e+06  1.104700e-03  1.750000e+06  1.178300e-03  1.760000e+06  1.262900e-03
  1.770000e+06  1.359400e-03  1.780000e+06  1.469400e-03  1.790000e+06  1.594600e-03
  1.800000e+06  1.737200e-03  1.810000e+06  1.886300e-03  1.820000e+06  2.056100e-03
  1.830000e+06  2.249900e-03  1.840000e+06  2.472000e-03  1.850000e+06  2.727600e-03
  1.860000e+06  3.022900e-03  1.870000e+06  3.365900e-03  1.880000e+06  3.766700e-03
  1.890000e+06  4.237800e-03  1.900000e+06  4.795600e-03  1.910000e+06  5.461200e-03
  1.920000e+06  6.262200e-03  1.930000e+06  7.235300e-03  1.940000e+06  8.429900e-03
  1.950000e+06  9.913200e-03  1.960000e+06  1.177800e-02  1.970000e+06  1.415500e-02
  1.980000e+06  1.723000e-02  1.990000e+06  2.126500e-02  2.000000e+06  2.664800e-02
  2.010000e+06  3.378700e-02  2.020000e+06  4.352800e-02  2.030000e+06  5.679600e-02
  2.040000e+06  7.438000e-02  2.050000e+06  9.585400e-02  2.060000e+06  1.174500e-01
  2.070000e+06  1.310800e-01  2.080000e+06  1.296000e-01  2.090000e+06  1.148200e-01
  2.100000e+06  9.487000e-02  2.110000e+06  7.610400e-02  2.120000e+06  6.085200e-02
  2.130000e+06  4.915200e-02  2.140000e+06  4.032800e-02  2.150000e+06  3.366100e-02
  2.160000e+06  2.857300e-02  2.170000e+06  2.464200e-02  2.180000e+06  2.156300e-02
  2.190000e+06  1.912200e-02  2.200000e+06  1.716600e-02  2.210000e+06  1.552400e-02
  2.220000e+06  1.418400e-02  2.230000e+06  1.308100e-02  2.240000e+06  1.217200e-02
  2.250000e+06  1.141900e-02  2.260000e+06  1.079700e-02  2.270000e+06  1.028500e-02
  2.280000e+06  9.867400e-03  2.290000e+06  9.532200e-03  2.300000e+06  9.269900e-03
  2.310000e+06  9.073400e-03  2.320000e+06  8.937700e-03  2.330000e+06  8.859400e-03
  2.340000e+06  8.836200e-03  2.350000e+06  8.867800e-03  2.360000e+06  8.954500e-03
  2.370000e+06  9.098400e-03  2.380000e+06  9.303000e-03  2.390000e+06  9.573100e-03
  2.400000e+06  9.915600e-03  2.410000e+06  1.030700e-02  2.420000e+06  1.078800e-02
  2.430000e+06  1.137400e-02  2.440000e+06  1.208300e-02  2.450000e+06  1.294000e-02
  2.460000e+06  1.397500e-02  2.470000e+06  1.522900e-02  2.480000e+06  1.675600e-02
  2.490000e+06  1.862500e-02  2.500000e+06  2.093000e-02  2.510000e+06  2.379700e-02
  2.520000e+06  2.739500e-02  2.530000e+06  3.194400e-02  2.540000e+06  3.773500e-02
  2.550000e+06  4.513000e-02  2.560000e+06  5.452100e-02  2.570000e+06  6.620900e-02
  2.580000e+06  8.008100e-02  2.590000e+06  9.503200e-02  2.600000e+06  1.083800e-01
  2.610000e+06  1.162800e-01  2.620000e+06  1.158900e-01  2.630000e+06  1.076600e-01
  2.640000e+06  9.488500e-02  2.650000e+06  8.114900e-02  2.660000e+06  6.863300e-02
  2.670000e+06  5.814500e-02  2.680000e+06  4.971200e-02  2.690000e+06  4.305700e-02
  2.700000e+06  3.784300e-02  2.710000e+06  3.376600e-02  2.720000e+06  3.057800e-02
  2.730000e+06  2.809300e-02  2.740000e+06  2.616700e-02  2.750000e+06  2.469500e-02
  2.760000e+06  2.359800e-02  2.770000e+06  2.281900e-02  2.780000e+06  2.231900e-02
  2.790000e+06  2.207000e-02  2.800000e+06  2.205700e-02  2.810000e+06  2.222900e-02
  2.820000e+06  2.263000e-02  2.830000e+06  2.326800e-02  2.840000e+06  2.416200e-02
  2.850000e+06  2.533600e-02  2.860000e+06  2.682500e-02  2.870000e+06  2.867400e-02
  2.880000e+06  3.093400e-02  2.890000e+06  3.366200e-02  2.900000e+06  3.691800e-02
  2.910000e+06  4.074500e-02  2.920000e+06  4.514800e-02  2.930000e+06  5.005700e-02
  2.940000e+06  5.527700e-02  2.950000e+06  5.540000e-02  2.960000e+06  5.959000e-02
  2.970000e+06  6.267000e-02  2.980000e+06  5.833400e-02  2.990000e+06  5.807400e-02
  3.000000e+06  5.636300e-02  3.010000e+06  5.362900e-02  3.020000e+06  5.032900e-02
  3.030000e+06  4.690400e-02  3.040000e+06  4.366800e-02  3.050000e+06  4.080600e-02
  3.060000e+06  3.840500e-02  3.070000e+06  3.649400e-02  3.080000e+06  3.506900e-02
  3.090000e+06  3.411800e-02  3.100000e+06  3.363300e-02  3.110000e+06  3.361900e-02
  3.120000e+06  3.409700e-02  3.130000e+06  3.511400e-02  3.140000e+06  3.674600e-02
  3.150000e+06  3.910100e-02  3.160000e+06  4.231200e-02  3.170000e+06  4.651000e-02
  3.180000e+06  5.174200e-02  3.190000e+06  5.779400e-02  3.200000e+06  6.393400e-02
  3.210000e+06  6.880200e-02  3.220000e+06  7.090600e-02  3.230000e+06  6.968900e-02
  3.240000e+06  6.601800e-02  3.250000e+06  6.141700e-02  3.260000e+06  5.709400e-02
  3.270000e+06  5.363400e-02  3.280000e+06  5.118300e-02  3.290000e+06  4.967600e-02
  3.300000e+06  4.898900e-02  3.310000e+06  4.899500e-02  3.320000e+06  4.959200e-02
  3.330000e+06  5.070000e-02  3.340000e+06  5.225700e-02  3.350000e+06  5.421700e-02
  3.360000e+06  5.653900e-02  3.370000e+06  5.918900e-02  3.380000e+06  6.212600e-02
  3.390000e+06  6.530700e-02  3.400000e+06  6.867600e-02  3.410000e+06  7.216600e-02
  3.420000e+06  7.569500e-02  3.430000e+06  7.916800e-02  3.440000e+06  8.247800e-02
  3.450000e+06  8.551600e-02  3.460000e+06  8.817700e-02  3.470000e+06  9.037300e-02
  3.480000e+06  9.204000e-02  3.490000e+06  9.315000e-02  3.500000e+06  9.371200e-02
  3.510000e+06  9.383200e-02  3.520000e+06  9.351300e-02  3.530000e+06  9.285200e-02
  3.540000e+06  9.196300e-02  3.550000e+06  9.097100e-02  3.560000e+06  9.000800e-02
  3.570000e+06  8.921200e-02  3.580000e+06  8.872400e-02  3.590000e+06  8.869800e-02
  3.600000e+06  8.931000e-02  3.610000e+06  9.077800e-02  3.620000e+06  9.338500e-02
  3.630000e+06  9.751600e-02  3.640000e+06  1.036900e-01  3.650000e+06  1.125900e-01
  3.660000e+06  1.249600e-01  3.670000e+06  1.411300e-01  3.680000e+06  1.598300e-01
  3.690000e+06  1.763500e-01  3.700000e+06  1.833200e-01  3.710000e+06  1.770300e-01
  3.720000e+06  1.618900e-01  3.730000e+06  1.451500e-01  3.740000e+06  1.310500e-01
  3.750000e+06  1.207000e-01  3.760000e+06  1.137200e-01  3.770000e+06  1.094400e-01
  3.780000e+06  1.072500e-01  3.790000e+06  1.066800e-01  3.800000e+06  1.074000e-01
  3.810000e+06  1.091700e-01  3.820000e+06  1.118200e-01  3.830000e+06  1.152100e-01
  3.840000e+06  1.192400e-01  3.850000e+06  1.238000e-01  3.860000e+06  1.287900e-01
  3.870000e+06  1.340800e-01  3.880000e+06  1.395400e-01  3.890000e+06  1.450000e-01
  3.900000e+06  1.502900e-01  3.910000e+06  1.552200e-01  3.920000e+06  1.595800e-01
  3.930000e+06  1.631900e-01  3.940000e+06  1.658900e-01  3.950000e+06  1.675700e-01
  3.960000e+06  1.681800e-01  3.970000e+06  1.677300e-01  3.980000e+06  1.662800e-01
  3.990000e+06  1.639800e-01  4.000000e+06  1.609700e-01  4.010000e+06  1.570700e-01
  4.020000e+06  1.528500e-01  4.030000e+06  1.485000e-01  4.040000e+06  1.442400e-01
  4.050000e+06  1.401800e-01  4.060000e+06  1.365100e-01  4.070000e+06  1.333500e-01
  4.080000e+06  1.308300e-01  4.090000e+06  1.290900e-01  4.100000e+06  1.283000e-01
  4.110000e+06  1.286400e-01  4.120000e+06  1.303300e-01  4.130000e+06  1.336600e-01
  4.140000e+06  1.389700e-01  4.150000e+06  1.465800e-01  4.160000e+06  1.566400e-01
  4.170000e+06  1.687600e-01  4.180000e+06  1.814500e-01  4.190000e+06  1.919100e-01
  4.200000e+06  1.969700e-01  4.210000e+06  1.954900e-01  4.220000e+06  1.893800e-01
  4.230000e+06  1.821600e-01  4.240000e+06  1.766900e-01  4.250000e+06  1.745400e-01
  4.260000e+06  1.762300e-01  4.270000e+06  1.817000e-01  4.280000e+06  1.903500e-01
  4.290000e+06  2.009000e-01  4.300000e+06  2.111500e-01  4.310000e+06  2.181800e-01
  4.320000e+06  2.193100e-01  4.330000e+06  2.135900e-01  4.340000e+06  2.022500e-01
  4.350000e+06  1.879100e-01  4.360000e+06  1.730500e-01  4.370000e+06  1.593400e-01
  4.380000e+06  1.475200e-01  4.390000e+06  1.377500e-01  4.400000e+06  1.298900e-01
  4.410000e+06  1.237000e-01  4.420000e+06  1.189100e-01  4.430000e+06  1.152700e-01
  4.440000e+06  1.125900e-01  4.450000e+06  1.106900e-01  4.460000e+06  1.094500e-01
  4.470000e+06  1.087700e-01  4.480000e+06  1.085300e-01  4.490000e+06  1.087000e-01
  4.500000e+06  1.092100e-01  4.510000e+06  1.099000e-01  4.520000e+06  1.108400e-01
  4.530000e+06  1.120100e-01  4.540000e+06  1.133600e-01  4.550000e+06  1.148700e-01
  4.560000e+06  1.165100e-01  4.570000e+06  1.182700e-01  4.580000e+06  1.201100e-01
  4.590000e+06  1.220100e-01  4.600000e+06  1.239400e-01  4.610000e+06  1.258900e-01
  4.620000e+06  1.278300e-01  4.630000e+06  1.297400e-01  4.640000e+06  1.315900e-01
  4.650000e+06  1.333700e-01  4.660000e+06  1.350600e-01  4.670000e+06  1.366300e-01
  4.680000e+06  1.380800e-01  4.690000e+06  1.393800e-01  4.700000e+06  1.405200e-01
  4.710000e+06  1.415200e-01  4.720000e+06  1.423400e-01  4.730000e+06  1.430100e-01
  4.740000e+06  1.435200e-01  4.750000e+06  1.438900e-01  4.760000e+06  1.441300e-01
  4.770000e+06  1.442700e-01  4.780000e+06  1.443300e-01  4.790000e+06  1.443600e-01
  4.800000e+06  1.444000e-01  4.810000e+06  1.445000e-01  4.820000e+06  1.447200e-01
  4.830000e+06  1.451500e-01  4.840000e+06  1.459000e-01  4.850000e+06  1.470800e-01
  4.860000e+06  1.488800e-01  4.870000e+06  1.514900e-01  4.880000e+06  1.551600e-01
  4.890000e+06  1.602000e-01  4.900000e+06  1.668900e-01  4.910000e+06  1.753600e-01
  4.920000e+06  1.852500e-01  4.930000e+06  1.952200e-01  4.940000e+06  2.027400e-01
  4.950000e+06  2.049200e-01  4.960000e+06  2.005300e-01  4.970000e+06  1.911400e-01
  4.980000e+06  1.797300e-01  4.990000e+06  1.687200e-01  5.000000e+06  1.593500e-01
  5.010000e+06  1.526000e-01  5.020000e+06  1.476100e-01  5.030000e+06  1.441500e-01
  5.040000e+06  1.419700e-01  5.050000e+06  1.408700e-01  5.060000e+06  1.406700e-01
  5.070000e+06  1.412300e-01  5.080000e+06  1.424200e-01  5.090000e+06  1.441100e-01
  5.100000e+06  1.461100e-01  5.110000e+06  1.482500e-01  5.120000e+06  1.502900e-01
  5.130000e+06  1.520000e-01  5.140000e+06  1.531800e-01  5.150000e+06  1.536700e-01
  5.160000e+06  1.534300e-01  5.170000e+06  1.524800e-01  5.180000e+06  1.509700e-01
  5.190000e+06  1.490700e-01  5.200000e+06  1.469700e-01  5.210000e+06  1.448200e-01
  5.220000e+06  1.427600e-01  5.230000e+06  1.408700e-01  5.240000e+06  1.391900e-01
  5.250000e+06  1.377600e-01  5.260000e+06  1.365700e-01  5.270000e+06  1.356100e-01
  5.280000e+06  1.348700e-01  5.290000e+06  1.343600e-01  5.300000e+06  1.340800e-01
  5.310000e+06  1.340800e-01  5.320000e+06  1.344700e-01  5.330000e+06  1.356300e-01
  5.340000e+06  1.387200e-01  5.350000e+06  1.480100e-01  5.360000e+06  1.697300e-01
  5.370000e+06  1.558700e-01  5.380000e+06  1.411400e-01  5.390000e+06  1.363100e-01
  5.400000e+06  1.344200e-01  5.410000e+06  1.335500e-01  5.420000e+06  1.331300e-01
  5.430000e+06  1.329400e-01  5.440000e+06  1.329200e-01  5.450000e+06  1.330200e-01
  5.460000e+06  1.332500e-01  5.470000e+06  1.336200e-01  5.480000e+06  1.341400e-01
  5.490000e+06  1.348500e-01  5.500000e+06  1.358000e-01  5.510000e+06  1.369800e-01
  5.520000e+06  1.384700e-01  5.530000e+06  1.403400e-01  5.540000e+06  1.426100e-01
  5.550000e+06  1.453400e-01  5.560000e+06  1.485300e-01  5.570000e+06  1.521700e-01
  5.580000e+06  1.561800e-01  5.590000e+06  1.603900e-01  5.600000e+06  1.645200e-01
  5.610000e+06  1.681800e-01  5.620000e+06  1.708800e-01  5.630000e+06  1.721700e-01
  5.640000e+06  1.717000e-01  5.650000e+06  1.693500e-01  5.660000e+06  1.652900e-01
  5.670000e+06  1.598700e-01  5.680000e+06  1.535700e-01  5.690000e+06  1.468600e-01
  5.700000e+06  1.401200e-01  5.710000e+06  1.336000e-01  5.720000e+06  1.274800e-01
  5.730000e+06  1.218400e-01  5.740000e+06  1.167000e-01  5.750000e+06  1.120500e-01
  5.760000e+06  1.078700e-01  5.770000e+06  1.041100e-01  5.780000e+06  1.007300e-01
  5.790000e+06  9.770600e-02  5.800000e+06  9.498500e-02  5.810000e+06  9.254500e-02
  5.820000e+06  9.035800e-02  5.830000e+06  8.840100e-02  5.840000e+06  8.665400e-02
  5.850000e+06  8.510500e-02  5.860000e+06  8.374000e-02  5.870000e+06  8.254900e-02
  5.880000e+06  8.152700e-02  5.890000e+06  8.066900e-02  5.900000e+06  7.997300e-02
  5.910000e+06  7.943900e-02  5.920000e+06  7.906800e-02  5.930000e+06  7.886600e-02
  5.940000e+06  7.883600e-02  5.950000e+06  7.898900e-02  5.960000e+06  7.933200e-02
  5.970000e+06  7.987800e-02  5.980000e+06  8.064000e-02  5.990000e+06  8.163200e-02
  6.000000e+06  8.287200e-02  6.050000e+06  9.225700e-02  6.100000e+06  1.084900e-01
  6.150000e+06  1.226800e-01  6.200000e+06  1.167600e-01  6.250000e+06  9.477500e-02
  6.300000e+06  7.408200e-02  6.350000e+06  5.974100e-02  6.400000e+06  5.036100e-02
  6.450000e+06  4.415300e-02  6.500000e+06  3.998000e-02  6.550000e+06  3.714700e-02
  6.600000e+06  3.543200e-02  6.650000e+06  3.477600e-02  6.700000e+06  3.539600e-02
  6.750000e+06  3.796800e-02  6.800000e+06  4.401400e-02  6.850000e+06  5.518500e-02
  6.900000e+06  6.385900e-02  6.950000e+06  5.680300e-02  7.000000e+06  4.795000e-02
  7.050000e+06  4.467100e-02  7.100000e+06  4.564100e-02  7.150000e+06  4.949000e-02
  7.200000e+06  5.507300e-02  7.250000e+06  6.047500e-02  7.300000e+06  6.308200e-02
  7.350000e+06  6.172100e-02  7.400000e+06  5.814800e-02  7.450000e+06  5.522400e-02
  7.500000e+06  5.499800e-02  7.550000e+06  5.862900e-02  7.600000e+06  6.639700e-02
  7.650000e+06  7.587900e-02  7.700000e+06  7.985600e-02  7.750000e+06  7.331600e-02
  7.800000e+06  6.163300e-02  7.850000e+06  5.156000e-02  7.900000e+06  4.510800e-02
  7.950000e+06  4.193900e-02  8.000000e+06  4.130800e-02  8.050000e+06  4.229300e-02
  8.100000e+06  4.357600e-02  8.150000e+06  4.339400e-02  8.200000e+06  4.085600e-02
  8.250000e+06  3.679900e-02  8.300000e+06  3.265800e-02  8.350000e+06  2.927000e-02
  8.400000e+06  2.683900e-02  8.450000e+06  2.529800e-02  8.500000e+06  2.453100e-02
  8.550000e+06  2.445400e-02  8.600000e+06  2.503200e-02  8.650000e+06  2.625700e-02
  8.700000e+06  2.810700e-02  8.750000e+06  3.046800e-02  8.800000e+06  3.301000e-02
  8.850000e+06  3.514600e-02  8.900000e+06  3.624800e-02  8.950000e+06  3.611300e-02
  9.000000e+06  3.516800e-02  9.050000e+06  3.410900e-02  9.100000e+06  3.348900e-02
  9.150000e+06  3.348400e-02  9.200000e+06  3.388900e-02  9.250000e+06  3.417300e-02
  9.300000e+06  3.372300e-02  9.350000e+06  3.226800e-02  9.400000e+06  3.007900e-02
  9.450000e+06  2.769000e-02  9.500000e+06  2.554000e-02  9.550000e+06  2.384300e-02
  9.600000e+06  2.265800e-02  9.650000e+06  2.197800e-02  9.700000e+06  2.177900e-02
  9.750000e+06  2.203800e-02  9.800000e+06  2.271900e-02  9.850000e+06  2.372800e-02
  9.900000e+06  2.484300e-02  9.950000e+06  2.568800e-02  1.000000e+07  2.585800e-02
  1.005000e+07  2.519400e-02  1.010000e+07  2.391300e-02  1.015000e+07  2.240300e-02
  1.020000e+07  2.097100e-02  1.025000e+07  1.976300e-02  1.030000e+07  1.881000e-02
  1.035000e+07  1.808900e-02  1.040000e+07  1.756200e-02  1.045000e+07  1.718900e-02
  1.050000e+07  1.693800e-02  1.055000e+07  1.678500e-02  1.060000e+07  1.670800e-02
  1.065000e+07  1.669300e-02  1.070000e+07  1.672700e-02  1.075000e+07  1.680100e-02
  1.080000e+07  1.690700e-02  1.085000e+07  1.703800e-02  1.090000e+07  1.719000e-02
  1.095000e+07  1.735800e-02  1.100000e+07  1.753700e-02  1.105000e+07  1.772100e-02
  1.110000e+07  1.791000e-02  1.115000e+07  1.810300e-02  1.120000e+07  1.829600e-02
  1.125000e+07  1.848700e-02  1.130000e+07  1.867400e-02  1.135000e+07  1.885500e-02
  1.140000e+07  1.902700e-02  1.145000e+07  1.919000e-02  1.150000e+07  1.934100e-02
  1.155000e+07  1.948000e-02  1.160000e+07  1.960500e-02  1.165000e+07  1.971600e-02
  1.170000e+07  1.981300e-02  1.175000e+07  1.989500e-02  1.180000e+07  1.996300e-02
  1.185000e+07  2.001700e-02  1.190000e+07  2.005600e-02  1.195000e+07  2.008300e-02
  1.200000e+07  2.009700e-02  1.205000e+07  2.010100e-02  1.210000e+07  2.009500e-02
  1.215000e+07  2.008000e-02  1.220000e+07  2.005800e-02  1.225000e+07  2.002800e-02
  1.230000e+07  1.999400e-02  1.235000e+07  1.995600e-02  1.240000e+07  1.991400e-02
  1.245000e+07  1.987200e-02  1.250000e+07  1.982800e-02  1.255000e+07  1.978400e-02
  1.260000e+07  1.974200e-02  1.265000e+07  1.970100e-02  1.270000e+07  1.966200e-02
  1.275000e+07  1.962600e-02  1.280000e+07  1.959200e-02  1.285000e+07  1.956100e-02
  1.290000e+07  1.953300e-02  1.295000e+07  1.950700e-02  1.300000e+07  1.948300e-02
  1.305000e+07  1.946100e-02  1.310000e+07  1.944100e-02  1.315000e+07  1.942100e-02
  1.320000e+07  1.940100e-02  1.325000e+07  1.938100e-02  1.330000e+07  1.935900e-02
  1.335000e+07  1.933400e-02  1.340000e+07  1.930500e-02  1.345000e+07  1.927200e-02
  1.350000e+07  1.923300e-02  1.355000e+07  1.918700e-02  1.360000e+07  1.913400e-02
  1.365000e+07  1.907300e-02  1.370000e+07  1.900200e-02  1.375000e+07  1.892100e-02
  1.380000e+07  1.883000e-02  1.385000e+07  1.872800e-02  1.390000e+07  1.861500e-02
  1.395000e+07  1.848900e-02  1.400000e+07  1.835200e-02  1.405000e+07  1.820700e-02
  1.410000e+07  1.805000e-02  1.415000e+07  1.788200e-02  1.420000e+07  1.770200e-02
  1.425000e+07  1.751200e-02  1.430000e+07  1.731100e-02  1.435000e+07  1.710100e-02
  1.440000e+07  1.688200e-02  1.445000e+07  1.665500e-02  1.450000e+07  1.642000e-02
  1.455000e+07  1.617800e-02  1.460000e+07  1.593100e-02  1.465000e+07  1.567800e-02
  1.470000e+07  1.542200e-02  1.475000e+07  1.516200e-02  1.480000e+07  1.489900e-02
  1.485000e+07  1.463500e-02  1.490000e+07  1.437000e-02  1.495000e+07  1.410400e-02
  1.500000e+07  1.383800e-02
             1
             3
            51             0
      -2154840             0           486
  2.938270e+06  0.000000e+00  2.960000e+06  7.998900e-06  2.970000e+06  8.498900e-06
  2.980000e+06  7.198400e-06  2.990000e+06  9.498700e-06  3.000000e+06  1.099700e-05
  3.010000e+06  1.300100e-05  3.020000e+06  1.500200e-05  3.030000e+06  1.699800e-05
  3.040000e+06  1.900300e-05  3.050000e+06  2.200200e-05  3.060000e+06  2.500000e-05
  3.070000e+06  2.799900e-05  3.080000e+06  3.200000e-05  3.090000e+06  3.700000e-05
  3.100000e+06  4.199900e-05  3.110000e+06  4.899900e-05  3.120000e+06  5.700100e-05
  3.130000e+06  6.799800e-05  3.140000e+06  8.100300e-05  3.150000e+06  9.799700e-05
  3.160000e+06  1.190000e-04  3.170000e+06  1.460000e-04  3.180000e+06  1.800000e-04
  3.190000e+06  2.180000e-04  3.200000e+06  2.570000e-04  3.210000e+06  2.890000e-04
  3.220000e+06  3.030000e-04  3.230000e+06  2.960000e-04  3.240000e+06  2.720000e-04
  3.250000e+06  2.410000e-04  3.260000e+06  2.100000e-04  3.270000e+06  1.820000e-04
  3.280000e+06  1.600000e-04  3.290000e+06  1.430000e-04  3.300000e+06  1.290000e-04
  3.310000e+06  1.190000e-04  3.320000e+06  1.120000e-04  3.330000e+06  1.070000e-04
  3.340000e+06  1.040000e-04  3.350000e+06  1.020000e-04  3.360000e+06  1.010000e-04
  3.370000e+06  1.010000e-04  3.380000e+06  1.030000e-04  3.390000e+06  1.040000e-04
  3.400000e+06  1.070000e-04  3.410000e+06  1.100000e-04  3.420000e+06  1.130000e-04
  3.430000e+06  1.170000e-04  3.440000e+06  1.200000e-04  3.450000e+06  1.230000e-04
  3.460000e+06  1.260000e-04  3.470000e+06  1.290000e-04  3.480000e+06  1.310000e-04
  3.490000e+06  1.330000e-04  3.500000e+06  1.340000e-04  3.510000e+06  1.350000e-04
  3.520000e+06  1.350000e-04  3.530000e+06  1.360000e-04  3.540000e+06  1.360000e-04
  3.550000e+06  1.360000e-04  3.560000e+06  1.360000e-04  3.570000e+06  1.370000e-04
  3.580000e+06  1.380000e-04  3.590000e+06  1.410000e-04  3.600000e+06  1.440000e-04
  3.610000e+06  1.500000e-04  3.620000e+06  1.570000e-04  3.630000e+06  1.680000e-04
  3.640000e+06  1.800000e-04  3.650000e+06  2.000000e-04  3.660000e+06  2.300100e-04
  3.670000e+06  2.699900e-04  3.680000e+06  3.099900e-04  3.690000e+06  3.400000e-04
  3.700000e+06  3.600000e-04  3.710000e+06  3.400000e-04  3.720000e+06  3.100000e-04
  3.730000e+06  2.699900e-04  3.740000e+06  2.400000e-04  3.750000e+06  2.200000e-04
  3.760000e+06  2.000000e-04  3.770000e+06  1.900000e-04  3.780000e+06  1.800100e-04
  3.790000e+06  1.800000e-04  3.800000e+06  1.700000e-04  3.810000e+06  1.700000e-04
  3.820000e+06  1.700000e-04  3.830000e+06  1.700000e-04  3.840000e+06  1.700000e-04
  3.850000e+06  1.800000e-04  3.860000e+06  1.799900e-04  3.870000e+06  1.900000e-04
  3.880000e+06  1.900000e-04  3.890000e+06  2.000000e-04  3.900000e+06  2.000000e-04
  3.910000e+06  2.100000e-04  3.920000e+06  2.199900e-04  3.930000e+06  2.199900e-04
  3.940000e+06  2.300000e-04  3.950000e+06  2.400000e-04  3.960000e+06  2.500000e-04
  3.970000e+06  2.600000e-04  3.980000e+06  2.699900e-04  3.990000e+06  2.799900e-04
  4.000000e+06  2.899900e-04  4.010000e+06  6.147800e-04  4.020000e+06  9.238400e-04
  4.030000e+06  1.226400e-03  4.040000e+06  1.503200e-03  4.050000e+06  1.776000e-03
  4.060000e+06  2.048000e-03  4.070000e+06  2.313400e-03  4.080000e+06  2.577300e-03
  4.090000e+06  2.856300e-03  4.100000e+06  3.158400e-03  4.110000e+06  3.493700e-03
  4.120000e+06  3.874700e-03  4.130000e+06  4.328000e-03  4.140000e+06  4.873200e-03
  4.150000e+06  5.543300e-03  4.160000e+06  6.358200e-03  4.170000e+06  7.319800e-03
  4.180000e+06  8.346300e-03  4.190000e+06  9.320600e-03  4.200000e+06  1.002700e-02
  4.210000e+06  1.038100e-02  4.220000e+06  1.045600e-02  4.230000e+06  1.042300e-02
  4.240000e+06  1.046900e-02  4.250000e+06  1.070600e-02  4.260000e+06  1.119700e-02
  4.270000e+06  1.194200e-02  4.280000e+06  1.294200e-02  4.290000e+06  1.412000e-02
  4.300000e+06  1.532800e-02  4.310000e+06  1.634100e-02  4.320000e+06  1.692600e-02
  4.330000e+06  1.697300e-02  4.340000e+06  1.653700e-02  4.350000e+06  1.579400e-02
  4.360000e+06  1.493700e-02  4.370000e+06  1.412300e-02  4.380000e+06  1.342300e-02
  4.390000e+06  1.285300e-02  4.400000e+06  1.242500e-02  4.410000e+06  1.213000e-02
  4.420000e+06  1.194400e-02  4.430000e+06  1.186600e-02  4.440000e+06  1.186400e-02
  4.450000e+06  1.193800e-02  4.460000e+06  1.207000e-02  4.470000e+06  1.226500e-02
  4.480000e+06  1.251600e-02  4.490000e+06  1.281000e-02  4.500000e+06  1.314400e-02
  4.510000e+06  1.351300e-02  4.520000e+06  1.391600e-02  4.530000e+06  1.435100e-02
  4.540000e+06  1.481600e-02  4.550000e+06  1.530800e-02  4.560000e+06  1.583600e-02
  4.570000e+06  1.637800e-02  4.580000e+06  1.695100e-02  4.590000e+06  1.753300e-02
  4.600000e+06  1.814100e-02  4.610000e+06  1.876200e-02  4.620000e+06  1.938400e-02
  4.630000e+06  2.002300e-02  4.640000e+06  2.065600e-02  4.650000e+06  2.128900e-02
  4.660000e+06  2.192900e-02  4.670000e+06  2.254100e-02  4.680000e+06  2.315400e-02
  4.690000e+06  2.375300e-02  4.700000e+06  2.432600e-02  4.710000e+06  2.488100e-02
  4.720000e+06  2.540600e-02  4.730000e+06  2.591900e-02  4.740000e+06  2.640100e-02
  4.750000e+06  2.686200e-02  4.760000e+06  2.729400e-02  4.770000e+06  2.772200e-02
  4.780000e+06  2.812800e-02  4.790000e+06  2.852900e-02  4.800000e+06  2.893400e-02
  4.810000e+06  2.935400e-02  4.820000e+06  2.980000e-02  4.830000e+06  3.029100e-02
  4.840000e+06  3.084100e-02  4.850000e+06  3.149600e-02  4.860000e+06  3.228700e-02
  4.870000e+06  3.327200e-02  4.880000e+06  3.449100e-02  4.890000e+06  3.604000e-02
  4.900000e+06  3.799500e-02  4.910000e+06  4.038700e-02  4.920000e+06  4.315200e-02
  4.930000e+06  4.600800e-02  4.940000e+06  4.835000e-02  4.950000e+06  4.946800e-02
  4.960000e+06  4.904100e-02  4.970000e+06  4.736700e-02  4.980000e+06  4.514400e-02
  4.990000e+06  4.295500e-02  5.000000e+06  1.018000e-03  5.010000e+06  1.485400e-03
  5.020000e+06  1.925600e-03  5.030000e+06  2.355000e-03  5.040000e+06  2.784400e-03
  5.050000e+06  3.222900e-03  5.060000e+06  3.669100e-03  5.070000e+06  4.131000e-03
  5.080000e+06  4.615400e-03  5.090000e+06  5.122900e-03  5.100000e+06  5.642400e-03
  5.110000e+06  6.182300e-03  5.120000e+06  6.730600e-03  5.130000e+06  7.259500e-03
  5.140000e+06  7.770000e-03  5.150000e+06  8.245500e-03  5.160000e+06  8.670900e-03
  5.170000e+06  9.049800e-03  5.180000e+06  9.386800e-03  5.190000e+06  9.678200e-03
  5.200000e+06  9.953600e-03  5.210000e+06  1.019600e-02  5.220000e+06  1.043700e-02
  5.230000e+06  1.067200e-02  5.240000e+06  1.091900e-02  5.250000e+06  1.118000e-02
  5.260000e+06  1.144200e-02  5.270000e+06  1.172300e-02  5.280000e+06  1.201800e-02
  5.290000e+06  1.233600e-02  5.300000e+06  1.267600e-02  5.310000e+06  1.304300e-02
  5.320000e+06  1.345600e-02  5.330000e+06  1.398500e-02  5.340000e+06  1.480300e-02
  5.350000e+06  1.656500e-02  5.360000e+06  2.030200e-02  5.370000e+06  1.859800e-02
  5.380000e+06  1.666600e-02  5.390000e+06  1.623800e-02  5.400000e+06  1.626700e-02
  5.410000e+06  1.577600e-02  5.420000e+06  1.532800e-02  5.430000e+06  1.489600e-02
  5.440000e+06  1.444900e-02  5.450000e+06  1.399800e-02  5.460000e+06  1.352200e-02
  5.470000e+06  1.303600e-02  5.480000e+06  1.253600e-02  5.490000e+06  1.201500e-02
  5.500000e+06  1.147900e-02  5.510000e+06  1.092600e-02  5.520000e+06  1.036600e-02
  5.530000e+06  9.776700e-03  5.540000e+06  9.167000e-03  5.550000e+06  8.531500e-03
  5.560000e+06  7.855600e-03  5.570000e+06  7.137300e-03  5.580000e+06  6.359100e-03
  5.590000e+06  5.505800e-03  5.600000e+06  4.563400e-03  5.610000e+06  4.691100e-03
  5.620000e+06  4.794800e-03  5.630000e+06  4.858800e-03  5.640000e+06  4.871800e-03
  5.650000e+06  4.827800e-03  5.660000e+06  4.738200e-03  5.670000e+06  4.603500e-03
  5.680000e+06  4.442200e-03  5.690000e+06  4.266600e-03  5.700000e+06  4.087200e-03
  5.710000e+06  3.914100e-03  5.720000e+06  3.746800e-03  5.730000e+06  3.594700e-03
  5.740000e+06  3.452300e-03  5.750000e+06  3.325000e-03  5.760000e+06  3.210100e-03
  5.770000e+06  3.105300e-03  5.780000e+06  3.011000e-03  5.790000e+06  2.926400e-03
  5.800000e+06  2.850400e-03  5.810000e+06  2.788500e-03  5.820000e+06  2.735200e-03
  5.830000e+06  2.686300e-03  5.840000e+06  2.643100e-03  5.850000e+06  2.606100e-03
  5.860000e+06  2.572700e-03  5.870000e+06  2.544200e-03  5.880000e+06  2.521400e-03
  5.890000e+06  2.502300e-03  5.900000e+06  2.487700e-03  5.910000e+06  2.478000e-03
  5.920000e+06  2.472600e-03  5.930000e+06  2.472300e-03  5.940000e+06  2.476900e-03
  5.950000e+06  2.487000e-03  5.960000e+06  2.502500e-03  5.970000e+06  2.524400e-03
  5.980000e+06  2.552200e-03  5.990000e+06  2.587900e-03  6.000000e+06  2.630400e-03
  6.050000e+06  3.118400e-03  6.100000e+06  3.873700e-03  6.150000e+06  4.596000e-03
  6.200000e+06  4.566800e-03  6.250000e+06  3.869000e-03  6.300000e+06  3.147500e-03
  6.350000e+06  2.635000e-03  6.400000e+06  2.300500e-03  6.450000e+06  2.092300e-03
  6.500000e+06  1.962900e-03  6.550000e+06  1.888700e-03  6.600000e+06  1.866500e-03
  6.650000e+06  1.878200e-03  6.700000e+06  1.966500e-03  6.750000e+06  2.191600e-03
  6.800000e+06  2.657500e-03  6.850000e+06  3.555500e-03  6.900000e+06  4.276300e-03
  6.950000e+06  3.792700e-03  7.000000e+06  3.140800e-03  7.050000e+06  2.652400e-03
  7.100000e+06  2.467900e-03  7.150000e+06  2.434300e-03  7.200000e+06  2.445200e-03
  7.250000e+06  2.654300e-03  7.300000e+06  2.731100e-03  7.350000e+06  2.627000e-03
  7.400000e+06  2.426300e-03  7.450000e+06  2.263900e-03  7.500000e+06  2.213000e-03
  7.550000e+06  2.334700e-03  7.600000e+06  2.618600e-03  7.650000e+06  2.976700e-03
  7.700000e+06  3.123600e-03  7.750000e+06  2.867200e-03  7.800000e+06  2.417400e-03
  7.850000e+06  1.981700e-03  7.900000e+06  1.700500e-03  7.950000e+06  1.550200e-03
  8.000000e+06  1.494000e-03  8.050000e+06  1.509400e-03  8.100000e+06  1.525300e-03
  8.150000e+06  1.477800e-03  8.200000e+06  1.342500e-03  8.250000e+06  1.201300e-03
  8.300000e+06  1.056800e-03  8.350000e+06  9.383400e-04  8.400000e+06  8.530600e-04
  8.450000e+06  7.888800e-04  8.500000e+06  7.511300e-04  8.550000e+06  7.351600e-04
  8.600000e+06  7.390800e-04  8.650000e+06  7.768600e-04  8.700000e+06  8.335400e-04
  8.750000e+06  9.050100e-04  8.800000e+06  9.803100e-04  8.850000e+06  1.030300e-03
  8.900000e+06  1.044400e-03  8.950000e+06  1.018100e-03  9.000000e+06  9.661800e-04
  9.050000e+06  9.275800e-04  9.100000e+06  9.006800e-04  9.150000e+06  8.908300e-04
  9.200000e+06  8.925700e-04  9.250000e+06  8.946200e-04  9.300000e+06  8.782000e-04
  9.350000e+06  8.361500e-04  9.400000e+06  7.756100e-04  9.450000e+06  7.126300e-04
  9.500000e+06  6.560000e-04  9.550000e+06  6.102900e-04  9.600000e+06  5.780200e-04
  9.650000e+06  5.545100e-04  9.700000e+06  5.434200e-04  9.750000e+06  5.437700e-04
  9.800000e+06  5.542700e-04  9.850000e+06  5.802500e-04  9.900000e+06  6.088100e-04
  9.950000e+06  6.304000e-04  1.000000e+07  6.347400e-04  1.005000e+07  6.177900e-04
  1.010000e+07  5.851100e-04  1.015000e+07  5.465800e-04  1.020000e+07  5.099600e-04
  1.025000e+07  4.801400e-04  1.030000e+07  4.566300e-04  1.035000e+07  4.388900e-04
  1.040000e+07  4.259700e-04  1.045000e+07  4.175700e-04  1.050000e+07  4.122300e-04
  1.055000e+07  4.084700e-04  1.060000e+07  4.066300e-04  1.065000e+07  4.073300e-04
  1.070000e+07  4.092800e-04  1.075000e+07  4.122500e-04  1.080000e+07  4.160400e-04
  1.085000e+07  4.181700e-04  1.090000e+07  4.207300e-04  1.095000e+07  4.235800e-04
  1.100000e+07  4.266000e-04  1.105000e+07  4.295900e-04  1.110000e+07  4.326000e-04
  1.115000e+07  4.355800e-04  1.120000e+07  4.384300e-04  1.125000e+07  4.439700e-04
  1.130000e+07  4.494300e-04  1.135000e+07  4.547300e-04  1.140000e+07  4.597600e-04
  1.145000e+07  4.652100e-04  1.150000e+07  4.681900e-04  1.155000e+07  4.719700e-04
  1.160000e+07  4.752300e-04  1.165000e+07  4.756300e-04  1.170000e+07  4.753700e-04
  1.175000e+07  4.743500e-04  1.180000e+07  4.725100e-04  1.185000e+07  4.727000e-04
  1.190000e+07  4.719800e-04  1.195000e+07  4.702700e-04  1.200000e+07  4.675200e-04
  1.205000e+07  4.659400e-04  1.210000e+07  4.638600e-04  1.215000e+07  4.613100e-04
  1.220000e+07  4.583200e-04  1.225000e+07  4.504400e-04  1.230000e+07  4.420500e-04
  1.235000e+07  4.331800e-04  1.240000e+07  4.238500e-04  1.245000e+07  4.157400e-04
  1.250000e+07  4.072200e-04  1.255000e+07  4.014200e-04  1.260000e+07  3.955900e-04
  1.265000e+07  3.932400e-04  1.270000e+07  3.909100e-04  1.275000e+07  3.885800e-04
  1.280000e+07  3.862600e-04  1.285000e+07  3.850100e-04  1.290000e+07  3.838200e-04
  1.295000e+07  3.826400e-04  1.300000e+07  3.814300e-04  1.305000e+07  3.790000e-04
  1.310000e+07  3.765500e-04  1.315000e+07  3.739500e-04  1.320000e+07  3.712700e-04
  1.325000e+07  3.687800e-04  1.330000e+07  3.661500e-04  1.335000e+07  3.633300e-04
  1.340000e+07  3.603800e-04  1.345000e+07  3.581400e-04  1.350000e+07  3.556900e-04
  1.355000e+07  3.535700e-04  1.360000e+07  3.512700e-04  1.365000e+07  3.491300e-04
  1.370000e+07  3.467600e-04  1.375000e+07  3.441800e-04  1.380000e+07  3.413700e-04
  1.385000e+07  3.382900e-04  1.390000e+07  3.349700e-04  1.395000e+07  3.314100e-04
  1.400000e+07  3.276300e-04  1.405000e+07  3.243200e-04  1.410000e+07  3.208200e-04
  1.415000e+07  3.171100e-04  1.420000e+07  3.131500e-04  1.425000e+07  3.095100e-04
  1.430000e+07  3.056900e-04  1.435000e+07  3.017100e-04  1.440000e+07  2.975800e-04
  1.445000e+07  2.934000e-04  1.450000e+07  2.891000e-04  1.455000e+07  2.845500e-04
  1.460000e+07  2.799400e-04  1.465000e+07  2.753800e-04  1.470000e+07  2.707400e-04
  1.475000e+07  2.660900e-04  1.480000e+07  2.613600e-04  1.485000e+07  2.570000e-04
  1.490000e+07  2.526600e-04  1.495000e+07  2.482700e-04  1.500000e+07  2.439000e-04
             1
             3
            52             0
      -3789840             0           262
  5.167700e+06  0.000000e+00  5.200000e+06  0.000000e+00  5.210000e+06  9.197600e-08
  5.220000e+06  1.883100e-07  5.230000e+06  2.888200e-07  5.240000e+06  3.940000e-07
  5.250000e+06  5.042900e-07  5.260000e+06  6.193500e-07  5.270000e+06  7.402800e-07
  5.280000e+06  8.673400e-07  5.290000e+06  1.001600e-06  5.300000e+06  1.143600e-06
  5.310000e+06  1.294400e-06  5.320000e+06  1.456700e-06  5.330000e+06  1.640300e-06
  5.340000e+06  1.869700e-06  5.350000e+06  2.241700e-06  5.360000e+06  2.930700e-06
  5.370000e+06  2.852500e-06  5.380000e+06  2.706600e-06  5.390000e+06  2.783500e-06
  5.400000e+06  2.935400e-06  5.410000e+06  6.913200e-04  5.420000e+06  1.401600e-03
  5.430000e+06  2.139400e-03  5.440000e+06  2.904800e-03  5.450000e+06  3.702600e-03
  5.460000e+06  4.531000e-03  5.470000e+06  5.396800e-03  5.480000e+06  6.303500e-03
  5.490000e+06  7.251900e-03  5.500000e+06  8.250300e-03  5.510000e+06  9.306500e-03
  5.520000e+06  1.044000e-02  5.530000e+06  1.164400e-02  5.540000e+06  1.294300e-02
  5.550000e+06  1.435200e-02  5.560000e+06  1.587600e-02  5.570000e+06  1.754100e-02
  5.580000e+06  1.934300e-02  5.590000e+06  2.127100e-02  5.600000e+06  2.329300e-02
  5.610000e+06  2.416700e-02  5.620000e+06  2.493100e-02  5.630000e+06  2.550000e-02
  5.640000e+06  2.581000e-02  5.650000e+06  2.581900e-02  5.660000e+06  2.558200e-02
  5.670000e+06  2.509400e-02  5.680000e+06  2.444800e-02  5.690000e+06  2.371100e-02
  5.700000e+06  2.293600e-02  5.710000e+06  2.218200e-02  5.720000e+06  2.144500e-02
  5.730000e+06  2.078100e-02  5.740000e+06  2.015900e-02  5.750000e+06  1.961300e-02
  5.760000e+06  1.912900e-02  5.770000e+06  1.869500e-02  5.780000e+06  1.831500e-02
  5.790000e+06  1.798700e-02  5.800000e+06  1.770400e-02  5.810000e+06  1.744600e-02
  5.820000e+06  1.723700e-02  5.830000e+06  1.705300e-02  5.840000e+06  1.690200e-02
  5.850000e+06  1.678900e-02  5.860000e+06  1.669800e-02  5.870000e+06  1.663600e-02
  5.880000e+06  1.661100e-02  5.890000e+06  1.661000e-02  5.900000e+06  1.663900e-02
  5.910000e+06  1.670100e-02  5.920000e+06  1.679300e-02  5.930000e+06  1.692100e-02
  5.940000e+06  1.708500e-02  5.950000e+06  1.728900e-02  5.960000e+06  1.753400e-02
  5.970000e+06  1.782800e-02  5.980000e+06  1.816800e-02  5.990000e+06  1.857000e-02
  6.000000e+06  1.902800e-02  6.050000e+06  2.316500e-02  6.100000e+06  2.956600e-02
  6.150000e+06  3.606400e-02  6.200000e+06  3.686300e-02  6.250000e+06  3.199600e-02
  6.300000e+06  2.668000e-02  6.350000e+06  2.290600e-02  6.400000e+06  2.051900e-02
  6.450000e+06  1.908300e-02  6.500000e+06  1.831400e-02  6.550000e+06  1.803400e-02
  6.600000e+06  1.824700e-02  6.650000e+06  1.865000e-02  6.700000e+06  1.985100e-02
  6.750000e+06  2.251300e-02  6.800000e+06  2.780700e-02  6.850000e+06  3.788300e-02
  6.900000e+06  4.641200e-02  6.950000e+06  4.194600e-02  7.000000e+06  3.541000e-02
  7.050000e+06  3.041400e-02  7.100000e+06  2.886700e-02  7.150000e+06  2.915500e-02
  7.200000e+06  3.013400e-02  7.250000e+06  3.311800e-02  7.300000e+06  3.451600e-02
  7.350000e+06  3.364300e-02  7.400000e+06  3.150400e-02  7.450000e+06  2.976700e-02
  7.500000e+06  2.947700e-02  7.550000e+06  3.151700e-02  7.600000e+06  3.584000e-02
  7.650000e+06  4.130900e-02  7.700000e+06  4.396800e-02  7.750000e+06  4.095400e-02
  7.800000e+06  3.505200e-02  7.850000e+06  2.904200e-02  7.900000e+06  2.521200e-02
  7.950000e+06  2.327800e-02  8.000000e+06  2.275100e-02  8.050000e+06  2.316600e-02
  8.100000e+06  2.361200e-02  8.150000e+06  2.309200e-02  8.200000e+06  2.119600e-02
  8.250000e+06  1.914600e-02  8.300000e+06  1.700600e-02  8.350000e+06  1.525200e-02
  8.400000e+06  1.401200e-02  8.450000e+06  1.307900e-02  8.500000e+06  1.257700e-02
  8.550000e+06  1.244100e-02  8.600000e+06  1.265100e-02  8.650000e+06  1.338300e-02
  8.700000e+06  1.445500e-02  8.750000e+06  1.580400e-02  8.800000e+06  1.724300e-02
  8.850000e+06  1.823300e-02  8.900000e+06  1.860500e-02  8.950000e+06  1.826300e-02
  9.000000e+06  1.746200e-02  9.050000e+06  1.688500e-02  9.100000e+06  1.651800e-02
  9.150000e+06  1.646300e-02  9.200000e+06  1.662800e-02  9.250000e+06  1.676000e-02
  9.300000e+06  1.654900e-02  9.350000e+06  1.585100e-02  9.400000e+06  1.479600e-02
  9.450000e+06  1.366300e-02  9.500000e+06  1.264200e-02  9.550000e+06  1.182500e-02
  9.600000e+06  1.126200e-02  9.650000e+06  1.085900e-02  9.700000e+06  1.069900e-02
  9.750000e+06  1.076600e-02  9.800000e+06  1.104000e-02  9.850000e+06  1.161800e-02
  9.900000e+06  1.225500e-02  9.950000e+06  1.276000e-02  1.000000e+07  1.292100e-02
  1.005000e+07  1.262500e-02  1.010000e+07  1.200600e-02  1.015000e+07  1.126300e-02
  1.020000e+07  1.055300e-02  1.025000e+07  9.977800e-03  1.030000e+07  9.530300e-03
  1.035000e+07  9.200500e-03  1.040000e+07  8.970100e-03  1.045000e+07  8.833700e-03
  1.050000e+07  8.761600e-03  1.055000e+07  8.723700e-03  1.060000e+07  8.727300e-03
  1.065000e+07  8.774900e-03  1.070000e+07  8.850500e-03  1.075000e+07  8.949100e-03
  1.080000e+07  9.067500e-03  1.085000e+07  9.144800e-03  1.090000e+07  9.233300e-03
  1.095000e+07  9.329900e-03  1.100000e+07  9.431900e-03  1.105000e+07  9.534100e-03
  1.110000e+07  9.638800e-03  1.115000e+07  9.744800e-03  1.120000e+07  9.849900e-03
  1.125000e+07  1.001200e-02  1.130000e+07  1.017400e-02  1.135000e+07  1.033400e-02
  1.140000e+07  1.049000e-02  1.145000e+07  1.065100e-02  1.150000e+07  1.075600e-02
  1.155000e+07  1.088100e-02  1.160000e+07  1.099600e-02  1.165000e+07  1.104300e-02
  1.170000e+07  1.107500e-02  1.175000e+07  1.109100e-02  1.180000e+07  1.108800e-02
  1.185000e+07  1.113700e-02  1.190000e+07  1.116600e-02  1.195000e+07  1.117100e-02
  1.200000e+07  1.115300e-02  1.205000e+07  1.115100e-02  1.210000e+07  1.113800e-02
  1.215000e+07  1.111400e-02  1.220000e+07  1.108100e-02  1.225000e+07  1.092500e-02
  1.230000e+07  1.075700e-02  1.235000e+07  1.057700e-02  1.240000e+07  1.038700e-02
  1.245000e+07  1.022400e-02  1.250000e+07  1.005100e-02  1.255000e+07  9.946100e-03
  1.260000e+07  9.840600e-03  1.265000e+07  9.815400e-03  1.270000e+07  9.791100e-03
  1.275000e+07  9.767700e-03  1.280000e+07  9.745100e-03  1.285000e+07  9.745500e-03
  1.290000e+07  9.747900e-03  1.295000e+07  9.751300e-03  1.300000e+07  9.754600e-03
  1.305000e+07  9.726800e-03  1.310000e+07  9.698600e-03  1.315000e+07  9.667300e-03
  1.320000e+07  9.634100e-03  1.325000e+07  9.604400e-03  1.330000e+07  9.571100e-03
  1.335000e+07  9.533300e-03  1.340000e+07  9.492300e-03  1.345000e+07  9.464800e-03
  1.350000e+07  9.431800e-03  1.355000e+07  9.407800e-03  1.360000e+07  9.379300e-03
  1.365000e+07  9.354800e-03  1.370000e+07  9.324500e-03  1.375000e+07  9.288400e-03
  1.380000e+07  9.246800e-03  1.385000e+07  9.196800e-03  1.390000e+07  9.140600e-03
  1.395000e+07  9.077700e-03  1.400000e+07  9.008900e-03  1.405000e+07  8.948100e-03
  1.410000e+07  8.881600e-03  1.415000e+07  8.809500e-03  1.420000e+07  8.730400e-03
  1.425000e+07  8.658200e-03  1.430000e+07  8.580700e-03  1.435000e+07  8.498600e-03
  1.440000e+07  8.412000e-03  1.445000e+07  8.323400e-03  1.450000e+07  8.231100e-03
  1.455000e+07  8.131200e-03  1.460000e+07  8.029100e-03  1.465000e+07  7.926000e-03
  1.470000e+07  7.819900e-03  1.475000e+07  7.713200e-03  1.480000e+07  7.603600e-03
  1.485000e+07  7.501000e-03  1.490000e+07  7.398300e-03  1.495000e+07  7.294000e-03
  1.500000e+07  7.189700e-03
             1
             3
            53             0
      -4756840             0           170
  6.486270e+06  0.000000e+00  6.600000e+06  0.000000e+00  6.650000e+06  4.168200e-04
  6.700000e+06  9.043600e-04  6.750000e+06  1.568500e-03  6.800000e+06  2.634700e-03
  6.850000e+06  3.629300e-03  6.900000e+06  4.495200e-03  6.950000e+06  4.106700e-03
  7.000000e+06  3.504000e-03  7.050000e+06  2.992700e-03  7.100000e+06  2.822000e-03
  7.150000e+06  2.828500e-03  7.200000e+06  2.897100e-03  7.250000e+06  3.171200e-03
  7.300000e+06  3.291400e-03  7.350000e+06  3.194700e-03  7.400000e+06  2.978500e-03
  7.450000e+06  2.792000e-03  7.500000e+06  2.742400e-03  7.550000e+06  2.907700e-03
  7.600000e+06  3.278200e-03  7.650000e+06  3.734600e-03  7.700000e+06  3.927700e-03
  7.750000e+06  3.613900e-03  7.800000e+06  3.054300e-03  7.850000e+06  2.505600e-03
  7.900000e+06  2.151700e-03  7.950000e+06  1.963300e-03  8.000000e+06  1.893900e-03
  8.050000e+06  1.913300e-03  8.100000e+06  1.933500e-03  8.150000e+06  1.873100e-03
  8.200000e+06  1.701500e-03  8.250000e+06  1.522800e-03  8.300000e+06  1.339800e-03
  8.350000e+06  1.189700e-03  8.400000e+06  1.081800e-03  8.450000e+06  1.000600e-03
  8.500000e+06  9.530000e-04  8.550000e+06  9.330200e-04  8.600000e+06  9.383000e-04
  8.650000e+06  9.853500e-04  8.700000e+06  1.056200e-03  8.750000e+06  1.145600e-03
  8.800000e+06  1.239600e-03  8.850000e+06  1.301600e-03  8.900000e+06  1.318000e-03
  8.950000e+06  1.283300e-03  9.000000e+06  1.216300e-03  9.050000e+06  1.167100e-03
  9.100000e+06  1.132700e-03  9.150000e+06  1.119700e-03  9.200000e+06  1.121300e-03
  9.250000e+06  1.122700e-03  9.300000e+06  1.100900e-03  9.350000e+06  1.047100e-03
  9.400000e+06  9.701500e-04  9.450000e+06  8.903400e-04  9.500000e+06  8.186100e-04
  9.550000e+06  7.606200e-04  9.600000e+06  7.194700e-04  9.650000e+06  6.894600e-04
  9.700000e+06  6.749000e-04  9.750000e+06  6.745300e-04  9.800000e+06  6.866700e-04
  9.850000e+06  7.181900e-04  9.900000e+06  7.528100e-04  9.950000e+06  7.787200e-04
  1.000000e+07  7.832700e-04  1.005000e+07  7.614900e-04  1.010000e+07  7.203500e-04
  1.015000e+07  6.720900e-04  1.020000e+07  6.262500e-04  1.025000e+07  5.889500e-04
  1.030000e+07  5.594500e-04  1.035000e+07  5.370500e-04  1.040000e+07  5.205700e-04
  1.045000e+07  5.098400e-04  1.050000e+07  5.028300e-04  1.055000e+07  4.977700e-04
  1.060000e+07  4.950200e-04  1.065000e+07  4.953400e-04  1.070000e+07  4.971600e-04
  1.075000e+07  5.001900e-04  1.080000e+07  5.042000e-04  1.085000e+07  5.062300e-04
  1.090000e+07  5.087600e-04  1.095000e+07  5.116200e-04  1.100000e+07  5.146400e-04
  1.105000e+07  5.177200e-04  1.110000e+07  5.208100e-04  1.115000e+07  5.238300e-04
  1.120000e+07  5.266700e-04  1.125000e+07  5.328200e-04  1.130000e+07  5.388500e-04
  1.135000e+07  5.446600e-04  1.140000e+07  5.501200e-04  1.145000e+07  5.560900e-04
  1.150000e+07  5.590800e-04  1.155000e+07  5.630000e-04  1.160000e+07  5.662900e-04
  1.165000e+07  5.662300e-04  1.170000e+07  5.653600e-04  1.175000e+07  5.635900e-04
  1.180000e+07  5.608000e-04  1.185000e+07  5.605400e-04  1.190000e+07  5.592000e-04
  1.195000e+07  5.566600e-04  1.200000e+07  5.529000e-04  1.205000e+07  5.505600e-04
  1.210000e+07  5.476300e-04  1.215000e+07  5.441200e-04  1.220000e+07  5.401000e-04
  1.225000e+07  5.303500e-04  1.230000e+07  5.199900e-04  1.235000e+07  5.090600e-04
  1.240000e+07  4.976000e-04  1.245000e+07  4.876900e-04  1.250000e+07  4.773100e-04
  1.255000e+07  4.701200e-04  1.260000e+07  4.628800e-04  1.265000e+07  4.597600e-04
  1.270000e+07  4.566500e-04  1.275000e+07  4.535400e-04  1.280000e+07  4.504400e-04
  1.285000e+07  4.485900e-04  1.290000e+07  4.468000e-04  1.295000e+07  4.450100e-04
  1.300000e+07  4.431900e-04  1.305000e+07  4.400200e-04  1.310000e+07  4.368100e-04
  1.315000e+07  4.334400e-04  1.320000e+07  4.299500e-04  1.325000e+07  4.268000e-04
  1.330000e+07  4.234600e-04  1.335000e+07  4.199000e-04  1.340000e+07  4.161900e-04
  1.345000e+07  4.133000e-04  1.350000e+07  4.101600e-04  1.355000e+07  4.073900e-04
  1.360000e+07  4.044200e-04  1.365000e+07  4.016800e-04  1.370000e+07  3.986900e-04
  1.375000e+07  3.954300e-04  1.380000e+07  3.919300e-04  1.385000e+07  3.881200e-04
  1.390000e+07  3.840400e-04  1.395000e+07  3.796700e-04  1.400000e+07  3.750600e-04
  1.405000e+07  3.710500e-04  1.410000e+07  3.668100e-04  1.415000e+07  3.623400e-04
  1.420000e+07  3.575800e-04  1.425000e+07  3.532000e-04  1.430000e+07  3.486000e-04
  1.435000e+07  3.438300e-04  1.440000e+07  3.388900e-04  1.445000e+07  3.338900e-04
  1.450000e+07  3.287600e-04  1.455000e+07  3.233300e-04  1.460000e+07  3.178500e-04
  1.465000e+07  3.125000e-04  1.470000e+07  3.070500e-04  1.475000e+07  3.016100e-04
  1.480000e+07  2.960700e-04  1.485000e+07  2.909400e-04  1.490000e+07  2.858300e-04
  1.495000e+07  2.806800e-04  1.500000e+07  2.755500e-04
             1
             3
            54             0
      -4947840             0           166
  6.746710e+06  0.000000e+00  6.800000e+06  0.000000e+00  6.850000e+06  2.741500e-05
  6.900000e+06  6.717800e-05  6.950000e+06  9.107600e-05  7.000000e+06  1.025200e-04
  7.050000e+06  2.690600e-03  7.100000e+06  5.396500e-03  7.150000e+06  8.790200e-03
  7.200000e+06  1.315100e-02  7.250000e+06  1.509200e-02  7.300000e+06  1.641000e-02
  7.350000e+06  1.667400e-02  7.400000e+06  1.626400e-02  7.450000e+06  1.585300e-02
  7.500000e+06  1.618900e-02  7.550000e+06  1.784200e-02  7.600000e+06  2.090600e-02
  7.650000e+06  2.460500e-02  7.700000e+06  2.673600e-02  7.750000e+06  2.542000e-02
  7.800000e+06  2.220400e-02  7.850000e+06  1.871000e-02  7.900000e+06  1.653500e-02
  7.950000e+06  1.556000e-02  8.000000e+06  1.551800e-02  8.050000e+06  1.604600e-02
  8.100000e+06  1.662500e-02  8.150000e+06  1.654700e-02  8.200000e+06  1.547800e-02
  8.250000e+06  1.413700e-02  8.300000e+06  1.270100e-02  8.350000e+06  1.152300e-02
  8.400000e+06  1.071100e-02  8.450000e+06  1.012400e-02  8.500000e+06  9.865300e-03
  8.550000e+06  9.894300e-03  8.600000e+06  1.020800e-02  8.650000e+06  1.099500e-02
  8.700000e+06  1.209600e-02  8.750000e+06  1.347300e-02  8.800000e+06  1.498100e-02
  8.850000e+06  1.596400e-02  8.900000e+06  1.642000e-02  8.950000e+06  1.625700e-02
  9.000000e+06  1.568300e-02  9.050000e+06  1.529400e-02  9.100000e+06  1.509100e-02
  9.150000e+06  1.517400e-02  9.200000e+06  1.546300e-02  9.250000e+06  1.576000e-02
  9.300000e+06  1.573800e-02  9.350000e+06  1.524900e-02  9.400000e+06  1.440100e-02
  9.450000e+06  1.340300e-02  9.500000e+06  1.250200e-02  9.550000e+06  1.178900e-02
  9.600000e+06  1.132100e-02  9.650000e+06  1.097600e-02  9.700000e+06  1.087500e-02
  9.750000e+06  1.100900e-02  9.800000e+06  1.135800e-02  9.850000e+06  1.203000e-02
  9.900000e+06  1.277300e-02  9.950000e+06  1.338800e-02  1.000000e+07  1.364900e-02
  1.005000e+07  1.343300e-02  1.010000e+07  1.286800e-02  1.015000e+07  1.216100e-02
  1.020000e+07  1.148100e-02  1.025000e+07  1.089500e-02  1.030000e+07  1.044500e-02
  1.035000e+07  1.012300e-02  1.040000e+07  9.907400e-03  1.045000e+07  9.793500e-03
  1.050000e+07  9.750800e-03  1.055000e+07  9.746300e-03  1.060000e+07  9.788700e-03
  1.065000e+07  9.891100e-03  1.070000e+07  1.002600e-02  1.075000e+07  1.019000e-02
  1.080000e+07  1.037800e-02  1.085000e+07  1.049700e-02  1.090000e+07  1.063000e-02
  1.095000e+07  1.077500e-02  1.100000e+07  1.092700e-02  1.105000e+07  1.107100e-02
  1.110000e+07  1.122000e-02  1.115000e+07  1.137100e-02  1.120000e+07  1.152300e-02
  1.125000e+07  1.174500e-02  1.130000e+07  1.196800e-02  1.135000e+07  1.219100e-02
  1.140000e+07  1.241100e-02  1.145000e+07  1.263400e-02  1.150000e+07  1.279200e-02
  1.155000e+07  1.297500e-02  1.160000e+07  1.314700e-02  1.165000e+07  1.322200e-02
  1.170000e+07  1.328000e-02  1.175000e+07  1.331900e-02  1.180000e+07  1.333800e-02
  1.185000e+07  1.341300e-02  1.190000e+07  1.346500e-02  1.195000e+07  1.348900e-02
  1.200000e+07  1.348500e-02  1.205000e+07  1.351400e-02  1.210000e+07  1.353000e-02
  1.215000e+07  1.353400e-02  1.220000e+07  1.352600e-02  1.225000e+07  1.334800e-02
  1.230000e+07  1.315600e-02  1.235000e+07  1.294900e-02  1.240000e+07  1.273000e-02
  1.245000e+07  1.253900e-02  1.250000e+07  1.233600e-02  1.255000e+07  1.221500e-02
  1.260000e+07  1.209500e-02  1.265000e+07  1.207900e-02  1.270000e+07  1.206500e-02
  1.275000e+07  1.205300e-02  1.280000e+07  1.204100e-02  1.285000e+07  1.205400e-02
  1.290000e+07  1.206900e-02  1.295000e+07  1.208600e-02  1.300000e+07  1.210300e-02
  1.305000e+07  1.207500e-02  1.310000e+07  1.204600e-02  1.315000e+07  1.201300e-02
  1.320000e+07  1.197800e-02  1.325000e+07  1.194700e-02  1.330000e+07  1.191200e-02
  1.335000e+07  1.187100e-02  1.340000e+07  1.182600e-02  1.345000e+07  1.180500e-02
  1.350000e+07  1.177800e-02  1.355000e+07  1.176200e-02  1.360000e+07  1.174000e-02
  1.365000e+07  1.171400e-02  1.370000e+07  1.168000e-02  1.375000e+07  1.163900e-02
  1.380000e+07  1.159100e-02  1.385000e+07  1.153300e-02  1.390000e+07  1.146700e-02
  1.395000e+07  1.139300e-02  1.400000e+07  1.131100e-02  1.405000e+07  1.124600e-02
  1.410000e+07  1.117300e-02  1.415000e+07  1.109300e-02  1.420000e+07  1.100400e-02
  1.425000e+07  1.091900e-02  1.430000e+07  1.082700e-02  1.435000e+07  1.072900e-02
  1.440000e+07  1.062500e-02  1.445000e+07  1.051700e-02  1.450000e+07  1.040500e-02
  1.455000e+07  1.028200e-02  1.460000e+07  1.015700e-02  1.465000e+07  1.003400e-02
  1.470000e+07  9.906200e-03  1.475000e+07  9.778000e-03  1.480000e+07  9.645900e-03
  1.485000e+07  9.524200e-03  1.490000e+07  9.402100e-03  1.495000e+07  9.277900e-03
  1.500000e+07  9.153400e-03
             1
             3
            91             0
      -5531850             0           150
  7.543030e+06  0.000000e+00  7.600000e+06  0.000000e+00  7.650000e+06  4.598200e-05
  7.700000e+06  9.852300e-05  7.750000e+06  1.385600e-04  7.800000e+06  1.591700e-04
  7.850000e+06  1.871200e-03  7.900000e+06  3.255300e-03  7.950000e+06  4.637000e-03
  8.000000e+06  6.265100e-03  8.050000e+06  8.157700e-03  8.100000e+06  1.028200e-02
  8.150000e+06  1.215100e-02  8.200000e+06  1.325600e-02  8.250000e+06  1.249000e-02
  8.300000e+06  1.156600e-02  8.350000e+06  1.080700e-02  8.400000e+06  1.033900e-02
  8.450000e+06  1.051100e-02  8.500000e+06  1.098300e-02  8.550000e+06  1.178100e-02
  8.600000e+06  1.297000e-02  8.650000e+06  1.420400e-02  8.700000e+06  1.588300e-02
  8.750000e+06  1.797600e-02  8.800000e+06  2.030300e-02  8.850000e+06  2.307500e-02
  8.900000e+06  2.528300e-02  8.950000e+06  2.663200e-02  9.000000e+06  2.730900e-02
  9.050000e+06  2.713000e-02  9.100000e+06  2.726800e-02  9.150000e+06  2.792400e-02
  9.200000e+06  2.897900e-02  9.250000e+06  2.994700e-02  9.300000e+06  3.031900e-02
  9.350000e+06  2.978100e-02  9.400000e+06  2.850900e-02  9.450000e+06  2.696000e-02
  9.500000e+06  2.555000e-02  9.550000e+06  2.447700e-02  9.600000e+06  2.387900e-02
  9.650000e+06  2.402700e-02  9.700000e+06  2.470700e-02  9.750000e+06  2.595400e-02
  9.800000e+06  2.778600e-02  9.850000e+06  2.981300e-02  9.900000e+06  3.206800e-02
  9.950000e+06  3.404900e-02  1.000000e+07  3.516400e-02  1.005000e+07  3.502500e-02
  1.010000e+07  3.395600e-02  1.015000e+07  3.247600e-02  1.020000e+07  3.102900e-02
  1.025000e+07  2.984300e-02  1.030000e+07  2.899700e-02  1.035000e+07  2.848000e-02
  1.040000e+07  2.825100e-02  1.045000e+07  2.823300e-02  1.050000e+07  2.841900e-02
  1.055000e+07  2.871900e-02  1.060000e+07  2.916100e-02  1.065000e+07  2.969500e-02
  1.070000e+07  3.033600e-02  1.075000e+07  3.107000e-02  1.080000e+07  3.188800e-02
  1.085000e+07  3.293400e-02  1.090000e+07  3.405800e-02  1.095000e+07  3.525300e-02
  1.100000e+07  3.651400e-02  1.105000e+07  3.772400e-02  1.110000e+07  3.898600e-02
  1.115000e+07  4.029700e-02  1.120000e+07  4.164900e-02  1.125000e+07  4.290600e-02
  1.130000e+07  4.419200e-02  1.135000e+07  4.550200e-02  1.140000e+07  4.682400e-02
  1.145000e+07  4.810000e-02  1.150000e+07  4.915100e-02  1.155000e+07  5.031400e-02
  1.160000e+07  5.145200e-02  1.165000e+07  5.270600e-02  1.170000e+07  5.392900e-02
  1.175000e+07  5.510700e-02  1.180000e+07  5.622800e-02  1.185000e+07  5.712900e-02
  1.190000e+07  5.794200e-02  1.195000e+07  5.865000e-02  1.200000e+07  5.924400e-02
  1.205000e+07  6.003700e-02  1.210000e+07  6.078500e-02  1.215000e+07  6.148600e-02
  1.220000e+07  6.214700e-02  1.225000e+07  6.302900e-02  1.230000e+07  6.386200e-02
  1.235000e+07  6.464500e-02  1.240000e+07  6.537700e-02  1.245000e+07  6.597200e-02
  1.250000e+07  6.651100e-02  1.255000e+07  6.751300e-02  1.260000e+07  6.854400e-02
  1.265000e+07  6.939100e-02  1.270000e+07  7.026400e-02  1.275000e+07  7.116100e-02
  1.280000e+07  7.208500e-02  1.285000e+07  7.297600e-02  1.290000e+07  7.389900e-02
  1.295000e+07  7.484800e-02  1.300000e+07  7.581400e-02  1.305000e+07  7.648900e-02
  1.310000e+07  7.717100e-02  1.315000e+07  7.784100e-02  1.320000e+07  7.850600e-02
  1.325000e+07  7.916200e-02  1.330000e+07  7.979900e-02  1.335000e+07  8.040800e-02
  1.340000e+07  8.100000e-02  1.345000e+07  8.151600e-02  1.350000e+07  8.199100e-02
  1.355000e+07  8.255200e-02  1.360000e+07  8.308100e-02  1.365000e+07  8.357800e-02
  1.370000e+07  8.402800e-02  1.375000e+07  8.443200e-02  1.380000e+07  8.478900e-02
  1.385000e+07  8.510600e-02  1.390000e+07  8.536800e-02  1.395000e+07  8.556900e-02
  1.400000e+07  8.571500e-02  1.405000e+07  8.582400e-02  1.410000e+07  8.587800e-02
  1.415000e+07  8.587600e-02  1.420000e+07  8.580300e-02  1.425000e+07  8.566800e-02
  1.430000e+07  8.547700e-02  1.435000e+07  8.523600e-02  1.440000e+07  8.494400e-02
  1.445000e+07  8.459700e-02  1.450000e+07  8.420600e-02  1.455000e+07  8.373100e-02
  1.460000e+07  8.322500e-02  1.465000e+07  8.267400e-02  1.470000e+07  8.208400e-02
  1.475000e+07  8.147900e-02  1.480000e+07  8.083400e-02  1.485000e+07  8.016200e-02
  1.490000e+07  7.948100e-02  1.495000e+07  7.877500e-02  1.500000e+07  7.805900e-02
