             1
             3
             4             0
      -8501800             0           148
  1.133760e+07  0.000000e+00  1.135000e+07  7.250000e-05  1.137500e+07  2.883000e-04
  1.140000e+07  5.720900e-04  1.142500e+07  8.856300e-04  1.145000e+07  1.200100e-03
  1.147500e+07  1.496200e-03  1.150000e+07  1.764300e-03  1.152500e+07  2.003200e-03
  1.155000e+07  2.217800e-03  1.157500e+07  2.416000e-03  1.160000e+07  2.607400e-03
  1.162500e+07  2.800900e-03  1.165000e+07  3.003600e-03  1.167500e+07  3.219800e-03
  1.170000e+07  3.450100e-03  1.172500e+07  3.691200e-03  1.175000e+07  3.936100e-03
  1.177500e+07  4.175500e-03  1.180000e+07  4.399500e-03  1.182500e+07  4.598900e-03
  1.185000e+07  4.767400e-03  1.187500e+07  4.901900e-03  1.190000e+07  5.002400e-03
  1.192500e+07  5.071400e-03  1.195000e+07  5.113300e-03  1.197500e+07  5.133200e-03
  1.200000e+07  5.136300e-03  1.202500e+07  5.127500e-03  1.205000e+07  5.111400e-03
  1.207500e+07  5.091900e-03  1.210000e+07  5.072400e-03  1.212500e+07  5.055900e-03
  1.215000e+07  5.045100e-03  1.217500e+07  5.042900e-03  1.220000e+07  5.052300e-03
  1.222500e+07  5.077100e-03  1.225000e+07  5.123300e-03  1.227500e+07  5.200900e-03
  1.230000e+07  5.331500e-03  1.232500e+07  5.568100e-03  1.235000e+07  6.060500e-03
  1.237500e+07  6.879600e-03  1.240000e+07  5.765300e-03  1.242500e+07  5.066200e-03
  1.245000e+07  5.020100e-03  1.247500e+07  5.083600e-03  1.250000e+07  5.163400e-03
  1.252500e+07  5.240000e-03  1.255000e+07  5.306900e-03  1.257500e+07  5.361500e-03
  1.260000e+07  5.402400e-03  1.262500e+07  5.429600e-03  1.265000e+07  5.444500e-03
  1.267500e+07  5.449600e-03  1.270000e+07  5.448600e-03  1.272500e+07  5.445700e-03
  1.275000e+07  5.445700e-03  1.277500e+07  5.453700e-03  1.280000e+07  5.474400e-03
  1.282500e+07  5.512300e-03  1.285000e+07  5.571500e-03  1.287500e+07  5.655300e-03
  1.290000e+07  5.765900e-03  1.292500e+07  5.904200e-03  1.295000e+07  6.069300e-03
  1.297500e+07  6.258200e-03  1.300000e+07  6.465500e-03  1.302500e+07  6.683800e-03
  1.305000e+07  6.904300e-03  1.307500e+07  7.118100e-03  1.310000e+07  7.318200e-03
  1.312500e+07  7.501100e-03  1.315000e+07  7.669100e-03  1.317500e+07  7.831800e-03
  1.320000e+07  8.008300e-03  1.322500e+07  8.231400e-03  1.325000e+07  8.552100e-03
  1.327500e+07  9.030600e-03  1.330000e+07  9.593000e-03  1.332500e+07  9.476000e-03
  1.335000e+07  8.014100e-03  1.337500e+07  6.742100e-03  1.340000e+07  6.178800e-03
  1.342500e+07  5.961600e-03  1.345000e+07  5.881000e-03  1.347500e+07  5.860300e-03
  1.350000e+07  5.873400e-03  1.352500e+07  5.912100e-03  1.355000e+07  5.975200e-03
  1.357500e+07  6.064600e-03  1.360000e+07  6.183600e-03  1.362500e+07  6.336600e-03
  1.365000e+07  6.528000e-03  1.367500e+07  6.761600e-03  1.370000e+07  7.038800e-03
  1.372500e+07  7.355900e-03  1.375000e+07  7.699400e-03  1.377500e+07  8.042400e-03
  1.380000e+07  8.341500e-03  1.382500e+07  8.542800e-03  1.385000e+07  8.595800e-03
  1.387500e+07  8.475100e-03  1.390000e+07  8.190800e-03  1.392500e+07  7.782500e-03
  1.395000e+07  7.299400e-03  1.397500e+07  6.784700e-03  1.400000e+07  6.278600e-03
  1.402500e+07  5.859300e-03  1.405000e+07  5.788900e-03  1.407500e+07  6.750500e-03
  1.410000e+07  8.862000e-03  1.412500e+07  1.014800e-02  1.415000e+07  1.024300e-02
  1.417500e+07  1.001500e-02  1.420000e+07  9.826400e-03  1.422500e+07  9.748200e-03
  1.425000e+07  9.782300e-03  1.427500e+07  9.920500e-03  1.430000e+07  1.015700e-02
  1.432500e+07  1.049000e-02  1.435000e+07  1.092300e-02  1.437500e+07  1.146100e-02
  1.440000e+07  1.211400e-02  1.442500e+07  1.289200e-02  1.445000e+07  1.380800e-02
  1.447500e+07  1.487300e-02  1.450000e+07  1.609300e-02  1.452500e+07  1.746700e-02
  1.455000e+07  1.897300e-02  1.457500e+07  2.056500e-02  1.460000e+07  2.215200e-02
  1.462500e+07  2.359900e-02  1.465000e+07  2.473000e-02  1.467500e+07  2.535600e-02
  1.470000e+07  2.533300e-02  1.472500e+07  2.461300e-02  1.475000e+07  2.326700e-02
  1.477500e+07  2.146500e-02  1.480000e+07  1.941700e-02  1.482500e+07  1.731100e-02
  1.485000e+07  1.528600e-02  1.487500e+07  1.342500e-02  1.490000e+07  1.176400e-02
  1.492500e+07  1.031000e-02  1.495000e+07  9.052100e-03  1.497500e+07  7.971400e-03
  1.500000e+07  7.047400e-03
             1
             3
            50             0
      -8501800             0           148
  1.133760e+07  0.000000e+00  1.135000e+07  7.250000e-05  1.137500e+07  2.883000e-04
  1.140000e+07  5.720900e-04  1.142500e+07  8.856300e-04  1.145000e+07  1.200100e-03
  1.147500e+07  1.496200e-03  1.150000e+07  1.764300e-03  1.152500e+07  2.003200e-03
  1.155000e+07  2.217800e-03  1.157500e+07  2.416000e-03  1.160000e+07  2.607400e-03
  1.162500e+07  2.800900e-03  1.165000e+07  3.003600e-03  1.167500e+07  3.219800e-03
  1.170000e+07  3.450100e-03  1.172500e+07  3.691200e-03  1.175000e+07  3.936100e-03
  1.177500e+07  4.175500e-03  1.180000e+07  4.399500e-03  1.182500e+07  4.598900e-03
  1.185000e+07  4.767400e-03  1.187500e+07  4.901900e-03  1.190000e+07  5.002400e-03
  1.192500e+07  5.071400e-03  1.195000e+07  5.113300e-03  1.197500e+07  5.133200e-03
  1.200000e+07  5.136300e-03  1.202500e+07  5.127500e-03  1.205000e+07  5.111400e-03
  1.207500e+07  5.091900e-03  1.210000e+07  5.072400e-03  1.212500e+07  5.055900e-03
  1.215000e+07  5.045100e-03  1.217500e+07  5.042900e-03  1.220000e+07  5.052300e-03
  1.222500e+07  5.077100e-03  1.225000e+07  5.123300e-03  1.227500e+07  5.200900e-03
  1.230000e+07  5.331500e-03  1.232500e+07  5.568100e-03  1.235000e+07  6.060500e-03
  1.237500e+07  6.879600e-03  1.240000e+07  5.765300e-03  1.242500e+07  5.066200e-03
  1.245000e+07  5.020100e-03  1.247500e+07  5.083600e-03  1.250000e+07  5.163400e-03
  1.252500e+07  5.240000e-03  1.255000e+07  5.306900e-03  1.257500e+07  5.361500e-03
  1.260000e+07  5.402400e-03  1.262500e+07  5.429600e-03  1.265000e+07  5.444500e-03
  1.267500e+07  5.449600e-03  1.270000e+07  5.448600e-03  1.272500e+07  5.445700e-03
  1.275000e+07  5.445700e-03  1.277500e+07  5.453700e-03  1.280000e+07  5.474400e-03
  1.282500e+07  5.512300e-03  1.285000e+07  5.571500e-03  1.287500e+07  5.655300e-03
  1.290000e+07  5.765900e-03  1.292500e+07  5.904200e-03  1.295000e+07  6.069300e-03
  1.297500e+07  6.258200e-03  1.300000e+07  6.465500e-03  1.302500e+07  6.683800e-03
  1.305000e+07  6.904300e-03  1.307500e+07  7.118100e-03  1.310000e+07  7.318200e-03
  1.312500e+07  7.501100e-03  1.315000e+07  7.669100e-03  1.317500e+07  7.831800e-03
  1.320000e+07  8.008300e-03  1.322500e+07  8.231400e-03  1.325000e+07  8.552100e-03
  1.327500e+07  9.030600e-03  1.330000e+07  9.593000e-03  1.332500e+07  9.476000e-03
  1.335000e+07  8.014100e-03  1.337500e+07  6.742100e-03  1.340000e+07  6.178800e-03
  1.342500e+07  5.961600e-03  1.345000e+07  5.881000e-03  1.347500e+07  5.860300e-03
  1.350000e+07  5.873400e-03  1.352500e+07  5.912100e-03  1.355000e+07  5.975200e-03
  1.357500e+07  6.064600e-03  1.360000e+07  6.183600e-03  1.362500e+07  6.336600e-03
  1.365000e+07  6.528000e-03  1.367500e+07  6.761600e-03  1.370000e+07  7.038800e-03
  1.372500e+07  7.355900e-03  1.375000e+07  7.699400e-03  1.377500e+07  8.042400e-03
  1.380000e+07  8.341500e-03  1.382500e+07  8.542800e-03  1.385000e+07  8.595800e-03
  1.387500e+07  8.475100e-03  1.390000e+07  8.190800e-03  1.392500e+07  7.782500e-03
  1.395000e+07  7.299400e-03  1.397500e+07  6.784700e-03  1.400000e+07  6.278600e-03
  1.402500e+07  5.859300e-03  1.405000e+07  5.788900e-03  1.407500e+07  6.750500e-03
  1.410000e+07  8.862000e-03  1.412500e+07  1.014800e-02  1.415000e+07  1.024300e-02
  1.417500e+07  1.001500e-02  1.420000e+07  9.826400e-03  1.422500e+07  9.748200e-03
  1.425000e+07  9.782300e-03  1.427500e+07  9.920500e-03  1.430000e+07  1.015700e-02
  1.432500e+07  1.049000e-02  1.435000e+07  1.092300e-02  1.437500e+07  1.146100e-02
  1.440000e+07  1.211400e-02  1.442500e+07  1.289200e-02  1.445000e+07  1.380800e-02
  1.447500e+07  1.487300e-02  1.450000e+07  1.609300e-02  1.452500e+07  1.746700e-02
  1.455000e+07  1.897300e-02  1.457500e+07  2.056500e-02  1.460000e+07  2.215200e-02
  1.462500e+07  2.359900e-02  1.465000e+07  2.473000e-02  1.467500e+07  2.535600e-02
  1.470000e+07  2.533300e-02  1.472500e+07  2.461300e-02  1.475000e+07  2.326700e-02
  1.477500e+07  2.146500e-02  1.480000e+07  1.941700e-02  1.482500e+07  1.731100e-02
  1.485000e+07  1.528600e-02  1.487500e+07  1.342500e-02  1.490000e+07  1.176400e-02
  1.492500e+07  1.031000e-02  1.495000e+07  9.052100e-03  1.497500e+07  7.971400e-03
  1.500000e+07  7.047400e-03
