             1
             3
             4             0
      -4734700             0           304
  6.088050e+06  0.000000e+00  6.090000e+06  1.942500e-06  6.120000e+06  2.213100e-05
  6.150000e+06  7.826700e-05  6.180000e+06  2.192900e-04  6.210000e+06  5.445400e-04
  6.240000e+06  1.272400e-03  6.270000e+06  2.880400e-03  6.300000e+06  6.214500e-03
  6.330000e+06  1.147100e-02  6.360000e+06  1.527100e-02  6.390000e+06  1.488300e-02
  6.420000e+06  1.293200e-02  6.450000e+06  1.148500e-02  6.480000e+06  1.100000e-02
  6.510000e+06  1.160000e-02  6.540000e+06  1.357100e-02  6.570000e+06  1.753000e-02
  6.600000e+06  2.443700e-02  6.630000e+06  3.502300e-02  6.660000e+06  4.768900e-02
  6.690000e+06  5.675800e-02  6.720000e+06  5.775100e-02  6.724540e+06  5.704034e-02
  6.750000e+06  5.317813e-02  6.780000e+06  4.745322e-02  6.810000e+06  4.263231e-02
  6.840000e+06  4.077210e-02  6.870000e+06  4.492380e-02  6.900000e+06  5.576660e-02
  6.930000e+06  4.526150e-02  6.960000e+06  3.861860e-02  6.990000e+06  3.727520e-02
  7.020000e+06  3.826900e-02  7.050000e+06  4.068680e-02  7.080000e+06  4.406070e-02
  7.110000e+06  4.781000e-02  7.140000e+06  5.114000e-02  7.170000e+06  5.333900e-02
  7.200000e+06  5.425200e-02  7.230000e+06  5.438200e-02  7.260000e+06  5.445100e-02
  7.290000e+06  5.498000e-02  7.320000e+06  5.615600e-02  7.350000e+06  5.790100e-02
  7.380000e+06  5.998500e-02  7.410000e+06  6.211900e-02  7.440000e+06  6.402000e-02
  7.470000e+06  6.547000e-02  7.500000e+06  6.634400e-02  7.530000e+06  6.661000e-02
  7.560000e+06  6.631300e-02  7.590000e+06  6.554200e-02  7.620000e+06  6.440800e-02
  7.650000e+06  6.302100e-02  7.680000e+06  6.147500e-02  7.710000e+06  5.985100e-02
  7.740000e+06  5.820700e-02  7.770000e+06  5.659100e-02  7.800000e+06  5.503800e-02
  7.830000e+06  5.357700e-02  7.860000e+06  5.223400e-02  7.890000e+06  5.104100e-02
  7.920000e+06  5.003700e-02  7.950000e+06  4.928600e-02  7.980000e+06  4.889200e-02
  8.010000e+06  4.903000e-02  8.040000e+06  4.999600e-02  8.070000e+06  5.226600e-02
  8.100000e+06  5.647400e-02  8.130000e+06  6.295200e-02  8.160000e+06  7.041100e-02
  8.190000e+06  7.541700e-02  8.220000e+06  7.587100e-02  8.250000e+06  7.343100e-02
  8.280000e+06  7.063900e-02  8.310000e+06  6.869700e-02  8.340000e+06  6.803000e-02
  8.370000e+06  6.869200e-02  8.400000e+06  7.066700e-02  8.430000e+06  7.391500e-02
  8.460000e+06  7.834200e-02  8.490000e+06  8.373300e-02  8.520000e+06  8.968900e-02
  8.550000e+06  9.561000e-02  8.580000e+06  1.007800e-01  8.610000e+06  1.045600e-01
  8.640000e+06  1.065500e-01  8.670000e+06  1.067700e-01  8.700000e+06  1.054900e-01
  8.730000e+06  1.031700e-01  8.760000e+06  1.002800e-01  8.790000e+06  9.722300e-02
  8.820000e+06  9.429500e-02  8.850000e+06  9.172600e-02  8.880000e+06  8.968600e-02
  8.910000e+06  8.831900e-02  8.940000e+06  8.776500e-02  8.970000e+06  8.818000e-02
  9.000000e+06  8.973000e-02  9.030000e+06  9.235600e-02  9.060000e+06  9.656400e-02
  9.090000e+06  1.020000e-01  9.120000e+06  1.081700e-01  9.150000e+06  1.140700e-01
  9.180000e+06  1.184700e-01  9.210000e+06  1.203500e-01  9.240000e+06  1.194200e-01
  9.270000e+06  1.162000e-01  9.300000e+06  1.115900e-01  9.330000e+06  1.064700e-01
  9.360000e+06  1.016400e-01  9.390000e+06  9.834300e-02  9.420000e+06  9.931400e-02
  9.450000e+06  1.014700e-01  9.480000e+06  9.762800e-02  9.510000e+06  9.310500e-02
  9.540000e+06  8.968900e-02  9.570000e+06  8.717100e-02  9.600000e+06  8.526800e-02
  9.630000e+06  8.377900e-02  9.660000e+06  8.255100e-02  9.690000e+06  8.144700e-02
  9.720000e+06  8.034600e-02  9.750000e+06  7.912500e-02  9.780000e+06  7.766200e-02
  9.810000e+06  1.072500e-01  9.840000e+06  7.460100e-02  9.870000e+06  7.216900e-02
  9.900000e+06  6.955400e-02  9.930000e+06  6.667900e-02  9.960000e+06  6.353000e-02
  9.990000e+06  6.008800e-02  1.002000e+07  5.632300e-02  1.005000e+07  5.225600e-02
  1.007930e+07  4.828487e-02  1.008000e+07  4.819208e-02  1.011000e+07  4.548009e-02
  1.014000e+07  4.690210e-02  1.017000e+07  5.377811e-02  1.020000e+07  6.112313e-02
  1.023000e+07  6.467714e-02  1.026000e+07  6.570349e-02  1.029000e+07  6.541980e-02
  1.032000e+07  6.470850e-02  1.035000e+07  6.397030e-02  1.038000e+07  6.341770e-02
  1.041000e+07  6.312610e-02  1.044000e+07  6.320570e-02  1.047000e+07  6.410930e-02
  1.050000e+07  6.600080e-02  1.053000e+07  6.809690e-02  1.056000e+07  6.806050e-02
  1.059000e+07  6.517010e-02  1.062000e+07  6.163050e-02  1.065000e+07  5.891300e-02
  1.068000e+07  5.720600e-02  1.071000e+07  5.639480e-02  1.074000e+07  5.645700e-02
  1.077000e+07  5.752350e-02  1.080000e+07  5.988660e-02  1.083000e+07  6.393930e-02
  1.086000e+07  6.997830e-02  1.089000e+07  7.747990e-02  1.092000e+07  8.410570e-02
  1.095000e+07  8.615060e-02  1.098000e+07  8.193730e-02  1.101000e+07  7.357120e-02
  1.104000e+07  6.422110e-02  1.104750e+07  6.215145e-02  1.107000e+07  5.599883e-02
  1.110000e+07  5.007494e-02  1.113000e+07  4.780485e-02  1.116000e+07  5.110636e-02
  1.119000e+07  6.084327e-02  1.122000e+07  7.362988e-02  1.125000e+07  8.407070e-02
  1.128000e+07  8.889260e-02  1.131000e+07  8.944200e-02  1.134000e+07  8.783880e-02
  1.137000e+07  8.543920e-02  1.140000e+07  8.290460e-02  1.143000e+07  7.999510e-02
  1.146000e+07  7.733180e-02  1.149000e+07  7.492870e-02  1.152000e+07  7.276860e-02
  1.155000e+07  7.081960e-02  1.158000e+07  6.905760e-02  1.161000e+07  6.744810e-02
  1.164000e+07  6.595340e-02  1.167000e+07  6.458540e-02  1.170000e+07  6.332350e-02
  1.173000e+07  6.214230e-02  1.176000e+07  6.098060e-02  1.179000e+07  8.123240e-02
  1.182000e+07  6.184040e-02  1.185000e+07  6.050180e-02  1.188000e+07  6.023890e-02
  1.191000e+07  6.065560e-02  1.194000e+07  6.197120e-02  1.197000e+07  6.461460e-02
  1.200000e+07  6.884370e-02  1.203000e+07  7.324060e-02  1.205430e+07  7.369947e-02
  1.206000e+07  7.381095e-02  1.209000e+07  6.915373e-02  1.212000e+07  6.307341e-02
  1.215000e+07  5.815319e-02  1.218000e+07  5.460727e-02  1.221000e+07  5.203685e-02
  1.224000e+07  5.036303e-02  1.227000e+07  4.910459e-02  1.230000e+07  4.815144e-02
  1.233000e+07  4.748110e-02  1.236000e+07  4.722420e-02  1.239000e+07  4.797100e-02
  1.242000e+07  5.215670e-02  1.245000e+07  6.048510e-02  1.248000e+07  5.290930e-02
  1.251000e+07  4.753060e-02  1.251720e+07  4.695630e-02  1.254000e+07  4.517753e-02
  1.257000e+07  4.385783e-02  1.260000e+07  4.295333e-02  1.263000e+07  4.223713e-02
  1.266000e+07  4.179070e-02  1.269000e+07  4.143792e-02  1.272000e+07  4.115903e-02
  1.275000e+07  4.094599e-02  1.278000e+07  4.080580e-02  1.281000e+07  4.068390e-02
  1.284000e+07  4.054470e-02  1.287000e+07  4.049550e-02  1.290000e+07  4.055220e-02
  1.293000e+07  4.073800e-02  1.296000e+07  4.107680e-02  1.299000e+07  4.159800e-02
  1.302000e+07  4.241840e-02  1.305000e+07  4.350880e-02  1.308000e+07  4.478740e-02
  1.311000e+07  4.617030e-02  1.314000e+07  4.750170e-02  1.317000e+07  4.860360e-02
  1.320000e+07  4.934170e-02  1.323000e+07  4.956930e-02  1.326000e+07  4.946360e-02
  1.329000e+07  4.916120e-02  1.332000e+07  4.879900e-02  1.335000e+07  4.850510e-02
  1.338000e+07  4.837260e-02  1.341000e+07  4.849510e-02  1.344000e+07  4.899510e-02
  1.347000e+07  5.018140e-02  1.350000e+07  5.263550e-02  1.353000e+07  5.757080e-02
  1.356000e+07  6.665000e-02  1.359000e+07  7.675700e-02  1.362000e+07  7.677890e-02
  1.365000e+07  7.007700e-02  1.368000e+07  6.489800e-02  1.371000e+07  6.218120e-02
  1.374000e+07  6.108530e-02  1.377000e+07  6.098940e-02  1.380000e+07  6.154560e-02
  1.383000e+07  6.240960e-02  1.386000e+07  6.362510e-02  1.389000e+07  6.512180e-02
  1.392000e+07  6.685290e-02  1.395000e+07  6.878780e-02  1.398000e+07  7.089200e-02
  1.401000e+07  7.306970e-02  1.404000e+07  7.521520e-02  1.407000e+07  7.742180e-02
  1.410000e+07  7.964840e-02  1.413000e+07  8.185390e-02  1.416000e+07  8.401310e-02
  1.419000e+07  8.607860e-02  1.422000e+07  8.785890e-02  1.425000e+07  8.939870e-02
  1.428000e+07  9.075360e-02  1.431000e+07  9.190060e-02  1.434000e+07  9.284350e-02
  1.437000e+07  9.357750e-02  1.440000e+07  9.411350e-02  1.443000e+07  9.448140e-02
  1.446000e+07  9.467620e-02  1.449000e+07  9.472740e-02  1.452000e+07  9.464930e-02
  1.455000e+07  9.446520e-02  1.458000e+07  9.419090e-02  1.461000e+07  9.381780e-02
  1.464000e+07  9.332880e-02  1.467000e+07  9.280790e-02  1.470000e+07  9.225760e-02
  1.473000e+07  9.169970e-02  1.476000e+07  9.113990e-02  1.479000e+07  9.058270e-02
  1.482000e+07  9.004130e-02  1.485000e+07  8.951800e-02  1.488000e+07  8.900850e-02
  1.491000e+07  8.852490e-02  1.494000e+07  8.806560e-02  1.497000e+07  8.762390e-02
  1.500000e+07  8.721130e-02
             1
             3
            50             0
      -4734700             0           299
  6.088050e+06  0.000000e+00  6.090000e+06  1.942500e-06  6.120000e+06  2.213100e-05
  6.150000e+06  7.826700e-05  6.180000e+06  2.192900e-04  6.210000e+06  5.445400e-04
  6.240000e+06  1.272400e-03  6.270000e+06  2.880400e-03  6.300000e+06  6.214500e-03
  6.330000e+06  1.147100e-02  6.360000e+06  1.527100e-02  6.390000e+06  1.488300e-02
  6.420000e+06  1.293200e-02  6.450000e+06  1.148500e-02  6.480000e+06  1.100000e-02
  6.510000e+06  1.160000e-02  6.540000e+06  1.357100e-02  6.570000e+06  1.753000e-02
  6.600000e+06  2.443700e-02  6.630000e+06  3.502300e-02  6.660000e+06  4.768900e-02
  6.690000e+06  5.675800e-02  6.720000e+06  5.775100e-02  6.750000e+06  5.305500e-02
  6.780000e+06  4.718500e-02  6.810000e+06  4.221900e-02  6.840000e+06  3.919100e-02
  6.870000e+06  4.187500e-02  6.900000e+06  5.036000e-02  6.930000e+06  3.955700e-02
  6.960000e+06  3.262800e-02  6.990000e+06  3.040900e-02  7.020000e+06  3.072500e-02
  7.050000e+06  3.246900e-02  7.080000e+06  3.494800e-02  7.110000e+06  3.769000e-02
  7.140000e+06  4.006800e-02  7.170000e+06  4.153200e-02  7.200000e+06  4.198000e-02
  7.230000e+06  4.189000e-02  7.260000e+06  4.175200e-02  7.290000e+06  4.196500e-02
  7.320000e+06  4.266500e-02  7.350000e+06  4.378800e-02  7.380000e+06  4.515300e-02
  7.410000e+06  4.654500e-02  7.440000e+06  4.775600e-02  7.470000e+06  4.862000e-02
  7.500000e+06  4.904800e-02  7.530000e+06  4.902300e-02  7.560000e+06  4.858400e-02
  7.590000e+06  4.780000e-02  7.620000e+06  4.681600e-02  7.650000e+06  4.568100e-02
  7.680000e+06  4.443700e-02  7.710000e+06  4.314200e-02  7.740000e+06  4.184000e-02
  7.770000e+06  4.056500e-02  7.800000e+06  3.934100e-02  7.830000e+06  3.825200e-02
  7.860000e+06  3.724900e-02  7.890000e+06  3.635500e-02  7.920000e+06  3.559800e-02
  7.950000e+06  3.502300e-02  7.980000e+06  3.470200e-02  8.010000e+06  3.476000e-02
  8.040000e+06  3.540900e-02  8.070000e+06  3.697900e-02  8.100000e+06  3.991600e-02
  8.130000e+06  4.444900e-02  8.160000e+06  4.966500e-02  8.190000e+06  5.314200e-02
  8.220000e+06  5.340200e-02  8.250000e+06  5.162400e-02  8.280000e+06  4.960300e-02
  8.310000e+06  4.818200e-02  8.340000e+06  4.765800e-02  8.370000e+06  4.806600e-02
  8.400000e+06  4.938900e-02  8.430000e+06  5.159300e-02  8.460000e+06  5.461200e-02
  8.490000e+06  5.829500e-02  8.520000e+06  6.236100e-02  8.550000e+06  6.639200e-02
  8.580000e+06  6.989100e-02  8.610000e+06  7.243300e-02  8.640000e+06  7.376200e-02
  8.670000e+06  7.386500e-02  8.700000e+06  7.293100e-02  8.730000e+06  7.127900e-02
  8.760000e+06  6.923500e-02  8.790000e+06  6.707900e-02  8.820000e+06  6.502200e-02
  8.850000e+06  6.321800e-02  8.880000e+06  6.177900e-02  8.910000e+06  6.080600e-02
  8.940000e+06  6.039300e-02  8.970000e+06  6.064700e-02  9.000000e+06  6.168000e-02
  9.030000e+06  6.344900e-02  9.060000e+06  6.630300e-02  9.090000e+06  6.999500e-02
  9.120000e+06  7.418700e-02  9.150000e+06  7.818900e-02  9.180000e+06  8.115900e-02
  9.210000e+06  8.240600e-02  9.240000e+06  8.174100e-02  9.270000e+06  7.950900e-02
  9.300000e+06  7.632800e-02  9.330000e+06  7.280000e-02  9.360000e+06  6.947300e-02
  9.390000e+06  6.719600e-02  9.420000e+06  6.784300e-02  9.450000e+06  6.930400e-02
  9.480000e+06  6.666800e-02  9.510000e+06  6.356800e-02  9.540000e+06  6.122500e-02
  9.570000e+06  5.949600e-02  9.600000e+06  5.818700e-02  9.630000e+06  5.715900e-02
  9.660000e+06  5.631100e-02  9.690000e+06  5.554600e-02  9.720000e+06  5.478500e-02
  9.750000e+06  5.394100e-02  9.780000e+06  5.293400e-02  9.810000e+06  7.308800e-02
  9.840000e+06  5.083200e-02  9.870000e+06  4.916800e-02  9.900000e+06  4.738000e-02
  9.930000e+06  4.541600e-02  9.960000e+06  4.326500e-02  9.990000e+06  4.091600e-02
  1.002000e+07  3.835000e-02  1.005000e+07  3.558100e-02  1.008000e+07  3.281300e-02
  1.011000e+07  3.090500e-02  1.014000e+07  3.181300e-02  1.017000e+07  3.643400e-02
  1.020000e+07  4.137500e-02  1.023000e+07  4.373500e-02  1.026000e+07  4.412100e-02
  1.029000e+07  4.362300e-02  1.032000e+07  4.284500e-02  1.035000e+07  4.205600e-02
  1.038000e+07  4.139500e-02  1.041000e+07  4.096700e-02  1.044000e+07  4.089900e-02
  1.047000e+07  4.136100e-02  1.050000e+07  4.245600e-02  1.053000e+07  4.367500e-02
  1.056000e+07  4.352200e-02  1.059000e+07  4.155000e-02  1.062000e+07  3.919400e-02
  1.065000e+07  3.738000e-02  1.068000e+07  3.621300e-02  1.071000e+07  3.561700e-02
  1.074000e+07  3.557400e-02  1.077000e+07  3.616200e-02  1.080000e+07  3.756000e-02
  1.083000e+07  4.001600e-02  1.086000e+07  4.370100e-02  1.089000e+07  4.828200e-02
  1.092000e+07  5.229800e-02  1.095000e+07  5.345500e-02  1.098000e+07  5.073000e-02
  1.101000e+07  4.545600e-02  1.104000e+07  3.960300e-02  1.107000e+07  3.443100e-02
  1.110000e+07  3.068000e-02  1.113000e+07  2.918300e-02  1.116000e+07  3.110100e-02
  1.119000e+07  3.694100e-02  1.122000e+07  4.462900e-02  1.125000e+07  5.042700e-02
  1.128000e+07  5.275900e-02  1.131000e+07  5.252000e-02  1.134000e+07  5.102500e-02
  1.137000e+07  4.909100e-02  1.140000e+07  4.711200e-02  1.143000e+07  4.523800e-02
  1.146000e+07  4.352000e-02  1.149000e+07  4.196100e-02  1.152000e+07  4.055100e-02
  1.155000e+07  3.927000e-02  1.158000e+07  3.810300e-02  1.161000e+07  3.703700e-02
  1.164000e+07  3.605500e-02  1.167000e+07  3.515000e-02  1.170000e+07  3.431000e-02
  1.173000e+07  3.351800e-02  1.176000e+07  3.274300e-02  1.179000e+07  4.342000e-02
  1.182000e+07  3.291200e-02  1.185000e+07  3.206400e-02  1.188000e+07  3.179000e-02
  1.191000e+07  3.187500e-02  1.194000e+07  3.242800e-02  1.197000e+07  3.366600e-02
  1.200000e+07  3.571600e-02  1.203000e+07  3.787100e-02  1.206000e+07  3.803600e-02
  1.209000e+07  3.550700e-02  1.212000e+07  3.226500e-02  1.215000e+07  2.963500e-02
  1.218000e+07  2.772200e-02  1.221000e+07  2.632100e-02  1.224000e+07  2.525000e-02
  1.227000e+07  2.440000e-02  1.230000e+07  2.371200e-02  1.233000e+07  2.317000e-02
  1.236000e+07  2.283400e-02  1.239000e+07  2.298100e-02  1.242000e+07  2.482900e-02
  1.245000e+07  2.865500e-02  1.248000e+07  2.494500e-02  1.251000e+07  2.230000e-02
  1.254000e+07  2.107400e-02  1.257000e+07  2.033300e-02  1.260000e+07  1.979000e-02
  1.263000e+07  1.935200e-02  1.266000e+07  1.897500e-02  1.269000e+07  1.864400e-02
  1.272000e+07  1.834900e-02  1.275000e+07  1.808500e-02  1.278000e+07  1.785500e-02
  1.281000e+07  1.765500e-02  1.284000e+07  1.749000e-02  1.287000e+07  1.736400e-02
  1.290000e+07  1.728400e-02  1.293000e+07  1.725800e-02  1.296000e+07  1.729600e-02
  1.299000e+07  1.740800e-02  1.302000e+07  1.760000e-02  1.305000e+07  1.787500e-02
  1.308000e+07  1.821800e-02  1.311000e+07  1.859300e-02  1.314000e+07  1.893600e-02
  1.317000e+07  1.917700e-02  1.320000e+07  1.926800e-02  1.323000e+07  1.919300e-02
  1.326000e+07  1.898900e-02  1.329000e+07  1.871100e-02  1.332000e+07  1.841200e-02
  1.335000e+07  1.814100e-02  1.338000e+07  1.793200e-02  1.341000e+07  1.782300e-02
  1.344000e+07  1.786100e-02  1.347000e+07  1.814400e-02  1.350000e+07  1.887500e-02
  1.353000e+07  2.047300e-02  1.356000e+07  2.350300e-02  1.359000e+07  2.684000e-02
  1.362000e+07  2.655100e-02  1.365000e+07  2.393300e-02  1.368000e+07  2.188500e-02
  1.371000e+07  2.070200e-02  1.374000e+07  2.007400e-02  1.377000e+07  1.978100e-02
  1.380000e+07  1.969700e-02  1.383000e+07  1.975200e-02  1.386000e+07  1.991100e-02
  1.389000e+07  2.014900e-02  1.392000e+07  2.044800e-02  1.395000e+07  2.079600e-02
  1.398000e+07  2.118100e-02  1.401000e+07  2.159200e-02  1.404000e+07  2.201900e-02
  1.407000e+07  2.245200e-02  1.410000e+07  2.287900e-02  1.413000e+07  2.328700e-02
  1.416000e+07  2.367000e-02  1.419000e+07  2.401500e-02  1.422000e+07  2.431300e-02
  1.425000e+07  2.455800e-02  1.428000e+07  2.474600e-02  1.431000e+07  2.487300e-02
  1.434000e+07  2.494000e-02  1.437000e+07  2.494800e-02  1.440000e+07  2.490000e-02
  1.443000e+07  2.480200e-02  1.446000e+07  2.465800e-02  1.449000e+07  2.447500e-02
  1.452000e+07  2.425900e-02  1.455000e+07  2.401700e-02  1.458000e+07  2.375300e-02
  1.461000e+07  2.347200e-02  1.464000e+07  2.318000e-02  1.467000e+07  2.288200e-02
  1.470000e+07  2.257900e-02  1.473000e+07  2.227600e-02  1.476000e+07  2.197400e-02
  1.479000e+07  2.167600e-02  1.482000e+07  2.138200e-02  1.485000e+07  2.109400e-02
  1.488000e+07  2.081100e-02  1.491000e+07  2.053600e-02  1.494000e+07  2.026900e-02
  1.497000e+07  2.000700e-02  1.500000e+07  1.975300e-02
             1
             3
            51             0
      -5229700             0           275
  6.724540e+06  0.000000e+00  6.810000e+06  4.133100e-04  6.840000e+06  1.581100e-03
  6.870000e+06  3.048800e-03  6.900000e+06  5.406600e-03  6.930000e+06  5.704500e-03
  6.960000e+06  5.990600e-03  6.990000e+06  6.866200e-03  7.020000e+06  7.544000e-03
  7.050000e+06  8.217800e-03  7.080000e+06  9.112700e-03  7.110000e+06  1.012000e-02
  7.140000e+06  1.107200e-02  7.170000e+06  1.180700e-02  7.200000e+06  1.227200e-02
  7.230000e+06  1.249200e-02  7.260000e+06  1.269900e-02  7.290000e+06  1.301500e-02
  7.320000e+06  1.349100e-02  7.350000e+06  1.411300e-02  7.380000e+06  1.483200e-02
  7.410000e+06  1.557400e-02  7.440000e+06  1.626400e-02  7.470000e+06  1.685000e-02
  7.500000e+06  1.729600e-02  7.530000e+06  1.758700e-02  7.560000e+06  1.772900e-02
  7.590000e+06  1.774200e-02  7.620000e+06  1.759200e-02  7.650000e+06  1.734000e-02
  7.680000e+06  1.703800e-02  7.710000e+06  1.670900e-02  7.740000e+06  1.636700e-02
  7.770000e+06  1.602600e-02  7.800000e+06  1.569700e-02  7.830000e+06  1.532500e-02
  7.860000e+06  1.498500e-02  7.890000e+06  1.468600e-02  7.920000e+06  1.443900e-02
  7.950000e+06  1.426300e-02  7.980000e+06  1.419000e-02  8.010000e+06  1.427000e-02
  8.040000e+06  1.458700e-02  8.070000e+06  1.528700e-02  8.100000e+06  1.655800e-02
  8.130000e+06  1.850300e-02  8.160000e+06  2.074600e-02  8.190000e+06  2.227500e-02
  8.220000e+06  2.246900e-02  8.250000e+06  2.180700e-02  8.280000e+06  2.103600e-02
  8.310000e+06  2.051500e-02  8.340000e+06  2.037200e-02  8.370000e+06  2.062600e-02
  8.400000e+06  2.127800e-02  8.430000e+06  2.232200e-02  8.460000e+06  2.373000e-02
  8.490000e+06  2.543800e-02  8.520000e+06  2.732800e-02  8.550000e+06  2.921800e-02
  8.580000e+06  3.088900e-02  8.610000e+06  3.212700e-02  8.640000e+06  3.278800e-02
  8.670000e+06  3.290500e-02  8.700000e+06  3.255900e-02  8.730000e+06  3.189100e-02
  8.760000e+06  3.104500e-02  8.790000e+06  3.014400e-02  8.820000e+06  2.927300e-02
  8.850000e+06  2.850800e-02  8.880000e+06  2.790700e-02  8.910000e+06  2.751300e-02
  8.940000e+06  2.737200e-02  8.970000e+06  2.753300e-02  9.000000e+06  2.805000e-02
  9.030000e+06  2.890700e-02  9.060000e+06  3.026100e-02  9.090000e+06  3.200500e-02
  9.120000e+06  3.398300e-02  9.150000e+06  3.588100e-02  9.180000e+06  3.731100e-02
  9.210000e+06  3.794400e-02  9.240000e+06  3.767900e-02  9.270000e+06  3.669100e-02
  9.300000e+06  3.526200e-02  9.330000e+06  3.367000e-02  9.360000e+06  3.216700e-02
  9.390000e+06  3.114700e-02  9.420000e+06  3.147100e-02  9.450000e+06  3.216600e-02
  9.480000e+06  3.096000e-02  9.510000e+06  2.953700e-02  9.540000e+06  2.846400e-02
  9.570000e+06  2.767500e-02  9.600000e+06  2.708100e-02  9.630000e+06  2.662000e-02
  9.660000e+06  2.624000e-02  9.690000e+06  2.590100e-02  9.720000e+06  2.556100e-02
  9.750000e+06  2.518400e-02  9.780000e+06  2.472800e-02  9.810000e+06  3.416200e-02
  9.840000e+06  2.376900e-02  9.870000e+06  2.300100e-02  9.900000e+06  2.217400e-02
  9.930000e+06  2.126300e-02  9.960000e+06  2.026500e-02  9.990000e+06  1.917200e-02
  1.002000e+07  1.797300e-02  1.005000e+07  1.667500e-02  1.008000e+07  1.537700e-02
  1.011000e+07  1.448400e-02  1.014000e+07  1.490900e-02  1.017000e+07  1.707500e-02
  1.020000e+07  1.939000e-02  1.023000e+07  2.049500e-02  1.026000e+07  2.067400e-02
  1.029000e+07  2.044000e-02  1.032000e+07  2.007400e-02  1.035000e+07  1.970300e-02
  1.038000e+07  1.939200e-02  1.041000e+07  1.919000e-02  1.044000e+07  1.915500e-02
  1.047000e+07  1.937000e-02  1.050000e+07  1.988000e-02  1.053000e+07  2.044800e-02
  1.056000e+07  2.037400e-02  1.059000e+07  1.944800e-02  1.062000e+07  1.834000e-02
  1.065000e+07  1.748400e-02  1.068000e+07  1.693200e-02  1.071000e+07  1.664700e-02
  1.074000e+07  1.662000e-02  1.077000e+07  1.688800e-02  1.080000e+07  1.753400e-02
  1.083000e+07  1.867200e-02  1.086000e+07  2.038300e-02  1.089000e+07  2.250900e-02
  1.092000e+07  2.437000e-02  1.095000e+07  2.489600e-02  1.098000e+07  2.361700e-02
  1.101000e+07  2.115100e-02  1.104000e+07  1.841900e-02  1.107000e+07  1.600700e-02
  1.110000e+07  1.425600e-02  1.113000e+07  1.355400e-02  1.116000e+07  1.443800e-02
  1.119000e+07  1.714200e-02  1.122000e+07  2.069800e-02  1.125000e+07  2.337200e-02
  1.128000e+07  2.443600e-02  1.131000e+07  2.431000e-02  1.134000e+07  2.360100e-02
  1.137000e+07  2.269200e-02  1.140000e+07  2.176100e-02  1.143000e+07  2.088300e-02
  1.146000e+07  2.007600e-02  1.149000e+07  1.934500e-02  1.152000e+07  1.868300e-02
  1.155000e+07  1.808100e-02  1.158000e+07  1.753200e-02  1.161000e+07  1.702900e-02
  1.164000e+07  1.656600e-02  1.167000e+07  1.613800e-02  1.170000e+07  1.573900e-02
  1.173000e+07  1.536500e-02  1.176000e+07  1.499800e-02  1.179000e+07  1.987200e-02
  1.182000e+07  1.505200e-02  1.185000e+07  1.465400e-02  1.188000e+07  1.451800e-02
  1.191000e+07  1.454500e-02  1.194000e+07  1.478600e-02  1.197000e+07  1.534000e-02
  1.200000e+07  1.626100e-02  1.203000e+07  1.722900e-02  1.206000e+07  1.729200e-02
  1.209000e+07  1.612900e-02  1.212000e+07  1.464500e-02  1.215000e+07  1.344200e-02
  1.218000e+07  1.256400e-02  1.221000e+07  1.192000e-02  1.224000e+07  1.142600e-02
  1.227000e+07  1.103300e-02  1.230000e+07  1.071300e-02  1.233000e+07  1.046000e-02
  1.236000e+07  1.030000e-02  1.239000e+07  1.035800e-02  1.242000e+07  1.118200e-02
  1.245000e+07  1.289500e-02  1.248000e+07  1.121600e-02  1.251000e+07  1.001900e-02
  1.254000e+07  9.460500e-03  1.257000e+07  9.120400e-03  1.260000e+07  8.869800e-03
  1.263000e+07  8.666400e-03  1.266000e+07  8.491000e-03  1.269000e+07  8.336100e-03
  1.272000e+07  8.197300e-03  1.275000e+07  8.072700e-03  1.278000e+07  7.963000e-03
  1.281000e+07  7.867200e-03  1.284000e+07  7.788100e-03  1.287000e+07  7.726500e-03
  1.290000e+07  7.685000e-03  1.293000e+07  7.667700e-03  1.296000e+07  7.678400e-03
  1.299000e+07  7.722200e-03  1.302000e+07  7.801400e-03  1.305000e+07  7.917800e-03
  1.308000e+07  8.063800e-03  1.311000e+07  8.223200e-03  1.314000e+07  8.368400e-03
  1.317000e+07  8.468500e-03  1.320000e+07  8.501400e-03  1.323000e+07  8.462700e-03
  1.326000e+07  8.366800e-03  1.329000e+07  8.238200e-03  1.332000e+07  8.100800e-03
  1.335000e+07  7.975600e-03  1.338000e+07  7.877700e-03  1.341000e+07  7.824100e-03
  1.344000e+07  7.836300e-03  1.347000e+07  7.956000e-03  1.350000e+07  8.271400e-03
  1.353000e+07  8.966700e-03  1.356000e+07  1.028800e-02  1.359000e+07  1.174000e-02
  1.362000e+07  1.160700e-02  1.365000e+07  1.045500e-02  1.368000e+07  9.554200e-03
  1.371000e+07  9.031400e-03  1.374000e+07  8.751600e-03  1.377000e+07  8.617300e-03
  1.380000e+07  8.574200e-03  1.383000e+07  8.594500e-03  1.386000e+07  8.659600e-03
  1.389000e+07  8.758700e-03  1.392000e+07  8.884100e-03  1.395000e+07  9.030800e-03
  1.398000e+07  9.193100e-03  1.401000e+07  9.366700e-03  1.404000e+07  9.546700e-03
  1.407000e+07  9.728900e-03  1.410000e+07  9.908200e-03  1.413000e+07  1.007900e-02
  1.416000e+07  1.023900e-02  1.419000e+07  1.038200e-02  1.422000e+07  1.050500e-02
  1.425000e+07  1.060600e-02  1.428000e+07  1.068300e-02  1.431000e+07  1.073200e-02
  1.434000e+07  1.075600e-02  1.437000e+07  1.075400e-02  1.440000e+07  1.072800e-02
  1.443000e+07  1.068100e-02  1.446000e+07  1.061300e-02  1.449000e+07  1.053000e-02
  1.452000e+07  1.043200e-02  1.455000e+07  1.032200e-02  1.458000e+07  1.020300e-02
  1.461000e+07  1.007900e-02  1.464000e+07  9.950500e-03  1.467000e+07  9.819600e-03
  1.470000e+07  9.686700e-03  1.473000e+07  9.553800e-03  1.476000e+07  9.421500e-03
  1.479000e+07  9.290500e-03  1.482000e+07  9.161300e-03  1.485000e+07  9.034300e-03
  1.488000e+07  8.909800e-03  1.491000e+07  8.788600e-03  1.494000e+07  8.670400e-03
  1.497000e+07  8.555000e-03  1.500000e+07  8.442800e-03
             1
             3
            52             0
      -7838700             0           161
  1.007930e+07  0.000000e+00  1.023000e+07  4.471400e-04  1.026000e+07  9.084900e-04
  1.029000e+07  1.356800e-03  1.032000e+07  1.789500e-03  1.035000e+07  2.211300e-03
  1.038000e+07  2.630700e-03  1.041000e+07  2.969100e-03  1.044000e+07  3.151700e-03
  1.047000e+07  3.378300e-03  1.050000e+07  3.664800e-03  1.053000e+07  3.973900e-03
  1.056000e+07  4.164500e-03  1.059000e+07  4.172100e-03  1.062000e+07  4.096500e-03
  1.065000e+07  4.049000e-03  1.068000e+07  4.061000e-03  1.071000e+07  4.130800e-03
  1.074000e+07  4.263000e-03  1.077000e+07  4.473500e-03  1.080000e+07  4.792600e-03
  1.083000e+07  5.251300e-03  1.086000e+07  5.894300e-03  1.089000e+07  6.688900e-03
  1.092000e+07  7.437700e-03  1.095000e+07  7.799600e-03  1.098000e+07  7.590300e-03
  1.101000e+07  6.964200e-03  1.104000e+07  6.199100e-03  1.107000e+07  5.504500e-03
  1.110000e+07  5.007500e-03  1.113000e+07  4.861300e-03  1.116000e+07  5.285700e-03
  1.119000e+07  6.403500e-03  1.122000e+07  7.871000e-03  1.125000e+07  9.038900e-03
  1.128000e+07  9.612000e-03  1.131000e+07  9.726500e-03  1.134000e+07  9.606200e-03
  1.137000e+07  9.396400e-03  1.140000e+07  9.168700e-03  1.143000e+07  8.891500e-03
  1.146000e+07  8.638500e-03  1.149000e+07  8.411800e-03  1.152000e+07  8.209800e-03
  1.155000e+07  8.029400e-03  1.158000e+07  7.868000e-03  1.161000e+07  7.725500e-03
  1.164000e+07  7.600800e-03  1.167000e+07  7.488600e-03  1.170000e+07  7.386900e-03
  1.173000e+07  7.292800e-03  1.176000e+07  7.199400e-03  1.179000e+07  9.647600e-03
  1.182000e+07  7.394900e-03  1.185000e+07  7.287400e-03  1.188000e+07  7.308200e-03
  1.191000e+07  7.411500e-03  1.194000e+07  7.626200e-03  1.197000e+07  8.007700e-03
  1.200000e+07  8.591700e-03  1.203000e+07  9.159100e-03  1.206000e+07  9.248800e-03
  1.209000e+07  8.680300e-03  1.212000e+07  7.930300e-03  1.215000e+07  7.323500e-03
  1.218000e+07  6.887800e-03  1.221000e+07  6.574100e-03  1.224000e+07  6.337600e-03
  1.227000e+07  6.154900e-03  1.230000e+07  6.011600e-03  1.233000e+07  5.904300e-03
  1.236000e+07  5.849000e-03  1.239000e+07  5.917700e-03  1.242000e+07  6.428500e-03
  1.245000e+07  7.460500e-03  1.248000e+07  6.530900e-03  1.251000e+07  5.871300e-03
  1.254000e+07  5.579700e-03  1.257000e+07  5.414100e-03  1.260000e+07  5.299600e-03
  1.263000e+07  5.199100e-03  1.266000e+07  5.114700e-03  1.269000e+07  5.042400e-03
  1.272000e+07  4.979400e-03  1.275000e+07  4.924900e-03  1.278000e+07  4.879300e-03
  1.281000e+07  4.839900e-03  1.284000e+07  4.806300e-03  1.287000e+07  4.783600e-03
  1.290000e+07  4.773200e-03  1.293000e+07  4.778000e-03  1.296000e+07  4.800400e-03
  1.299000e+07  4.843900e-03  1.302000e+07  4.909700e-03  1.305000e+07  4.999400e-03
  1.308000e+07  5.108600e-03  1.311000e+07  5.227500e-03  1.314000e+07  5.338200e-03
  1.317000e+07  5.421300e-03  1.320000e+07  5.462000e-03  1.323000e+07  5.452400e-03
  1.326000e+07  5.405900e-03  1.329000e+07  5.338200e-03  1.332000e+07  5.264500e-03
  1.335000e+07  5.198700e-03  1.338000e+07  5.150400e-03  1.341000e+07  5.128500e-03
  1.344000e+07  5.144500e-03  1.347000e+07  5.231400e-03  1.350000e+07  5.447600e-03
  1.353000e+07  5.915200e-03  1.356000e+07  6.797900e-03  1.359000e+07  7.771200e-03
  1.362000e+07  7.696600e-03  1.365000e+07  6.945900e-03  1.368000e+07  6.359400e-03
  1.371000e+07  6.023300e-03  1.374000e+07  5.848400e-03  1.377000e+07  5.770500e-03
  1.380000e+07  5.753900e-03  1.383000e+07  5.778200e-03  1.386000e+07  5.832900e-03
  1.389000e+07  5.911100e-03  1.392000e+07  6.007600e-03  1.395000e+07  6.119200e-03
  1.398000e+07  6.242000e-03  1.401000e+07  6.370900e-03  1.404000e+07  6.499900e-03
  1.407000e+07  6.630800e-03  1.410000e+07  6.760100e-03  1.413000e+07  6.884100e-03
  1.416000e+07  7.000900e-03  1.419000e+07  7.106600e-03  1.422000e+07  7.198600e-03
  1.425000e+07  7.275300e-03  1.428000e+07  7.335400e-03  1.431000e+07  7.377100e-03
  1.434000e+07  7.401500e-03  1.437000e+07  7.408200e-03  1.440000e+07  7.398500e-03
  1.443000e+07  7.377400e-03  1.446000e+07  7.342400e-03  1.449000e+07  7.296200e-03
  1.452000e+07  7.239900e-03  1.455000e+07  7.175700e-03  1.458000e+07  7.105000e-03
  1.461000e+07  7.027600e-03  1.464000e+07  6.942800e-03  1.467000e+07  6.856000e-03
  1.470000e+07  6.767800e-03  1.473000e+07  6.679500e-03  1.476000e+07  6.591600e-03
  1.479000e+07  6.504500e-03  1.482000e+07  6.419200e-03  1.485000e+07  6.335700e-03
  1.488000e+07  6.253900e-03  1.491000e+07  6.174300e-03  1.494000e+07  6.096800e-03
  1.497000e+07  6.021100e-03  1.500000e+07  5.947800e-03
             1
             3
            53             0
      -8591700             0           128
  1.104750e+07  0.000000e+00  1.122000e+07  4.318800e-04  1.125000e+07  1.232800e-03
  1.128000e+07  2.085600e-03  1.131000e+07  2.885500e-03  1.134000e+07  3.606600e-03
  1.137000e+07  4.259800e-03  1.140000e+07  4.862900e-03  1.143000e+07  4.982600e-03
  1.146000e+07  5.097300e-03  1.149000e+07  5.210900e-03  1.152000e+07  5.324800e-03
  1.155000e+07  5.439200e-03  1.158000e+07  5.554600e-03  1.161000e+07  5.656600e-03
  1.164000e+07  5.731600e-03  1.167000e+07  5.808800e-03  1.170000e+07  5.887600e-03
  1.173000e+07  5.966500e-03  1.176000e+07  6.040200e-03  1.179000e+07  8.292800e-03
  1.182000e+07  6.481500e-03  1.185000e+07  6.496400e-03  1.188000e+07  6.622700e-03
  1.191000e+07  6.824100e-03  1.194000e+07  7.131000e-03  1.197000e+07  7.600900e-03
  1.200000e+07  8.275000e-03  1.203000e+07  8.981500e-03  1.206000e+07  9.230300e-03
  1.209000e+07  8.813300e-03  1.212000e+07  8.188700e-03  1.215000e+07  7.688000e-03
  1.218000e+07  7.348500e-03  1.221000e+07  7.116500e-03  1.224000e+07  6.942000e-03
  1.227000e+07  6.821500e-03  1.230000e+07  6.741000e-03  1.233000e+07  6.698400e-03
  1.236000e+07  6.713100e-03  1.239000e+07  6.871000e-03  1.242000e+07  7.524300e-03
  1.245000e+07  8.786600e-03  1.248000e+07  7.739300e-03  1.251000e+07  7.000300e-03
  1.254000e+07  6.693200e-03  1.257000e+07  6.533800e-03  1.260000e+07  6.434100e-03
  1.263000e+07  6.370300e-03  1.266000e+07  6.325000e-03  1.269000e+07  6.293400e-03
  1.272000e+07  6.272700e-03  1.275000e+07  6.261800e-03  1.278000e+07  6.261800e-03
  1.281000e+07  6.270800e-03  1.284000e+07  6.289500e-03  1.287000e+07  6.322100e-03
  1.290000e+07  6.371000e-03  1.293000e+07  6.440600e-03  1.296000e+07  6.534700e-03
  1.299000e+07  6.658900e-03  1.302000e+07  6.786800e-03  1.305000e+07  6.934500e-03
  1.308000e+07  7.110700e-03  1.311000e+07  7.301700e-03  1.314000e+07  7.482900e-03
  1.317000e+07  7.626700e-03  1.320000e+07  7.712000e-03  1.323000e+07  7.734300e-03
  1.326000e+07  7.704500e-03  1.329000e+07  7.644100e-03  1.332000e+07  7.574700e-03
  1.335000e+07  7.516100e-03  1.338000e+07  7.482500e-03  1.341000e+07  7.490200e-03
  1.344000e+07  7.560000e-03  1.347000e+07  7.735400e-03  1.350000e+07  8.105600e-03
  1.353000e+07  8.857000e-03  1.356000e+07  1.024400e-02  1.359000e+07  1.178500e-02
  1.362000e+07  1.171500e-02  1.365000e+07  1.059700e-02  1.368000e+07  9.725600e-03
  1.371000e+07  9.233800e-03  1.374000e+07  8.988000e-03  1.377000e+07  8.890800e-03
  1.380000e+07  8.888200e-03  1.383000e+07  8.948400e-03  1.386000e+07  9.056600e-03
  1.389000e+07  9.202200e-03  1.392000e+07  9.377500e-03  1.395000e+07  9.577700e-03
  1.398000e+07  9.797100e-03  1.401000e+07  1.003100e-02  1.404000e+07  1.027300e-02
  1.407000e+07  1.052100e-02  1.410000e+07  1.076800e-02  1.413000e+07  1.101000e-02
  1.416000e+07  1.124200e-02  1.419000e+07  1.145900e-02  1.422000e+07  1.163900e-02
  1.425000e+07  1.178800e-02  1.428000e+07  1.191100e-02  1.431000e+07  1.200500e-02
  1.434000e+07  1.207100e-02  1.437000e+07  1.210900e-02  1.440000e+07  1.212100e-02
  1.443000e+07  1.210400e-02  1.446000e+07  1.206600e-02  1.449000e+07  1.200800e-02
  1.452000e+07  1.193500e-02  1.455000e+07  1.184800e-02  1.458000e+07  1.175000e-02
  1.461000e+07  1.164400e-02  1.464000e+07  1.153300e-02  1.467000e+07  1.141900e-02
  1.470000e+07  1.130100e-02  1.473000e+07  1.118300e-02  1.476000e+07  1.106600e-02
  1.479000e+07  1.094900e-02  1.482000e+07  1.082800e-02  1.485000e+07  1.070600e-02
  1.488000e+07  1.058600e-02  1.491000e+07  1.047000e-02  1.494000e+07  1.035800e-02
  1.497000e+07  1.024800e-02  1.500000e+07  1.014300e-02
             1
             3
            54             0
      -9374700             0            95
  1.205430e+07  0.000000e+00  1.221000e+07  1.052500e-04  1.224000e+07  4.074300e-04
  1.227000e+07  6.951900e-04  1.230000e+07  9.738400e-04  1.233000e+07  1.248400e-03
  1.236000e+07  1.528100e-03  1.239000e+07  1.843300e-03  1.242000e+07  2.192900e-03
  1.245000e+07  2.688000e-03  1.248000e+07  2.478100e-03  1.251000e+07  2.340000e-03
  1.254000e+07  2.330300e-03  1.257000e+07  2.364300e-03  1.260000e+07  2.415200e-03
  1.263000e+07  2.452300e-03  1.266000e+07  2.495100e-03  1.269000e+07  2.542100e-03
  1.272000e+07  2.592600e-03  1.275000e+07  2.646500e-03  1.278000e+07  2.704500e-03
  1.281000e+07  2.760800e-03  1.284000e+07  2.810600e-03  1.287000e+07  2.866500e-03
  1.290000e+07  2.929800e-03  1.293000e+07  3.002800e-03  1.296000e+07  3.087900e-03
  1.299000e+07  3.187900e-03  1.302000e+07  3.296800e-03  1.305000e+07  3.420700e-03
  1.308000e+07  3.561400e-03  1.311000e+07  3.712800e-03  1.314000e+07  3.862500e-03
  1.317000e+07  3.995800e-03  1.320000e+07  4.100700e-03  1.323000e+07  4.153600e-03
  1.326000e+07  4.178600e-03  1.329000e+07  4.186700e-03  1.332000e+07  4.189300e-03
  1.335000e+07  4.197300e-03  1.338000e+07  4.218900e-03  1.341000e+07  4.255800e-03
  1.344000e+07  4.312100e-03  1.347000e+07  4.429200e-03  1.350000e+07  4.659200e-03
  1.353000e+07  5.110700e-03  1.356000e+07  5.933500e-03  1.359000e+07  6.852800e-03
  1.362000e+07  6.856300e-03  1.365000e+07  6.251100e-03  1.368000e+07  5.782800e-03
  1.371000e+07  5.534700e-03  1.374000e+07  5.431300e-03  1.377000e+07  5.416800e-03
  1.380000e+07  5.460300e-03  1.383000e+07  5.542500e-03  1.386000e+07  5.656000e-03
  1.389000e+07  5.794800e-03  1.392000e+07  5.954700e-03  1.395000e+07  6.133100e-03
  1.398000e+07  6.326800e-03  1.401000e+07  6.518100e-03  1.404000e+07  6.686600e-03
  1.407000e+07  6.859100e-03  1.410000e+07  7.032100e-03  1.413000e+07  7.201800e-03
  1.416000e+07  7.366200e-03  1.419000e+07  7.521000e-03  1.422000e+07  7.662300e-03
  1.425000e+07  7.788400e-03  1.428000e+07  7.898200e-03  1.431000e+07  7.989500e-03
  1.434000e+07  8.063000e-03  1.437000e+07  8.118300e-03  1.440000e+07  8.156000e-03
  1.443000e+07  8.182000e-03  1.446000e+07  8.192800e-03  1.449000e+07  8.191200e-03
  1.452000e+07  8.178400e-03  1.455000e+07  8.156500e-03  1.458000e+07  8.126900e-03
  1.461000e+07  8.082200e-03  1.464000e+07  8.014500e-03  1.467000e+07  7.944300e-03
  1.470000e+07  7.872100e-03  1.473000e+07  7.799400e-03  1.476000e+07  7.726800e-03
  1.479000e+07  7.654700e-03  1.482000e+07  7.580800e-03  1.485000e+07  7.507000e-03
  1.488000e+07  7.434800e-03  1.491000e+07  7.365000e-03  1.494000e+07  7.297400e-03
  1.497000e+07  7.231800e-03  1.500000e+07  7.168700e-03
             1
             3
            91             0
      -9734700             0            81
  1.251720e+07  0.000000e+00  1.263000e+07  1.970300e-04  1.266000e+07  3.899000e-04
  1.269000e+07  5.799200e-04  1.272000e+07  7.680300e-04  1.275000e+07  9.550900e-04
  1.278000e+07  1.142200e-03  1.281000e+07  1.290200e-03  1.284000e+07  1.360200e-03
  1.287000e+07  1.432800e-03  1.290000e+07  1.509200e-03  1.293000e+07  1.590900e-03
  1.296000e+07  1.679400e-03  1.299000e+07  1.777100e-03  1.302000e+07  2.023700e-03
  1.305000e+07  2.361400e-03  1.308000e+07  2.724900e-03  1.311000e+07  3.112100e-03
  1.314000e+07  3.513700e-03  1.317000e+07  3.914300e-03  1.320000e+07  4.297600e-03
  1.323000e+07  4.573300e-03  1.326000e+07  4.818800e-03  1.329000e+07  5.043000e-03
  1.332000e+07  5.257700e-03  1.335000e+07  5.476400e-03  1.338000e+07  5.711100e-03
  1.341000e+07  5.973500e-03  1.344000e+07  6.281200e-03  1.347000e+07  6.685400e-03
  1.350000e+07  7.276700e-03  1.353000e+07  8.248200e-03  1.356000e+07  9.883600e-03
  1.359000e+07  1.176800e-02  1.362000e+07  1.235300e-02  1.365000e+07  1.189500e-02
  1.368000e+07  1.159100e-02  1.371000e+07  1.165600e-02  1.374000e+07  1.199200e-02
  1.377000e+07  1.251300e-02  1.380000e+07  1.317200e-02  1.383000e+07  1.379400e-02
  1.386000e+07  1.450900e-02  1.389000e+07  1.530600e-02  1.392000e+07  1.618100e-02
  1.395000e+07  1.713100e-02  1.398000e+07  1.815200e-02  1.401000e+07  1.919100e-02
  1.404000e+07  2.019000e-02  1.407000e+07  2.123000e-02  1.410000e+07  2.230100e-02
  1.413000e+07  2.339200e-02  1.416000e+07  2.449500e-02  1.419000e+07  2.559500e-02
  1.422000e+07  2.654100e-02  1.425000e+07  2.738300e-02  1.428000e+07  2.818000e-02
  1.431000e+07  2.892400e-02  1.434000e+07  2.961200e-02  1.437000e+07  3.024000e-02
  1.440000e+07  3.081000e-02  1.443000e+07  3.133500e-02  1.446000e+07  3.180400e-02
  1.449000e+07  3.222700e-02  1.452000e+07  3.260500e-02  1.455000e+07  3.294600e-02
  1.458000e+07  3.325300e-02  1.461000e+07  3.351300e-02  1.464000e+07  3.370800e-02
  1.467000e+07  3.388700e-02  1.470000e+07  3.405100e-02  1.473000e+07  3.420800e-02
  1.476000e+07  3.436000e-02  1.479000e+07  3.450800e-02  1.482000e+07  3.467000e-02
  1.485000e+07  3.484100e-02  1.488000e+07  3.501300e-02  1.491000e+07  3.519100e-02
  1.494000e+07  3.537400e-02  1.497000e+07  3.556100e-02  1.500000e+07  3.575600e-02
