             1
             3
             4             0
      -6418410             0           106
  8.131080e+06  0.000000e+00  8.140000e+06  5.065400e-05  8.210000e+06  1.656700e-02
  8.280000e+06  3.844400e-03  8.350000e+06  1.072900e-03  8.420000e+06  5.843300e-04
  8.490000e+06  5.686100e-04  8.560000e+06  2.246300e-03  8.630000e+06  6.791300e-04
  8.700000e+06  9.016700e-04  8.770000e+06  1.642100e-03  8.840000e+06  3.823900e-03
  8.910000e+06  3.136400e-03  8.980000e+06  2.798200e-03  9.050000e+06  2.015300e-03
  9.120000e+06  1.591700e-03  9.190000e+06  3.159400e-03  9.260000e+06  1.553000e-03
  9.318110e+06  1.191390e-03  9.330000e+06  1.131328e-03  9.400000e+06  1.061564e-03
  9.451130e+06  2.028619e-03  9.470000e+06  2.385571e-03  9.500530e+06  2.259259e-03
  9.540000e+06  2.096562e-03  9.551210e+06  1.871107e-03  9.610000e+06  6.910288e-04
  9.680000e+06  5.373278e-04  9.750000e+06  4.525186e-04  9.820000e+06  3.925474e-04
  9.890000e+06  3.467444e-04  9.960000e+06  3.110473e-04  1.003000e+07  2.844800e-04
  1.010000e+07  2.703147e-04  1.017000e+07  2.873977e-04  1.024000e+07  4.567010e-04
  1.028470e+07  1.722602e-03  1.028500e+07  1.731098e-03  1.031000e+07  2.442749e-03
  1.038000e+07  4.303253e-03  1.045000e+07  1.398012e-03  1.052000e+07  9.545710e-04
  1.059000e+07  8.632250e-04  1.066000e+07  9.023820e-04  1.073000e+07  1.041305e-03
  1.080000e+07  1.301107e-03  1.087000e+07  1.735910e-03  1.094000e+07  2.414502e-03
  1.101000e+07  3.310354e-03  1.108000e+07  4.037770e-03  1.115000e+07  4.014049e-03
  1.122000e+07  3.366407e-03  1.129000e+07  2.661398e-03  1.136000e+07  2.155399e-03
  1.143000e+07  1.867814e-03  1.150000e+07  1.784096e-03  1.157000e+07  1.947406e-03
  1.164000e+07  2.581086e-03  1.171000e+07  4.567936e-03  1.178000e+07  8.825230e-03
  1.185000e+07  3.852684e-03  1.192000e+07  1.137907e-03  1.199000e+07  5.951810e-04
  1.206000e+07  6.762190e-04  1.213000e+07  1.366010e-03  1.220000e+07  3.591882e-03
  1.227000e+07  8.924960e-03  1.234000e+07  1.001802e-02  1.241000e+07  6.262384e-03
  1.248000e+07  4.035740e-03  1.255000e+07  2.939608e-03  1.262000e+07  2.362594e-03
  1.269000e+07  2.044005e-03  1.276000e+07  1.873183e-03  1.283000e+07  1.800204e-03
  1.290000e+07  1.803412e-03  1.297000e+07  1.876099e-03  1.304000e+07  2.021691e-03
  1.311000e+07  2.251591e-03  1.318000e+07  2.583737e-03  1.325000e+07  3.038043e-03
  1.332000e+07  3.622538e-03  1.339000e+07  4.301271e-03  1.346000e+07  4.947664e-03
  1.353000e+07  5.341579e-03  1.360000e+07  5.302350e-03  1.367000e+07  4.861793e-03
  1.374000e+07  4.225770e-03  1.381000e+07  3.590092e-03  1.388000e+07  3.052502e-03
  1.395000e+07  2.635900e-03  1.402000e+07  2.331230e-03  1.409000e+07  2.121936e-03
  1.416000e+07  1.994157e-03  1.423000e+07  1.940640e-03  1.430000e+07  1.961138e-03
  1.437000e+07  2.064494e-03  1.444000e+07  2.270670e-03  1.451000e+07  2.615226e-03
  1.458000e+07  3.153544e-03  1.465000e+07  3.958113e-03  1.472000e+07  5.074331e-03
  1.479000e+07  6.369826e-03  1.486000e+07  7.312938e-03  1.493000e+07  7.238834e-03
  1.500000e+07  6.219047e-03
             1
             3
            50             0
      -6418410             0           100
  8.131080e+06  0.000000e+00  8.140000e+06  5.065400e-05  8.210000e+06  1.656700e-02
  8.280000e+06  3.844400e-03  8.350000e+06  1.072900e-03  8.420000e+06  5.843300e-04
  8.490000e+06  5.686100e-04  8.560000e+06  2.246300e-03  8.630000e+06  6.791300e-04
  8.700000e+06  9.016700e-04  8.770000e+06  1.642100e-03  8.840000e+06  3.823900e-03
  8.910000e+06  3.136400e-03  8.980000e+06  2.798200e-03  9.050000e+06  2.015300e-03
  9.120000e+06  1.591700e-03  9.190000e+06  3.159400e-03  9.260000e+06  1.553000e-03
  9.330000e+06  1.117400e-03  9.400000e+06  9.656400e-04  9.470000e+06  2.207600e-03
  9.540000e+06  1.783100e-03  9.610000e+06  5.382300e-04  9.680000e+06  3.883500e-04
  9.750000e+06  3.016500e-04  9.820000e+06  2.417100e-04  9.890000e+06  2.004700e-04
  9.960000e+06  1.681300e-04  1.003000e+07  1.453600e-04  1.010000e+07  1.330300e-04
  1.017000e+07  1.360200e-04  1.024000e+07  2.089300e-04  1.031000e+07  1.082800e-03
  1.038000e+07  1.846100e-03  1.045000e+07  5.773700e-04  1.052000e+07  3.761400e-04
  1.059000e+07  3.237900e-04  1.066000e+07  3.287100e-04  1.073000e+07  3.694400e-04
  1.080000e+07  4.492800e-04  1.087000e+07  5.873200e-04  1.094000e+07  8.000800e-04
  1.101000e+07  1.071000e-03  1.108000e+07  1.254100e-03  1.115000e+07  1.194800e-03
  1.122000e+07  9.644900e-04  1.129000e+07  7.447600e-04  1.136000e+07  5.888000e-04
  1.143000e+07  4.964400e-04  1.150000e+07  4.592900e-04  1.157000e+07  4.850700e-04
  1.164000e+07  6.260900e-04  1.171000e+07  1.084600e-03  1.178000e+07  2.050000e-03
  1.185000e+07  8.776200e-04  1.192000e+07  2.543800e-04  1.199000e+07  1.305300e-04
  1.206000e+07  1.458200e-04  1.213000e+07  2.896700e-04  1.220000e+07  7.488200e-04
  1.227000e+07  1.801100e-03  1.234000e+07  1.954800e-03  1.241000e+07  1.182700e-03
  1.248000e+07  7.468000e-04  1.255000e+07  5.327700e-04  1.262000e+07  4.185900e-04
  1.269000e+07  3.525400e-04  1.276000e+07  3.142700e-04  1.283000e+07  2.949800e-04
  1.290000e+07  2.903400e-04  1.297000e+07  2.966600e-04  1.304000e+07  3.121400e-04
  1.311000e+07  3.377900e-04  1.318000e+07  3.763000e-04  1.325000e+07  4.305500e-04
  1.332000e+07  4.998300e-04  1.339000e+07  5.774000e-04  1.346000e+07  6.488900e-04
  1.353000e+07  6.846400e-04  1.360000e+07  6.638200e-04  1.367000e+07  5.947200e-04
  1.374000e+07  5.048000e-04  1.381000e+07  4.183900e-04  1.388000e+07  3.459100e-04
  1.395000e+07  2.902200e-04  1.402000e+07  2.499300e-04  1.409000e+07  2.231100e-04
  1.416000e+07  2.055600e-04  1.423000e+07  1.960300e-04  1.430000e+07  1.940400e-04
  1.437000e+07  2.000000e-04  1.444000e+07  2.150300e-04  1.451000e+07  2.417300e-04
  1.458000e+07  2.843600e-04  1.465000e+07  3.489400e-04  1.472000e+07  4.376200e-04
  1.479000e+07  5.371500e-04  1.486000e+07  6.063800e-04  1.493000e+07  5.906400e-04
  1.500000e+07  4.992000e-04
             1
             3
            51             0
      -7355400             0            81
  9.318110e+06  0.000000e+00  9.470000e+06  1.779200e-04  9.540000e+06  3.126200e-04
  9.610000e+06  1.483900e-04  9.680000e+06  1.215500e-04  9.750000e+06  1.075600e-04
  9.820000e+06  9.681800e-05  9.890000e+06  8.642100e-05  9.960000e+06  7.833300e-05
  1.003000e+07  7.289600e-05  1.010000e+07  7.110900e-05  1.017000e+07  7.756400e-05
  1.024000e+07  1.258600e-04  1.031000e+07  6.840700e-04  1.038000e+07  1.223900e-03
  1.045000e+07  3.967400e-04  1.052000e+07  2.669800e-04  1.059000e+07  2.378900e-04
  1.066000e+07  2.466900e-04  1.073000e+07  2.827100e-04  1.080000e+07  3.507900e-04
  1.087000e+07  4.692200e-04  1.094000e+07  6.543200e-04  1.101000e+07  8.968500e-04
  1.108000e+07  1.075000e-03  1.115000e+07  1.049900e-03  1.122000e+07  8.661900e-04
  1.129000e+07  6.763700e-04  1.136000e+07  5.409500e-04  1.143000e+07  4.616000e-04
  1.150000e+07  4.324400e-04  1.157000e+07  4.627800e-04  1.164000e+07  6.053400e-04
  1.171000e+07  1.062700e-03  1.178000e+07  2.036500e-03  1.185000e+07  8.801200e-04
  1.192000e+07  2.571100e-04  1.199000e+07  1.330000e-04  1.206000e+07  1.497400e-04
  1.213000e+07  2.998500e-04  1.220000e+07  7.815000e-04  1.227000e+07  1.894800e-03
  1.234000e+07  2.074000e-03  1.241000e+07  1.265500e-03  1.248000e+07  8.035500e-04
  1.255000e+07  5.765700e-04  1.262000e+07  4.556100e-04  1.269000e+07  3.857800e-04
  1.276000e+07  3.458500e-04  1.283000e+07  3.265100e-04  1.290000e+07  3.232500e-04
  1.297000e+07  3.322800e-04  1.304000e+07  3.514100e-04  1.311000e+07  3.819800e-04
  1.318000e+07  4.275600e-04  1.325000e+07  4.913000e-04  1.332000e+07  5.727900e-04
  1.339000e+07  6.646300e-04  1.346000e+07  7.502200e-04  1.353000e+07  7.951500e-04
  1.360000e+07  7.746300e-04  1.367000e+07  6.966600e-04  1.374000e+07  5.937100e-04
  1.381000e+07  4.940500e-04  1.388000e+07  4.097100e-04  1.395000e+07  3.448400e-04
  1.402000e+07  2.980300e-04  1.409000e+07  2.671100e-04  1.416000e+07  2.471200e-04
  1.423000e+07  2.366500e-04  1.430000e+07  2.352500e-04  1.437000e+07  2.435400e-04
  1.444000e+07  2.627900e-04  1.451000e+07  2.963400e-04  1.458000e+07  3.497200e-04
  1.465000e+07  4.307500e-04  1.472000e+07  5.424300e-04  1.479000e+07  6.686300e-04
  1.486000e+07  7.579500e-04  1.493000e+07  7.414100e-04  1.500000e+07  6.293600e-04
             1
             3
            52             0
      -7460400             0            79
  9.451130e+06  0.000000e+00  9.610000e+06  4.277200e-07  9.680000e+06  2.660800e-06
  9.750000e+06  4.201600e-06  9.820000e+06  5.091400e-06  9.890000e+06  5.213400e-06
  9.960000e+06  5.319300e-06  1.003000e+07  5.400000e-06  1.010000e+07  5.572700e-06
  1.017000e+07  6.394700e-06  1.024000e+07  1.073200e-05  1.031000e+07  5.965600e-05
  1.038000e+07  1.090300e-04  1.045000e+07  3.590600e-05  1.052000e+07  2.450600e-05
  1.059000e+07  2.215100e-05  1.066000e+07  2.327900e-05  1.073000e+07  2.703100e-05
  1.080000e+07  3.398600e-05  1.087000e+07  4.530600e-05  1.094000e+07  6.296400e-05
  1.101000e+07  8.599300e-05  1.108000e+07  1.025600e-04  1.115000e+07  9.963900e-05
  1.122000e+07  8.201300e-05  1.129000e+07  6.438700e-05  1.136000e+07  5.178100e-05
  1.143000e+07  4.419600e-05  1.150000e+07  4.111200e-05  1.157000e+07  4.367100e-05
  1.164000e+07  5.667800e-05  1.171000e+07  9.869400e-05  1.178000e+07  1.875600e-04
  1.185000e+07  8.070100e-05  1.192000e+07  2.350800e-05  1.199000e+07  1.212400e-05
  1.206000e+07  1.355000e-05  1.213000e+07  2.690800e-05  1.220000e+07  6.953100e-05
  1.227000e+07  1.670900e-04  1.234000e+07  1.811800e-04  1.241000e+07  1.095200e-04
  1.248000e+07  6.909500e-05  1.255000e+07  4.924900e-05  1.262000e+07  3.863600e-05
  1.269000e+07  3.243700e-05  1.276000e+07  2.882000e-05  1.283000e+07  2.695400e-05
  1.290000e+07  2.642800e-05  1.297000e+07  2.689600e-05  1.304000e+07  2.818200e-05
  1.311000e+07  3.036200e-05  1.318000e+07  3.366400e-05  1.325000e+07  3.834600e-05
  1.332000e+07  4.431700e-05  1.339000e+07  5.095200e-05  1.346000e+07  5.696800e-05
  1.353000e+07  5.978100e-05  1.360000e+07  5.763400e-05  1.367000e+07  5.132900e-05
  1.374000e+07  4.329800e-05  1.381000e+07  3.565600e-05  1.388000e+07  2.931200e-05
  1.395000e+07  2.444400e-05  1.402000e+07  2.091800e-05  1.409000e+07  1.855500e-05
  1.416000e+07  1.698400e-05  1.423000e+07  1.608900e-05  1.430000e+07  1.582100e-05
  1.437000e+07  1.619500e-05  1.444000e+07  1.729700e-05  1.451000e+07  1.932000e-05
  1.458000e+07  2.257400e-05  1.465000e+07  2.751700e-05  1.472000e+07  3.428100e-05
  1.479000e+07  4.178300e-05  1.486000e+07  4.684200e-05  1.493000e+07  4.530200e-05
  1.500000e+07  3.800400e-05
             1
             3
            53             0
      -7499400             0            79
  9.500530e+06  0.000000e+00  9.610000e+06  1.672900e-06  9.680000e+06  1.040700e-05
  9.750000e+06  1.643300e-05  9.820000e+06  1.884300e-05  9.890000e+06  1.613700e-05
  9.960000e+06  1.402200e-05  1.003000e+07  1.246200e-05  1.010000e+07  1.156600e-05
  1.017000e+07  1.200400e-05  1.024000e+07  1.862100e-05  1.031000e+07  9.707000e-05
  1.038000e+07  1.665200e-04  1.045000e+07  5.211300e-05  1.052000e+07  3.389100e-05
  1.059000e+07  2.911900e-05  1.066000e+07  2.951800e-05  1.073000e+07  3.313000e-05
  1.080000e+07  4.023100e-05  1.087000e+07  5.237400e-05  1.094000e+07  7.103800e-05
  1.101000e+07  9.467100e-05  1.108000e+07  1.103600e-04  1.115000e+07  1.046300e-04
  1.122000e+07  8.407400e-05  1.129000e+07  6.473100e-05  1.136000e+07  5.101800e-05
  1.143000e+07  4.284800e-05  1.150000e+07  3.944400e-05  1.157000e+07  4.143500e-05
  1.164000e+07  5.318800e-05  1.171000e+07  9.162200e-05  1.178000e+07  1.721700e-04
  1.185000e+07  7.331300e-05  1.192000e+07  2.113900e-05  1.199000e+07  1.078700e-05
  1.206000e+07  1.198900e-05  1.213000e+07  2.369200e-05  1.220000e+07  6.091100e-05
  1.227000e+07  1.456700e-04  1.234000e+07  1.571400e-04  1.241000e+07  9.446400e-05
  1.248000e+07  5.929500e-05  1.255000e+07  4.203900e-05  1.262000e+07  3.282800e-05
  1.269000e+07  2.749800e-05  1.276000e+07  2.437300e-05  1.283000e+07  2.274000e-05
  1.290000e+07  2.224400e-05  1.297000e+07  2.258300e-05  1.304000e+07  2.360900e-05
  1.311000e+07  2.537900e-05  1.318000e+07  2.807300e-05  1.325000e+07  3.192700e-05
  1.332000e+07  3.685100e-05  1.339000e+07  4.230900e-05  1.346000e+07  4.724600e-05
  1.353000e+07  4.951800e-05  1.360000e+07  4.767600e-05  1.367000e+07  4.242400e-05
  1.374000e+07  3.575200e-05  1.381000e+07  2.941600e-05  1.388000e+07  2.417000e-05
  1.395000e+07  2.014600e-05  1.402000e+07  1.723200e-05  1.409000e+07  1.528100e-05
  1.416000e+07  1.398300e-05  1.423000e+07  1.324100e-05  1.430000e+07  1.301700e-05
  1.437000e+07  1.331900e-05  1.444000e+07  1.422300e-05  1.451000e+07  1.588600e-05
  1.458000e+07  1.856000e-05  1.465000e+07  2.262600e-05  1.472000e+07  2.819000e-05
  1.479000e+07  3.436300e-05  1.486000e+07  3.852600e-05  1.493000e+07  3.726200e-05
  1.500000e+07  3.126300e-05
             1
             3
            54             0
      -7539400             0            79
  9.551210e+06  0.000000e+00  9.610000e+06  2.308200e-06  9.680000e+06  1.436000e-05
  9.750000e+06  2.267400e-05  9.820000e+06  3.008500e-05  9.890000e+06  3.850300e-05
  9.960000e+06  4.524300e-05  1.003000e+07  4.836200e-05  1.010000e+07  4.903700e-05
  1.017000e+07  5.541500e-05  1.024000e+07  9.255800e-05  1.031000e+07  5.155000e-04
  1.038000e+07  9.438200e-04  1.045000e+07  3.117700e-04  1.052000e+07  2.135400e-04
  1.059000e+07  1.937000e-04  1.066000e+07  2.049900e-04  1.073000e+07  2.398000e-04
  1.080000e+07  3.036900e-04  1.087000e+07  4.064400e-04  1.094000e+07  5.670800e-04
  1.101000e+07  7.774700e-04  1.108000e+07  9.303800e-04  1.115000e+07  9.070800e-04
  1.122000e+07  7.506800e-04  1.129000e+07  5.952100e-04  1.136000e+07  4.834500e-04
  1.143000e+07  4.168500e-04  1.150000e+07  3.919500e-04  1.157000e+07  4.210300e-04
  1.164000e+07  5.513900e-04  1.171000e+07  9.672200e-04  1.178000e+07  1.852100e-03
  1.185000e+07  8.039300e-04  1.192000e+07  2.364000e-04  1.199000e+07  1.231000e-04
  1.206000e+07  1.391400e-04  1.213000e+07  2.795800e-04  1.220000e+07  7.312200e-04
  1.227000e+07  1.772000e-03  1.234000e+07  1.938600e-03  1.241000e+07  1.182800e-03
  1.248000e+07  7.531000e-04  1.255000e+07  5.418800e-04  1.262000e+07  4.294100e-04
  1.269000e+07  3.646200e-04  1.276000e+07  3.278300e-04  1.283000e+07  3.099800e-04
  1.290000e+07  3.067500e-04  1.297000e+07  3.151800e-04  1.304000e+07  3.334900e-04
  1.311000e+07  3.629800e-04  1.318000e+07  4.068400e-04  1.325000e+07  4.685200e-04
  1.332000e+07  5.476500e-04  1.339000e+07  6.371800e-04  1.346000e+07  7.193400e-04
  1.353000e+07  7.621900e-04  1.360000e+07  7.422900e-04  1.367000e+07  6.678600e-04
  1.374000e+07  5.694100e-04  1.381000e+07  4.741800e-04  1.388000e+07  3.942000e-04
  1.395000e+07  3.326500e-04  1.402000e+07  2.880200e-04  1.409000e+07  2.580800e-04
  1.416000e+07  2.387100e-04  1.423000e+07  2.285300e-04  1.430000e+07  2.271100e-04
  1.437000e+07  2.350400e-04  1.444000e+07  2.539300e-04  1.451000e+07  2.870500e-04
  1.458000e+07  3.396300e-04  1.465000e+07  4.186800e-04  1.472000e+07  5.273100e-04
  1.479000e+07  6.501000e-04  1.486000e+07  7.367400e-04  1.493000e+07  7.204200e-04
  1.500000e+07  6.113200e-04
             1
             3
            91             0
      -8118410             0            68
  1.028470e+07  0.000000e+00  1.028500e+07  0.000000e+00  1.045000e+07  2.411300e-05
  1.052000e+07  3.951400e-05  1.059000e+07  5.657500e-05  1.066000e+07  6.919500e-05
  1.073000e+07  8.919400e-05  1.080000e+07  1.231300e-04  1.087000e+07  1.752500e-04
  1.094000e+07  2.590200e-04  1.101000e+07  3.843700e-04  1.108000e+07  5.653700e-04
  1.115000e+07  6.580000e-04  1.122000e+07  6.189600e-04  1.129000e+07  5.159400e-04
  1.136000e+07  4.394000e-04  1.143000e+07  4.058800e-04  1.150000e+07  4.198600e-04
  1.157000e+07  4.934200e-04  1.164000e+07  6.884000e-04  1.171000e+07  1.263100e-03
  1.178000e+07  2.526900e-03  1.185000e+07  1.137000e-03  1.192000e+07  3.453700e-04
  1.199000e+07  1.856400e-04  1.206000e+07  2.159800e-04  1.213000e+07  4.463100e-04
  1.220000e+07  1.199900e-03  1.227000e+07  3.144300e-03  1.234000e+07  3.712300e-03
  1.241000e+07  2.427400e-03  1.248000e+07  1.603900e-03  1.255000e+07  1.197100e-03
  1.262000e+07  9.875200e-04  1.269000e+07  8.811300e-04  1.276000e+07  8.320400e-04
  1.283000e+07  8.190400e-04  1.290000e+07  8.344000e-04  1.297000e+07  8.825000e-04
  1.304000e+07  9.728600e-04  1.311000e+07  1.113100e-03  1.318000e+07  1.311300e-03
  1.325000e+07  1.577400e-03  1.332000e+07  1.921100e-03  1.339000e+07  2.328800e-03
  1.346000e+07  2.725000e-03  1.353000e+07  2.990300e-03  1.360000e+07  3.016300e-03
  1.367000e+07  2.808800e-03  1.374000e+07  2.478800e-03  1.381000e+07  2.138400e-03
  1.388000e+07  1.849200e-03  1.395000e+07  1.623600e-03  1.402000e+07  1.457100e-03
  1.409000e+07  1.339800e-03  1.416000e+07  1.271800e-03  1.423000e+07  1.250100e-03
  1.430000e+07  1.275900e-03  1.437000e+07  1.356400e-03  1.444000e+07  1.507400e-03
  1.451000e+07  1.754900e-03  1.458000e+07  2.138700e-03  1.465000e+07  2.709600e-03
  1.472000e+07  3.504500e-03  1.479000e+07  4.437800e-03  1.486000e+07  5.126500e-03
  1.493000e+07  5.103800e-03  1.500000e+07  4.409900e-03
