             1
             3
             4             0
        586516             0           404
  1.000000e-05  0.000000e+00  8.000000e+05  0.000000e+00  9.000000e+05  2.000000e-06
  1.294120e+06  2.431509e-05  1.429000e+06  3.700050e-05  1.443000e+06  7.710000e-04
  1.454000e+06  8.630000e-04  1.476000e+06  1.999970e-04  1.500000e+06  5.550000e-05
  1.524000e+06  4.930000e-05  1.574000e+06  9.870000e-05  1.613000e+06  2.159970e-04
  1.639000e+06  4.010020e-04  1.671000e+06  4.370010e-04  1.727000e+06  1.329955e-03
  1.746000e+06  2.310020e-03  1.769000e+06  3.170020e-03  1.800000e+06  1.610002e-03
  1.830000e+06  6.170040e-04  1.853000e+06  1.389960e-03  1.884000e+06  1.230037e-03
  1.917000e+06  1.080014e-03  1.944000e+06  3.550030e-03  1.966000e+06  8.630000e-03
  1.986000e+06  5.089960e-03  2.000000e+06  4.319950e-03  2.026000e+06  9.250010e-03
  2.046000e+06  5.550020e-03  2.070000e+06  6.319990e-03  2.080000e+06  7.152000e-03
  2.090000e+06  7.985010e-03  2.100000e+06  8.816960e-03  2.110000e+06  9.650030e-03
  2.120000e+06  1.048193e-02  2.130000e+06  1.131485e-02  2.140000e+06  1.214660e-02
  2.150000e+06  1.690077e-02  2.160000e+06  2.274971e-02  2.170000e+06  2.787608e-02
  2.180000e+06  2.929017e-02  2.190000e+06  2.630237e-02  2.200000e+06  2.136903e-02
  2.210000e+06  1.673186e-02  2.220000e+06  1.307487e-02  2.230000e+06  1.038051e-02
  2.240000e+06  8.425900e-03  2.250000e+06  7.004490e-03  2.260000e+06  5.968860e-03
  2.270000e+06  5.234760e-03  2.280000e+06  4.818560e-03  2.290000e+06  5.290450e-03
  2.300000e+06  1.315042e-02  2.310000e+06  4.759790e-03  2.320000e+06  3.665490e-03
  2.330000e+06  3.443360e-03  2.340000e+06  3.563480e-03  2.350000e+06  4.227750e-03
  2.360000e+06  6.758540e-03  2.370000e+06  2.110032e-02  2.380000e+06  2.121754e-02
  2.390000e+06  8.167800e-03  2.400000e+06  8.042810e-03  2.410000e+06  1.794023e-02
  2.420000e+06  1.743714e-02  2.430000e+06  6.973340e-03  2.440000e+06  4.476150e-03
  2.450000e+06  3.803470e-03  2.460000e+06  3.862130e-03  2.470000e+06  4.709670e-03
  2.480000e+06  7.541520e-03  2.490000e+06  1.611188e-02  2.500000e+06  1.584772e-02
  2.510000e+06  7.727720e-03  2.520000e+06  4.981230e-03  2.530000e+06  4.055910e-03
  2.540000e+06  3.758660e-03  2.550000e+06  3.757670e-03  2.560000e+06  3.952440e-03
  2.570000e+06  4.323030e-03  2.580000e+06  4.892790e-03  2.590000e+06  5.723230e-03
  2.600000e+06  6.923560e-03  2.610000e+06  8.647440e-03  2.620000e+06  1.121949e-02
  2.630000e+06  1.511184e-02  2.640000e+06  2.095082e-02  2.650000e+06  2.898920e-02
  2.660000e+06  3.728680e-02  2.670000e+06  4.047850e-02  2.680000e+06  3.593210e-02
  2.690000e+06  2.810000e-02  2.700000e+06  2.121376e-02  2.710000e+06  1.625761e-02
  2.720000e+06  1.288137e-02  2.730000e+06  1.058416e-02  2.740000e+06  9.003420e-03
  2.750000e+06  7.903030e-03  2.760000e+06  7.134960e-03  2.770000e+06  6.606870e-03
  2.780000e+06  6.261180e-03  2.790000e+06  6.062640e-03  2.800000e+06  5.992490e-03
  2.810000e+06  6.023560e-03  2.820000e+06  6.182270e-03  2.830000e+06  6.490270e-03
  2.840000e+06  6.993890e-03  2.850000e+06  7.786840e-03  2.860000e+06  9.068130e-03
  2.870000e+06  1.132541e-02  2.880000e+06  1.601490e-02  2.890000e+06  2.834070e-02
  2.900000e+06  4.859140e-02  2.910000e+06  3.787700e-02  2.920000e+06  4.052150e-02
  2.930000e+06  6.296480e-02  2.940000e+06  8.498720e-02  2.950000e+06  6.315170e-02
  2.960000e+06  4.129810e-02  2.970000e+06  3.271340e-02  2.980000e+06  3.155080e-02
  2.990000e+06  3.537410e-02  3.000000e+06  4.440160e-02  3.010000e+06  6.025730e-02
  3.020000e+06  8.425410e-02  3.030000e+06  1.083730e-01  3.040000e+06  1.133051e-01
  3.050000e+06  1.038304e-01  3.060000e+06  1.070461e-01  3.070000e+06  1.336448e-01
  3.080000e+06  1.267034e-01  3.090000e+06  8.670620e-02  3.100000e+06  6.674730e-02
  3.110000e+06  6.312700e-02  3.120000e+06  6.913590e-02  3.130000e+06  7.884020e-02
  3.140000e+06  8.252050e-02  3.150000e+06  7.489360e-02  3.160000e+06  6.308990e-02
  3.170000e+06  5.571340e-02  3.180000e+06  5.812700e-02  3.190000e+06  7.144730e-02
  3.200000e+06  6.649980e-02  3.210000e+06  4.428670e-02  3.220000e+06  3.096100e-02
  3.230000e+06  2.419312e-02  3.240000e+06  2.047290e-02  3.250000e+06  1.828599e-02
  3.260000e+06  1.698830e-02  3.270000e+06  1.629014e-02  3.280000e+06  1.606231e-02
  3.290000e+06  1.626949e-02  3.300000e+06  1.695257e-02  3.310000e+06  1.824932e-02
  3.320000e+06  2.044808e-02  3.330000e+06  2.413670e-02  3.340000e+06  3.050680e-02
  3.350000e+06  4.172940e-02  3.360000e+06  5.911130e-02  3.370000e+06  7.185640e-02
  3.380000e+06  6.635520e-02  3.390000e+06  5.931130e-02  3.400000e+06  6.156840e-02
  3.410000e+06  7.075880e-02  3.420000e+06  7.571960e-02  3.430000e+06  6.762020e-02
  3.440000e+06  5.522190e-02  3.450000e+06  4.680600e-02  3.460000e+06  4.356750e-02
  3.470000e+06  4.548630e-02  3.480000e+06  5.417580e-02  3.490000e+06  7.210650e-02
  3.500000e+06  8.629460e-02  3.510000e+06  7.459790e-02  3.520000e+06  6.058480e-02
  3.530000e+06  5.541620e-02  3.540000e+06  5.654310e-02  3.550000e+06  6.214640e-02
  3.560000e+06  7.175760e-02  3.570000e+06  8.530520e-02  3.580000e+06  1.019398e-01
  3.590000e+06  1.187101e-01  3.600000e+06  1.311604e-01  3.610000e+06  1.375202e-01
  3.620000e+06  1.405968e-01  3.630000e+06  1.421148e-01  3.640000e+06  1.385511e-01
  3.650000e+06  1.274264e-01  3.660000e+06  1.132162e-01  3.670000e+06  1.018196e-01
  3.680000e+06  9.595090e-02  3.690000e+06  9.644700e-02  3.700000e+06  1.040600e-01
  3.710000e+06  1.200849e-01  3.720000e+06  1.450622e-01  3.730000e+06  1.732510e-01
  3.740000e+06  1.874466e-01  3.750000e+06  1.765299e-01  3.760000e+06  1.540447e-01
  3.770000e+06  1.359939e-01  3.780000e+06  1.271474e-01  3.790000e+06  1.267725e-01
  3.800000e+06  1.326006e-01  3.810000e+06  1.410787e-01  3.820000e+06  1.469211e-01
  3.830000e+06  1.455566e-01  3.840000e+06  1.370152e-01  3.850000e+06  1.254180e-01
  3.860000e+06  1.146154e-01  3.870000e+06  1.063752e-01  3.880000e+06  1.009602e-01
  3.890000e+06  9.801750e-02  3.900000e+06  9.709110e-02  3.910000e+06  9.779280e-02
  3.920000e+06  9.982360e-02  3.930000e+06  1.029701e-01  3.940000e+06  1.070629e-01
  3.950000e+06  1.120177e-01  3.960000e+06  1.177994e-01  3.970000e+06  1.244294e-01
  3.980000e+06  1.321068e-01  3.990000e+06  1.412396e-01  4.000000e+06  1.525191e-01
  4.010000e+06  1.668253e-01  4.020000e+06  1.848362e-01  4.030000e+06  2.032437e-01
  4.040000e+06  2.115920e-01  4.050000e+06  2.024498e-01  4.060000e+06  1.838040e-01
  4.070000e+06  1.658189e-01  4.080000e+06  1.516124e-01  4.090000e+06  1.407035e-01
  4.100000e+06  1.321814e-01  4.110000e+06  1.254283e-01  4.120000e+06  1.201718e-01
  4.130000e+06  1.164962e-01  4.140000e+06  1.148609e-01  4.150000e+06  1.163441e-01
  4.160000e+06  1.232273e-01  4.170000e+06  1.397472e-01  4.180000e+06  1.684041e-01
  4.190000e+06  1.864188e-01  4.200000e+06  1.621606e-01  4.210000e+06  1.280245e-01
  4.220000e+06  1.056720e-01  4.230000e+06  9.270880e-02  4.240000e+06  8.511860e-02
  4.250000e+06  8.076460e-02  4.260000e+06  7.869980e-02  4.270000e+06  7.864580e-02
  4.280000e+06  8.078730e-02  4.290000e+06  8.572050e-02  4.300000e+06  9.437700e-02
  4.310000e+06  1.072072e-01  4.320000e+06  1.213539e-01  4.330000e+06  1.276668e-01
  4.340000e+06  1.198395e-01  4.350000e+06  1.048389e-01  4.360000e+06  9.134610e-02
  4.370000e+06  8.188350e-02  4.380000e+06  7.601020e-02  4.390000e+06  7.302640e-02
  4.400000e+06  7.288580e-02  4.410000e+06  7.681040e-02  4.420000e+06  8.534640e-02
  4.430000e+06  8.484590e-02  4.440000e+06  7.568800e-02  4.450000e+06  7.072910e-02
  4.460000e+06  6.895680e-02  4.470000e+06  6.870040e-02  4.480000e+06  6.925100e-02
  4.490000e+06  7.031270e-02  4.500000e+06  7.176310e-02  4.510000e+06  7.344760e-02
  4.520000e+06  7.549250e-02  4.523610e+06  7.638760e-02  4.530000e+06  7.802114e-02
  4.540000e+06  8.120035e-02  4.550000e+06  8.541176e-02  4.560000e+06  9.161997e-02
  4.570000e+06  1.021769e-01  4.580000e+06  1.215211e-01  4.590000e+06  1.412171e-01
  4.600000e+06  1.364828e-01  4.610000e+06  1.358210e-01  4.620000e+06  1.459278e-01
  4.630000e+06  1.435168e-01  4.640000e+06  1.271023e-01  4.650000e+06  1.142944e-01
  4.660000e+06  1.074801e-01  4.670000e+06  1.044798e-01  4.680000e+06  1.040504e-01
  4.690000e+06  1.062398e-01  4.700000e+06  1.127658e-01  4.710000e+06  1.284284e-01
  4.720000e+06  1.558559e-01  4.730000e+06  1.565711e-01  4.740000e+06  1.320535e-01
  4.750000e+06  1.209239e-01  4.760000e+06  1.209252e-01  4.770000e+06  1.242146e-01
  4.780000e+06  1.209372e-01  4.790000e+06  1.107194e-01  4.800000e+06  1.010496e-01
  4.810000e+06  9.473360e-02  4.820000e+06  9.147610e-02  4.830000e+06  9.095430e-02
  4.840000e+06  9.366790e-02  4.850000e+06  1.014705e-01  4.860000e+06  1.176298e-01
  4.870000e+06  1.390231e-01  4.880000e+06  1.386862e-01  4.890000e+06  1.173597e-01
  4.900000e+06  1.016800e-01  4.910000e+06  9.457260e-02  4.920000e+06  9.299860e-02
  4.930000e+06  9.535120e-02  4.940000e+06  1.013006e-01  4.950000e+06  1.113093e-01
  4.960000e+06  1.263114e-01  4.970000e+06  1.472324e-01  4.980000e+06  1.740649e-01
  4.990000e+06  2.045047e-01  5.000000e+06  2.316079e-01  5.010000e+06  2.374552e-01
  5.020000e+06  2.101823e-01  5.030000e+06  1.719731e-01  5.040000e+06  1.422842e-01
  5.050000e+06  1.232296e-01  5.060000e+06  1.121300e-01  5.070000e+06  1.067699e-01
  5.080000e+06  1.059696e-01  5.090000e+06  1.093703e-01  5.100000e+06  1.173000e-01
  5.110000e+06  1.304427e-01  5.120000e+06  1.491673e-01  5.130000e+06  1.719892e-01
  5.140000e+06  1.954723e-01  5.150000e+06  2.193243e-01  5.160000e+06  2.449777e-01
  5.170000e+06  2.560202e-01  5.180000e+06  2.343717e-01  5.190000e+06  2.015366e-01
  5.200000e+06  1.782207e-01  5.210000e+06  1.661152e-01  5.220000e+06  1.618741e-01
  5.230000e+06  1.629033e-01  5.240000e+06  1.680122e-01  5.250000e+06  1.773631e-01
  5.260000e+06  1.918702e-01  5.270000e+06  2.093017e-01  5.280000e+06  2.154231e-01
  5.290000e+06  1.977675e-01  5.300000e+06  1.850022e-01  5.400000e+06  2.078610e-01
  5.413150e+06  2.092649e-01  5.600000e+06  2.292132e-01  5.800000e+06  2.446215e-01
  6.000000e+06  2.556601e-01  6.200000e+06  2.635239e-01  6.219900e+06  2.640936e-01
  6.400000e+06  2.692491e-01  6.600000e+06  2.738253e-01  6.800000e+06  2.779578e-01
  7.000000e+06  2.823097e-01  7.200000e+06  2.873752e-01  7.400000e+06  2.932004e-01
  7.600000e+06  2.945979e-01  7.800000e+06  2.962589e-01  8.000000e+06  2.923815e-01
  8.200000e+06  2.936486e-01  8.400000e+06  2.931265e-01  8.600000e+06  2.932835e-01
  8.800000e+06  2.954546e-01  9.000000e+06  2.968090e-01  9.200000e+06  2.960262e-01
  9.400000e+06  2.931162e-01  9.600000e+06  2.926493e-01  9.800000e+06  2.954831e-01
  1.000000e+07  2.964381e-01  1.020000e+07  2.974025e-01  1.040000e+07  2.966670e-01
  1.060000e+07  2.952453e-01  1.080000e+07  2.935394e-01  1.100000e+07  2.911303e-01
  1.120000e+07  2.894729e-01  1.140000e+07  2.874063e-01  1.160000e+07  2.855374e-01
  1.180000e+07  2.838960e-01  1.200000e+07  2.818765e-01  1.220000e+07  2.806164e-01
  1.240000e+07  2.790413e-01  1.260000e+07  2.776309e-01  1.280000e+07  2.763983e-01
  1.300000e+07  2.749819e-01  1.320000e+07  2.741597e-01  1.340000e+07  2.731911e-01
  1.360000e+07  2.723931e-01  1.380000e+07  2.717841e-01  1.400000e+07  2.710405e-01
  1.420000e+07  2.705789e-01  1.440000e+07  2.700024e-01  1.460000e+07  2.695793e-01
  1.480000e+07  2.692864e-01  1.500000e+07  2.688742e-01
             1
             3
            50             0
        586516             0           400
  1.000000e-05  0.000000e+00  8.000000e+05  0.000000e+00  9.000000e+05  2.000000e-06
  1.429000e+06  3.195200e-05  1.443000e+06  6.150100e-04  1.454000e+06  6.437400e-04
  1.476000e+06  1.284800e-04  1.500000e+06  2.938700e-05  1.524000e+06  2.053700e-05
  1.574000e+06  1.789500e-05  1.613000e+06  1.248700e-05  1.639000e+06  2.225200e-05
  1.671000e+06  2.300100e-05  1.727000e+06  6.335500e-05  1.746000e+06  1.061200e-04
  1.769000e+06  1.391200e-04  1.800000e+06  6.620200e-05  1.830000e+06  2.484400e-05
  1.853000e+06  5.506000e-05  1.884000e+06  4.763700e-05  1.917000e+06  4.081400e-05
  1.944000e+06  1.314300e-04  1.966000e+06  3.141000e-04  1.986000e+06  1.823600e-04
  2.000000e+06  1.530500e-04  2.026000e+06  3.259100e-04  2.046000e+06  1.947200e-04
  2.070000e+06  2.205900e-04  2.080000e+06  2.491000e-04  2.090000e+06  2.775100e-04
  2.100000e+06  3.057600e-04  2.110000e+06  3.339300e-04  2.120000e+06  3.619300e-04
  2.130000e+06  3.898500e-04  2.140000e+06  4.176000e-04  2.150000e+06  5.797700e-04
  2.160000e+06  7.787100e-04  2.170000e+06  9.520800e-04  2.180000e+06  9.981700e-04
  2.190000e+06  8.943700e-04  2.200000e+06  7.250300e-04  2.210000e+06  5.678600e-04
  2.220000e+06  4.438700e-04  2.230000e+06  3.525100e-04  2.240000e+06  2.862000e-04
  2.250000e+06  2.379900e-04  2.260000e+06  2.028600e-04  2.270000e+06  1.779600e-04
  2.280000e+06  1.638600e-04  2.290000e+06  1.799500e-04  2.300000e+06  4.474200e-04
  2.310000e+06  1.619900e-04  2.320000e+06  1.247900e-04  2.330000e+06  1.172600e-04
  2.340000e+06  1.213800e-04  2.350000e+06  1.440500e-04  2.360000e+06  2.303400e-04
  2.370000e+06  7.193200e-04  2.380000e+06  7.235400e-04  2.390000e+06  2.786000e-04
  2.400000e+06  2.744100e-04  2.410000e+06  6.132300e-04  2.420000e+06  5.971400e-04
  2.430000e+06  2.392400e-04  2.440000e+06  1.538500e-04  2.450000e+06  1.309700e-04
  2.460000e+06  1.332300e-04  2.470000e+06  1.627700e-04  2.480000e+06  2.611200e-04
  2.490000e+06  5.588800e-04  2.500000e+06  5.507200e-04  2.510000e+06  2.690200e-04
  2.520000e+06  1.737300e-04  2.530000e+06  1.417100e-04  2.540000e+06  1.315600e-04
  2.550000e+06  1.317700e-04  2.560000e+06  1.388400e-04  2.570000e+06  1.521300e-04
  2.580000e+06  1.724900e-04  2.590000e+06  2.021300e-04  2.600000e+06  2.449600e-04
  2.610000e+06  3.069400e-04  2.620000e+06  3.994900e-04  2.630000e+06  5.398400e-04
  2.640000e+06  7.508200e-04  2.650000e+06  1.042200e-03  2.660000e+06  1.344800e-03
  2.670000e+06  1.464500e-03  2.680000e+06  1.304100e-03  2.690000e+06  1.023000e-03
  2.700000e+06  7.747600e-04  2.710000e+06  5.956100e-04  2.720000e+06  4.733700e-04
  2.730000e+06  3.901600e-04  2.740000e+06  3.329200e-04  2.750000e+06  2.931300e-04
  2.760000e+06  2.654600e-04  2.770000e+06  2.465700e-04  2.780000e+06  2.343800e-04
  2.790000e+06  2.276400e-04  2.800000e+06  2.256900e-04  2.810000e+06  2.274600e-04
  2.820000e+06  2.340700e-04  2.830000e+06  2.463700e-04  2.840000e+06  2.661900e-04
  2.850000e+06  2.971400e-04  2.860000e+06  3.469300e-04  2.870000e+06  4.344100e-04
  2.880000e+06  6.159000e-04  2.890000e+06  1.092700e-03  2.900000e+06  1.878400e-03
  2.910000e+06  1.468000e-03  2.920000e+06  1.574500e-03  2.930000e+06  2.452800e-03
  2.940000e+06  3.319200e-03  2.950000e+06  2.472700e-03  2.960000e+06  1.621100e-03
  2.970000e+06  1.287400e-03  2.980000e+06  1.244800e-03  2.990000e+06  1.399100e-03
  3.000000e+06  1.760600e-03  3.010000e+06  2.392300e-03  3.020000e+06  3.349100e-03
  3.030000e+06  4.313000e-03  3.040000e+06  4.515100e-03  3.050000e+06  4.142400e-03
  3.060000e+06  4.276100e-03  3.070000e+06  5.344800e-03  3.080000e+06  5.073400e-03
  3.090000e+06  3.476200e-03  3.100000e+06  2.679300e-03  3.110000e+06  2.537000e-03
  3.120000e+06  2.781900e-03  3.130000e+06  3.176200e-03  3.140000e+06  3.328500e-03
  3.150000e+06  3.024600e-03  3.160000e+06  2.550900e-03  3.170000e+06  2.255400e-03
  3.180000e+06  2.356000e-03  3.190000e+06  2.899300e-03  3.200000e+06  2.701800e-03
  3.210000e+06  1.803700e-03  3.220000e+06  1.264000e-03  3.230000e+06  9.901200e-04
  3.240000e+06  8.399000e-04  3.250000e+06  7.519900e-04  3.260000e+06  7.003000e-04
  3.270000e+06  6.731400e-04  3.280000e+06  6.653100e-04  3.290000e+06  6.754900e-04
  3.300000e+06  7.055700e-04  3.310000e+06  7.613200e-04  3.320000e+06  8.550800e-04
  3.330000e+06  1.011700e-03  3.340000e+06  1.281800e-03  3.350000e+06  1.757400e-03
  3.360000e+06  2.495300e-03  3.370000e+06  3.040400e-03  3.380000e+06  2.814200e-03
  3.390000e+06  2.521300e-03  3.400000e+06  2.623400e-03  3.410000e+06  3.018800e-03
  3.420000e+06  3.234600e-03  3.430000e+06  2.892200e-03  3.440000e+06  2.364900e-03
  3.450000e+06  2.007000e-03  3.460000e+06  1.870500e-03  3.470000e+06  1.955300e-03
  3.480000e+06  2.331800e-03  3.490000e+06  3.107500e-03  3.500000e+06  3.723600e-03
  3.510000e+06  3.222900e-03  3.520000e+06  2.620800e-03  3.530000e+06  2.400200e-03
  3.540000e+06  2.452100e-03  3.550000e+06  2.698400e-03  3.560000e+06  3.119600e-03
  3.570000e+06  3.713200e-03  3.580000e+06  4.442800e-03  3.590000e+06  5.180100e-03
  3.600000e+06  5.730400e-03  3.610000e+06  6.010200e-03  3.620000e+06  6.146800e-03
  3.630000e+06  6.214800e-03  3.640000e+06  6.061100e-03  3.650000e+06  5.576400e-03
  3.660000e+06  4.956200e-03  3.670000e+06  4.458600e-03  3.680000e+06  4.202900e-03
  3.690000e+06  4.226000e-03  3.700000e+06  4.561000e-03  3.710000e+06  5.264900e-03
  3.720000e+06  6.362200e-03  3.730000e+06  7.601000e-03  3.740000e+06  8.226600e-03
  3.750000e+06  7.749900e-03  3.760000e+06  6.764700e-03  3.770000e+06  5.973900e-03
  3.780000e+06  5.587400e-03  3.790000e+06  5.572500e-03  3.800000e+06  5.830600e-03
  3.810000e+06  6.208700e-03  3.820000e+06  6.471100e-03  3.830000e+06  6.416600e-03
  3.840000e+06  6.045200e-03  3.850000e+06  5.538000e-03  3.860000e+06  5.065400e-03
  3.870000e+06  4.705200e-03  3.880000e+06  4.469200e-03  3.890000e+06  4.342500e-03
  3.900000e+06  4.305100e-03  3.910000e+06  4.339800e-03  3.920000e+06  4.433600e-03
  3.930000e+06  4.577100e-03  3.940000e+06  4.762900e-03  3.950000e+06  4.987700e-03
  3.960000e+06  5.249400e-03  3.970000e+06  5.549400e-03  3.980000e+06  5.896800e-03
  3.990000e+06  6.309600e-03  4.000000e+06  6.819100e-03  4.010000e+06  7.455300e-03
  4.020000e+06  8.256200e-03  4.030000e+06  9.073700e-03  4.040000e+06  9.442000e-03
  4.050000e+06  9.029800e-03  4.060000e+06  8.194000e-03  4.070000e+06  7.388900e-03
  4.080000e+06  6.752400e-03  4.090000e+06  6.263500e-03  4.100000e+06  5.881400e-03
  4.110000e+06  5.578300e-03  4.120000e+06  5.341800e-03  4.130000e+06  5.176200e-03
  4.140000e+06  5.100900e-03  4.150000e+06  5.164100e-03  4.160000e+06  5.467300e-03
  4.170000e+06  6.197200e-03  4.180000e+06  7.464100e-03  4.190000e+06  8.258800e-03
  4.200000e+06  7.180600e-03  4.210000e+06  5.664500e-03  4.220000e+06  4.672000e-03
  4.230000e+06  4.095800e-03  4.240000e+06  3.757600e-03  4.250000e+06  3.562600e-03
  4.260000e+06  3.468800e-03  4.270000e+06  3.463800e-03  4.280000e+06  3.555300e-03
  4.290000e+06  3.769500e-03  4.300000e+06  4.147000e-03  4.310000e+06  4.707200e-03
  4.320000e+06  5.323900e-03  4.330000e+06  5.596800e-03  4.340000e+06  5.249500e-03
  4.350000e+06  4.588900e-03  4.360000e+06  3.995100e-03  4.370000e+06  3.578500e-03
  4.380000e+06  3.319200e-03  4.390000e+06  3.186400e-03  4.400000e+06  3.177800e-03
  4.410000e+06  3.346400e-03  4.420000e+06  3.715400e-03  4.430000e+06  3.690900e-03
  4.440000e+06  3.290000e-03  4.450000e+06  3.072100e-03  4.460000e+06  2.992800e-03
  4.470000e+06  2.979400e-03  4.480000e+06  3.001000e-03  4.490000e+06  3.044700e-03
  4.500000e+06  3.105100e-03  4.510000e+06  3.175600e-03  4.520000e+06  3.261500e-03
  4.530000e+06  3.366000e-03  4.540000e+06  3.497300e-03  4.550000e+06  3.672800e-03
  4.560000e+06  3.934100e-03  4.570000e+06  4.382100e-03  4.580000e+06  5.207400e-03
  4.590000e+06  6.046500e-03  4.600000e+06  5.835300e-03  4.610000e+06  5.796600e-03
  4.620000e+06  6.190100e-03  4.630000e+06  6.050600e-03  4.640000e+06  5.325300e-03
  4.650000e+06  4.758900e-03  4.660000e+06  4.447400e-03  4.670000e+06  4.296100e-03
  4.680000e+06  4.251400e-03  4.690000e+06  4.313300e-03  4.700000e+06  4.549100e-03
  4.710000e+06  5.147400e-03  4.720000e+06  6.206300e-03  4.730000e+06  6.193900e-03
  4.740000e+06  5.189600e-03  4.750000e+06  4.720700e-03  4.760000e+06  4.689700e-03
  4.770000e+06  4.784600e-03  4.780000e+06  4.627200e-03  4.790000e+06  4.207400e-03
  4.800000e+06  3.813700e-03  4.810000e+06  3.558300e-03  4.820000e+06  3.419500e-03
  4.830000e+06  3.383700e-03  4.840000e+06  3.467900e-03  4.850000e+06  3.738500e-03
  4.860000e+06  4.312800e-03  4.870000e+06  5.072100e-03  4.880000e+06  5.035200e-03
  4.890000e+06  4.239700e-03  4.900000e+06  3.655000e-03  4.910000e+06  3.382600e-03
  4.920000e+06  3.309600e-03  4.930000e+06  3.376200e-03  4.940000e+06  3.568600e-03
  4.950000e+06  3.901300e-03  4.960000e+06  4.404400e-03  4.970000e+06  5.107400e-03
  4.980000e+06  6.006900e-03  4.990000e+06  7.020700e-03  5.000000e+06  7.909900e-03
  5.010000e+06  8.074200e-03  5.020000e+06  7.115300e-03  5.030000e+06  5.796100e-03
  5.040000e+06  4.774200e-03  5.050000e+06  4.116600e-03  5.060000e+06  3.729000e-03
  5.070000e+06  3.534900e-03  5.080000e+06  3.492600e-03  5.090000e+06  3.588300e-03
  5.100000e+06  3.831000e-03  5.110000e+06  4.240700e-03  5.120000e+06  4.827300e-03
  5.130000e+06  5.540200e-03  5.140000e+06  6.267300e-03  5.150000e+06  6.999300e-03
  5.160000e+06  7.781700e-03  5.170000e+06  8.094200e-03  5.180000e+06  7.374700e-03
  5.190000e+06  6.311600e-03  5.200000e+06  5.554700e-03  5.210000e+06  5.155200e-03
  5.220000e+06  5.002100e-03  5.230000e+06  5.012300e-03  5.240000e+06  5.147200e-03
  5.250000e+06  5.410100e-03  5.260000e+06  5.827200e-03  5.270000e+06  6.328700e-03
  5.280000e+06  6.485100e-03  5.290000e+06  5.927500e-03  5.300000e+06  5.520200e-03
  5.400000e+06  5.926000e-03  5.600000e+06  6.000200e-03  5.800000e+06  5.410500e-03
  6.000000e+06  5.085100e-03  6.200000e+06  4.745900e-03  6.400000e+06  4.424100e-03
  6.600000e+06  3.655300e-03  6.800000e+06  2.047800e-03  7.000000e+06  1.093700e-03
  7.200000e+06  4.730400e-04  7.400000e+06  3.237200e-04  7.600000e+06  2.057700e-04
  7.800000e+06  1.699400e-04  8.000000e+06  1.461900e-04  8.200000e+06  1.002800e-04
  8.400000e+06  8.101900e-05  8.600000e+06  6.979900e-05  8.800000e+06  4.502800e-05
  9.000000e+06  4.036600e-05  9.200000e+06  3.537600e-05  9.400000e+06  2.650600e-05
  9.600000e+06  2.327400e-05  9.800000e+06  2.038400e-05  1.000000e+07  1.932700e-05
  1.020000e+07  1.744600e-05  1.040000e+07  1.179600e-05  1.060000e+07  1.024800e-05
  1.080000e+07  8.005300e-06  1.100000e+07  7.537700e-06  1.120000e+07  6.385500e-06
  1.140000e+07  5.768200e-06  1.160000e+07  5.688100e-06  1.180000e+07  5.152600e-06
  1.200000e+07  4.431300e-06  1.220000e+07  4.066200e-06  1.240000e+07  3.270300e-06
  1.260000e+07  2.943000e-06  1.280000e+07  2.671900e-06  1.300000e+07  2.542000e-06
  1.320000e+07  2.339800e-06  1.340000e+07  2.164000e-06  1.360000e+07  1.855400e-06
  1.380000e+07  1.552900e-06  1.400000e+07  1.376400e-06  1.420000e+07  1.124500e-06
  1.440000e+07  1.035500e-06  1.460000e+07  9.645300e-07  1.480000e+07  8.967400e-07
  1.500000e+07  8.335100e-07
             1
             3
            51             0
      -1047480             0           398
  1.294120e+06  0.000000e+00  1.429000e+06  5.048500e-06  1.443000e+06  1.559900e-04
  1.454000e+06  2.192600e-04  1.476000e+06  7.151700e-05  1.500000e+06  2.611300e-05
  1.524000e+06  2.876300e-05  1.574000e+06  8.080500e-05  1.613000e+06  2.035100e-04
  1.639000e+06  3.787500e-04  1.671000e+06  4.140000e-04  1.727000e+06  1.266600e-03
  1.746000e+06  2.203900e-03  1.769000e+06  3.030900e-03  1.800000e+06  1.543800e-03
  1.830000e+06  5.921600e-04  1.853000e+06  1.334900e-03  1.884000e+06  1.182400e-03
  1.917000e+06  1.039200e-03  1.944000e+06  3.418600e-03  1.966000e+06  8.315900e-03
  1.986000e+06  4.907600e-03  2.000000e+06  4.166900e-03  2.026000e+06  8.924100e-03
  2.046000e+06  5.355300e-03  2.070000e+06  6.099400e-03  2.080000e+06  6.902900e-03
  2.090000e+06  7.707500e-03  2.100000e+06  8.511200e-03  2.110000e+06  9.316100e-03
  2.120000e+06  1.012000e-02  2.130000e+06  1.092500e-02  2.140000e+06  1.172900e-02
  2.150000e+06  1.632100e-02  2.160000e+06  2.197100e-02  2.170000e+06  2.692400e-02
  2.180000e+06  2.829200e-02  2.190000e+06  2.540800e-02  2.200000e+06  2.064400e-02
  2.210000e+06  1.616400e-02  2.220000e+06  1.263100e-02  2.230000e+06  1.002800e-02
  2.240000e+06  8.139700e-03  2.250000e+06  6.766500e-03  2.260000e+06  5.766000e-03
  2.270000e+06  5.056800e-03  2.280000e+06  4.654700e-03  2.290000e+06  5.110500e-03
  2.300000e+06  1.270300e-02  2.310000e+06  4.597800e-03  2.320000e+06  3.540700e-03
  2.330000e+06  3.326100e-03  2.340000e+06  3.442100e-03  2.350000e+06  4.083700e-03
  2.360000e+06  6.528200e-03  2.370000e+06  2.038100e-02  2.380000e+06  2.049400e-02
  2.390000e+06  7.889200e-03  2.400000e+06  7.768400e-03  2.410000e+06  1.732700e-02
  2.420000e+06  1.684000e-02  2.430000e+06  6.734100e-03  2.440000e+06  4.322300e-03
  2.450000e+06  3.672500e-03  2.460000e+06  3.728900e-03  2.470000e+06  4.546900e-03
  2.480000e+06  7.280400e-03  2.490000e+06  1.555300e-02  2.500000e+06  1.529700e-02
  2.510000e+06  7.458700e-03  2.520000e+06  4.807500e-03  2.530000e+06  3.914200e-03
  2.540000e+06  3.627100e-03  2.550000e+06  3.625900e-03  2.560000e+06  3.813600e-03
  2.570000e+06  4.170900e-03  2.580000e+06  4.720300e-03  2.590000e+06  5.521100e-03
  2.600000e+06  6.678600e-03  2.610000e+06  8.340500e-03  2.620000e+06  1.082000e-02
  2.630000e+06  1.457200e-02  2.640000e+06  2.020000e-02  2.650000e+06  2.794700e-02
  2.660000e+06  3.594200e-02  2.670000e+06  3.901400e-02  2.680000e+06  3.462800e-02
  2.690000e+06  2.707700e-02  2.700000e+06  2.043900e-02  2.710000e+06  1.566200e-02
  2.720000e+06  1.240800e-02  2.730000e+06  1.019400e-02  2.740000e+06  8.670500e-03
  2.750000e+06  7.609900e-03  2.760000e+06  6.869500e-03  2.770000e+06  6.360300e-03
  2.780000e+06  6.026800e-03  2.790000e+06  5.835000e-03  2.800000e+06  5.766800e-03
  2.810000e+06  5.796100e-03  2.820000e+06  5.948200e-03  2.830000e+06  6.243900e-03
  2.840000e+06  6.727700e-03  2.850000e+06  7.489700e-03  2.860000e+06  8.721200e-03
  2.870000e+06  1.089100e-02  2.880000e+06  1.539900e-02  2.890000e+06  2.724800e-02
  2.900000e+06  4.671300e-02  2.910000e+06  3.640900e-02  2.920000e+06  3.894700e-02
  2.930000e+06  6.051200e-02  2.940000e+06  8.166800e-02  2.950000e+06  6.067900e-02
  2.960000e+06  3.967700e-02  2.970000e+06  3.142600e-02  2.980000e+06  3.030600e-02
  2.990000e+06  3.397500e-02  3.000000e+06  4.264100e-02  3.010000e+06  5.786500e-02
  3.020000e+06  8.090500e-02  3.030000e+06  1.040600e-01  3.040000e+06  1.087900e-01
  3.050000e+06  9.968800e-02  3.060000e+06  1.027700e-01  3.070000e+06  1.283000e-01
  3.080000e+06  1.216300e-01  3.090000e+06  8.323000e-02  3.100000e+06  6.406800e-02
  3.110000e+06  6.059000e-02  3.120000e+06  6.635400e-02  3.130000e+06  7.566400e-02
  3.140000e+06  7.919200e-02  3.150000e+06  7.186900e-02  3.160000e+06  6.053900e-02
  3.170000e+06  5.345800e-02  3.180000e+06  5.577100e-02  3.190000e+06  6.854800e-02
  3.200000e+06  6.379800e-02  3.210000e+06  4.248300e-02  3.220000e+06  2.969700e-02
  3.230000e+06  2.320300e-02  3.240000e+06  1.963300e-02  3.250000e+06  1.753400e-02
  3.260000e+06  1.628800e-02  3.270000e+06  1.561700e-02  3.280000e+06  1.539700e-02
  3.290000e+06  1.559400e-02  3.300000e+06  1.624700e-02  3.310000e+06  1.748800e-02
  3.320000e+06  1.959300e-02  3.330000e+06  2.312500e-02  3.340000e+06  2.922500e-02
  3.350000e+06  3.997200e-02  3.360000e+06  5.661600e-02  3.370000e+06  6.881600e-02
  3.380000e+06  6.354100e-02  3.390000e+06  5.679000e-02  3.400000e+06  5.894500e-02
  3.410000e+06  6.774000e-02  3.420000e+06  7.248500e-02  3.430000e+06  6.472800e-02
  3.440000e+06  5.285700e-02  3.450000e+06  4.479900e-02  3.460000e+06  4.169700e-02
  3.470000e+06  4.353100e-02  3.480000e+06  5.184400e-02  3.490000e+06  6.899900e-02
  3.500000e+06  8.257100e-02  3.510000e+06  7.137500e-02  3.520000e+06  5.796400e-02
  3.530000e+06  5.301600e-02  3.540000e+06  5.409100e-02  3.550000e+06  5.944800e-02
  3.560000e+06  6.863800e-02  3.570000e+06  8.159200e-02  3.580000e+06  9.749700e-02
  3.590000e+06  1.135300e-01  3.600000e+06  1.254300e-01  3.610000e+06  1.315100e-01
  3.620000e+06  1.344500e-01  3.630000e+06  1.359000e-01  3.640000e+06  1.324900e-01
  3.650000e+06  1.218500e-01  3.660000e+06  1.082600e-01  3.670000e+06  9.736100e-02
  3.680000e+06  9.174800e-02  3.690000e+06  9.222100e-02  3.700000e+06  9.949900e-02
  3.710000e+06  1.148200e-01  3.720000e+06  1.387000e-01  3.730000e+06  1.656500e-01
  3.740000e+06  1.792200e-01  3.750000e+06  1.687800e-01  3.760000e+06  1.472800e-01
  3.770000e+06  1.300200e-01  3.780000e+06  1.215600e-01  3.790000e+06  1.212000e-01
  3.800000e+06  1.267700e-01  3.810000e+06  1.348700e-01  3.820000e+06  1.404500e-01
  3.830000e+06  1.391400e-01  3.840000e+06  1.309700e-01  3.850000e+06  1.198800e-01
  3.860000e+06  1.095500e-01  3.870000e+06  1.016700e-01  3.880000e+06  9.649100e-02
  3.890000e+06  9.367500e-02  3.900000e+06  9.278600e-02  3.910000e+06  9.345300e-02
  3.920000e+06  9.539000e-02  3.930000e+06  9.839300e-02  3.940000e+06  1.023000e-01
  3.950000e+06  1.070300e-01  3.960000e+06  1.125500e-01  3.970000e+06  1.188800e-01
  3.980000e+06  1.262100e-01  3.990000e+06  1.349300e-01  4.000000e+06  1.457000e-01
  4.010000e+06  1.593700e-01  4.020000e+06  1.765800e-01  4.030000e+06  1.941700e-01
  4.040000e+06  2.021500e-01  4.050000e+06  1.934200e-01  4.060000e+06  1.756100e-01
  4.070000e+06  1.584300e-01  4.080000e+06  1.448600e-01  4.090000e+06  1.344400e-01
  4.100000e+06  1.263000e-01  4.110000e+06  1.198500e-01  4.120000e+06  1.148300e-01
  4.130000e+06  1.113200e-01  4.140000e+06  1.097600e-01  4.150000e+06  1.111800e-01
  4.160000e+06  1.177600e-01  4.170000e+06  1.335500e-01  4.180000e+06  1.609400e-01
  4.190000e+06  1.781600e-01  4.200000e+06  1.549800e-01  4.210000e+06  1.223600e-01
  4.220000e+06  1.010000e-01  4.230000e+06  8.861300e-02  4.240000e+06  8.136100e-02
  4.250000e+06  7.720200e-02  4.260000e+06  7.523100e-02  4.270000e+06  7.518200e-02
  4.280000e+06  7.723200e-02  4.290000e+06  8.195100e-02  4.300000e+06  9.023000e-02
  4.310000e+06  1.025000e-01  4.320000e+06  1.160300e-01  4.330000e+06  1.220700e-01
  4.340000e+06  1.145900e-01  4.350000e+06  1.002500e-01  4.360000e+06  8.735100e-02
  4.370000e+06  7.830500e-02  4.380000e+06  7.269100e-02  4.390000e+06  6.984000e-02
  4.400000e+06  6.970800e-02  4.410000e+06  7.346400e-02  4.420000e+06  8.163100e-02
  4.430000e+06  8.115500e-02  4.440000e+06  7.239800e-02  4.450000e+06  6.765700e-02
  4.460000e+06  6.596400e-02  4.470000e+06  6.572100e-02  4.480000e+06  6.625000e-02
  4.490000e+06  6.726800e-02  4.500000e+06  6.865800e-02  4.510000e+06  7.027200e-02
  4.520000e+06  7.223100e-02  4.530000e+06  7.460600e-02  4.540000e+06  7.757700e-02
  4.550000e+06  8.153600e-02  4.560000e+06  8.740600e-02  4.570000e+06  9.743800e-02
  4.580000e+06  1.158800e-01  4.590000e+06  1.346600e-01  4.600000e+06  1.300600e-01
  4.610000e+06  1.293600e-01  4.620000e+06  1.383100e-01  4.630000e+06  1.353600e-01
  4.640000e+06  1.192900e-01  4.650000e+06  1.067400e-01  4.660000e+06  9.987800e-02
  4.670000e+06  9.660600e-02  4.680000e+06  9.572700e-02  4.690000e+06  9.724900e-02
  4.700000e+06  1.027000e-01  4.710000e+06  1.163700e-01  4.720000e+06  1.405000e-01
  4.730000e+06  1.404200e-01  4.740000e+06  1.178200e-01  4.750000e+06  1.073300e-01
  4.760000e+06  1.067700e-01  4.770000e+06  1.091000e-01  4.780000e+06  1.056600e-01
  4.790000e+06  9.622100e-02  4.800000e+06  8.734900e-02  4.810000e+06  8.162700e-02
  4.820000e+06  7.856700e-02  4.830000e+06  7.786700e-02  4.840000e+06  7.993100e-02
  4.850000e+06  8.630800e-02  4.860000e+06  9.972700e-02  4.870000e+06  1.174800e-01
  4.880000e+06  1.168100e-01  4.890000e+06  9.852300e-02  4.900000e+06  8.507900e-02
  4.910000e+06  7.887000e-02  4.920000e+06  7.730000e-02  4.930000e+06  7.899100e-02
  4.940000e+06  8.363900e-02  4.950000e+06  9.159500e-02  4.960000e+06  1.035900e-01
  4.970000e+06  1.203400e-01  4.980000e+06  1.417900e-01  4.990000e+06  1.660200e-01
  5.000000e+06  1.873800e-01  5.010000e+06  1.915700e-01  5.020000e+06  1.690900e-01
  5.030000e+06  1.379600e-01  5.040000e+06  1.138200e-01  5.050000e+06  9.829600e-02
  5.060000e+06  8.918700e-02  5.070000e+06  8.468100e-02  5.080000e+06  8.380500e-02
  5.090000e+06  8.624600e-02  5.100000e+06  9.223200e-02  5.110000e+06  1.022700e-01
  5.120000e+06  1.166100e-01  5.130000e+06  1.340600e-01  5.140000e+06  1.519200e-01
  5.150000e+06  1.699600e-01  5.160000e+06  1.892800e-01  5.170000e+06  1.972300e-01
  5.180000e+06  1.800200e-01  5.190000e+06  1.543400e-01  5.200000e+06  1.360800e-01
  5.210000e+06  1.265200e-01  5.220000e+06  1.229800e-01  5.230000e+06  1.234500e-01
  5.240000e+06  1.270000e-01  5.250000e+06  1.337300e-01  5.260000e+06  1.443000e-01
  5.270000e+06  1.570100e-01  5.280000e+06  1.611900e-01  5.290000e+06  1.476000e-01
  5.300000e+06  1.377200e-01  5.400000e+06  1.507600e-01  5.600000e+06  1.593600e-01
  5.800000e+06  1.495000e-01  6.000000e+06  1.467000e-01  6.200000e+06  1.431200e-01
  6.400000e+06  1.391300e-01  6.600000e+06  1.198500e-01  6.800000e+06  7.013200e-02
  7.000000e+06  3.901500e-02  7.200000e+06  1.753600e-02  7.400000e+06  1.249400e-02
  7.600000e+06  8.242700e-03  7.800000e+06  7.051200e-03  8.000000e+06  6.292100e-03
  8.200000e+06  4.457600e-03  8.400000e+06  3.713900e-03  8.600000e+06  3.302300e-03
  8.800000e+06  2.191400e-03  9.000000e+06  2.016500e-03  9.200000e+06  1.814100e-03
  9.400000e+06  1.392800e-03  9.600000e+06  1.249300e-03  9.800000e+06  1.118100e-03
  1.000000e+07  1.082600e-03  1.020000e+07  9.945400e-04  1.040000e+07  6.844300e-04
  1.060000e+07  6.052700e-04  1.080000e+07  4.796700e-04  1.100000e+07  4.585500e-04
  1.120000e+07  3.942500e-04  1.140000e+07  3.606900e-04  1.160000e+07  3.603600e-04
  1.180000e+07  3.307300e-04  1.200000e+07  2.878100e-04  1.220000e+07  2.669300e-04
  1.240000e+07  2.172300e-04  1.260000e+07  1.976300e-04  1.280000e+07  1.812900e-04
  1.300000e+07  1.743400e-04  1.320000e+07  1.620800e-04  1.340000e+07  1.514100e-04
  1.360000e+07  1.311800e-04  1.380000e+07  1.108300e-04  1.400000e+07  9.920200e-05
  1.420000e+07  8.184900e-05  1.440000e+07  7.609100e-05  1.460000e+07  7.154400e-05
  1.480000e+07  6.716100e-05  1.500000e+07  6.302400e-05
             1
             3
            52             0
      -3661480             0           120
  4.523610e+06  0.000000e+00  4.610000e+06  6.644100e-04  4.620000e+06  1.427700e-03
  4.630000e+06  2.106200e-03  4.640000e+06  2.487000e-03  4.650000e+06  2.795500e-03
  4.660000e+06  3.154700e-03  4.670000e+06  3.577700e-03  4.680000e+06  4.072000e-03
  4.690000e+06  4.677500e-03  4.700000e+06  5.516700e-03  4.710000e+06  6.911000e-03
  4.720000e+06  9.149600e-03  4.730000e+06  9.957200e-03  4.740000e+06  9.043900e-03
  4.750000e+06  8.873200e-03  4.760000e+06  9.465500e-03  4.770000e+06  1.033000e-02
  4.780000e+06  1.065000e-02  4.790000e+06  1.029100e-02  4.800000e+06  9.886900e-03
  4.810000e+06  9.548300e-03  4.820000e+06  9.489600e-03  4.830000e+06  9.703600e-03
  4.840000e+06  1.026900e-02  4.850000e+06  1.142400e-02  4.860000e+06  1.359000e-02
  4.870000e+06  1.647100e-02  4.880000e+06  1.684100e-02  4.890000e+06  1.459700e-02
  4.900000e+06  1.294600e-02  4.910000e+06  1.232000e-02  4.920000e+06  1.238900e-02
  4.930000e+06  1.298400e-02  4.940000e+06  1.409300e-02  4.950000e+06  1.581300e-02
  4.960000e+06  1.831700e-02  4.970000e+06  2.178500e-02  4.980000e+06  2.626800e-02
  4.990000e+06  3.146400e-02  5.000000e+06  3.631800e-02  5.010000e+06  3.781100e-02
  5.020000e+06  3.397700e-02  5.030000e+06  2.821700e-02  5.040000e+06  2.369000e-02
  5.050000e+06  2.081700e-02  5.060000e+06  1.921400e-02  5.070000e+06  1.855400e-02
  5.080000e+06  1.867200e-02  5.090000e+06  1.953600e-02  5.100000e+06  2.123700e-02
  5.110000e+06  2.393200e-02  5.120000e+06  2.773000e-02  5.130000e+06  3.238900e-02
  5.140000e+06  3.728500e-02  5.150000e+06  4.236500e-02  5.160000e+06  4.791600e-02
  5.170000e+06  5.069600e-02  5.180000e+06  4.697700e-02  5.190000e+06  4.088500e-02
  5.200000e+06  3.658600e-02  5.210000e+06  3.444000e-02  5.220000e+06  3.389200e-02
  5.230000e+06  3.444100e-02  5.240000e+06  3.586500e-02  5.250000e+06  3.822300e-02
  5.260000e+06  4.174300e-02  5.270000e+06  4.596300e-02  5.280000e+06  4.774800e-02
  5.290000e+06  4.424000e-02  5.300000e+06  4.176200e-02  5.400000e+06  5.117500e-02
  5.600000e+06  6.385300e-02  5.800000e+06  6.765600e-02  6.000000e+06  7.148300e-02
  6.200000e+06  7.491800e-02  6.400000e+06  7.854600e-02  6.600000e+06  7.009400e-02
  6.800000e+06  4.250100e-02  7.000000e+06  2.467400e-02  7.200000e+06  1.131700e-02
  7.400000e+06  8.248300e-03  7.600000e+06  5.597200e-03  7.800000e+06  4.870700e-03
  8.000000e+06  4.429600e-03  8.200000e+06  3.209600e-03  8.400000e+06  2.724300e-03
  8.600000e+06  2.465800e-03  8.800000e+06  1.673500e-03  9.000000e+06  1.572800e-03
  9.200000e+06  1.442300e-03  9.400000e+06  1.133700e-03  9.600000e+06  1.040300e-03
  9.800000e+06  9.508200e-04  1.000000e+07  9.432500e-04  1.020000e+07  8.868700e-04
  1.040000e+07  6.236100e-04  1.060000e+07  5.642300e-04  1.080000e+07  4.576500e-04
  1.100000e+07  4.466200e-04  1.120000e+07  3.919300e-04  1.140000e+07  3.664400e-04
  1.160000e+07  3.726400e-04  1.180000e+07  3.480500e-04  1.200000e+07  3.083800e-04
  1.220000e+07  2.904400e-04  1.240000e+07  2.397500e-04  1.260000e+07  2.213900e-04
  1.280000e+07  2.053600e-04  1.300000e+07  1.997500e-04  1.320000e+07  1.878500e-04
  1.340000e+07  1.769200e-04  1.360000e+07  1.545200e-04  1.380000e+07  1.317000e-04
  1.400000e+07  1.185500e-04  1.420000e+07  9.835500e-05  1.440000e+07  9.202200e-05
  1.460000e+07  8.688300e-05  1.480000e+07  8.186400e-05  1.500000e+07  7.714000e-05
             1
             3
            53             0
      -4381480             0            49
  5.413150e+06  0.000000e+00  5.600000e+06  2.986400e-09  5.800000e+06  2.205500e-02
  6.000000e+06  3.239200e-02  6.200000e+06  4.074000e-02  6.400000e+06  4.714900e-02
  6.600000e+06  4.537000e-02  6.800000e+06  2.829700e-02  7.000000e+06  1.666700e-02
  7.200000e+06  7.969200e-03  7.400000e+06  5.864400e-03  7.600000e+06  3.962200e-03
  7.800000e+06  3.487100e-03  8.000000e+06  3.163600e-03  8.200000e+06  2.271100e-03
  8.400000e+06  1.927300e-03  8.600000e+06  1.735600e-03  8.800000e+06  1.164700e-03
  9.000000e+06  1.089300e-03  9.200000e+06  9.943800e-04  9.400000e+06  7.732100e-04
  9.600000e+06  7.064300e-04  9.800000e+06  6.438300e-04  1.000000e+07  6.328800e-04
  1.020000e+07  5.936300e-04  1.040000e+07  4.171300e-04  1.060000e+07  3.755600e-04
  1.080000e+07  3.041200e-04  1.100000e+07  2.975500e-04  1.120000e+07  2.603700e-04
  1.140000e+07  2.434300e-04  1.160000e+07  2.486800e-04  1.180000e+07  2.321100e-04
  1.200000e+07  2.059200e-04  1.220000e+07  1.950000e-04  1.240000e+07  1.610300e-04
  1.260000e+07  1.489300e-04  1.280000e+07  1.389700e-04  1.300000e+07  1.353000e-04
  1.320000e+07  1.274200e-04  1.340000e+07  1.206200e-04  1.360000e+07  1.055200e-04
  1.380000e+07  9.001100e-05  1.400000e+07  8.134000e-05  1.420000e+07  6.759000e-05
  1.440000e+07  6.326500e-05  1.460000e+07  5.989900e-05  1.480000e+07  5.649700e-05
  1.500000e+07  5.323700e-05
             1
             3
            91             0
      -5034480             0            45
  6.219900e+06  0.000000e+00  6.400000e+06  0.000000e+00  6.600000e+06  3.485600e-02
  6.800000e+06  1.349800e-01  7.000000e+06  2.008600e-01  7.200000e+06  2.500800e-01
  7.400000e+06  2.662700e-01  7.600000e+06  2.765900e-01  7.800000e+06  2.806800e-01
  8.000000e+06  2.783500e-01  8.200000e+06  2.836100e-01  8.400000e+06  2.846800e-01
  8.600000e+06  2.857100e-01  8.800000e+06  2.903800e-01  9.000000e+06  2.920900e-01
  9.200000e+06  2.917400e-01  9.400000e+06  2.897900e-01  9.600000e+06  2.896300e-01
  9.800000e+06  2.927500e-01  1.000000e+07  2.937600e-01  1.020000e+07  2.949100e-01
  1.040000e+07  2.949300e-01  1.060000e+07  2.936900e-01  1.080000e+07  2.922900e-01
  1.100000e+07  2.899200e-01  1.120000e+07  2.884200e-01  1.140000e+07  2.864300e-01
  1.160000e+07  2.845500e-01  1.180000e+07  2.829800e-01  1.200000e+07  2.810700e-01
  1.220000e+07  2.798600e-01  1.240000e+07  2.784200e-01  1.260000e+07  2.770600e-01
  1.280000e+07  2.758700e-01  1.300000e+07  2.744700e-01  1.320000e+07  2.736800e-01
  1.340000e+07  2.727400e-01  1.360000e+07  2.720000e-01  1.380000e+07  2.714500e-01
  1.400000e+07  2.707400e-01  1.420000e+07  2.703300e-01  1.440000e+07  2.697700e-01
  1.460000e+07  2.693600e-01  1.480000e+07  2.690800e-01  1.500000e+07  2.686800e-01
