             1
             3
             4             0
       -696756             0           351
  8.516980e+05  0.000000e+00  1.280750e+06  1.880460e-04  2.210000e+06  9.058900e-04
  2.220000e+06  9.793000e-04  2.230000e+06  1.059600e-03  2.240000e+06  1.147600e-03
  2.250000e+06  1.244400e-03  2.260000e+06  1.350900e-03  2.270000e+06  1.468800e-03
  2.280000e+06  1.599580e-03  2.290000e+06  1.745310e-03  2.300000e+06  1.908400e-03
  2.310000e+06  2.092020e-03  2.320000e+06  2.299920e-03  2.330000e+06  2.536910e-03
  2.340000e+06  2.809900e-03  2.350000e+06  3.127300e-03  2.360000e+06  3.501100e-03
  2.370000e+06  3.948200e-03  2.380000e+06  4.493500e-03  2.390000e+06  5.175500e-03
  2.400000e+06  6.057600e-03  2.410000e+06  7.251300e-03  2.420000e+06  8.973700e-03
  2.430000e+06  1.170900e-02  2.440000e+06  1.676170e-02  2.450000e+06  2.885600e-02
  2.460000e+06  7.492500e-02  2.470000e+06  1.700990e-01  2.480000e+06  3.124300e-02
  2.490000e+06  1.494700e-02  2.500000e+06  1.408300e-02  2.510000e+06  1.773400e-02
  2.520000e+06  2.578050e-02  2.530000e+06  4.269400e-02  2.540000e+06  8.463100e-02
  2.550000e+06  2.524490e-01  2.560000e+06  2.258830e-01  2.570000e+06  7.975500e-02
  2.580000e+06  3.076500e-02  2.590000e+06  1.496200e-02  2.600000e+06  8.845500e-03
  2.610000e+06  6.311200e-03  2.620000e+06  5.423900e-03  2.630000e+06  5.482200e-03
  2.640000e+06  6.250100e-03  2.650000e+06  7.739600e-03  2.660000e+06  1.019900e-02
  2.670000e+06  1.428300e-02  2.680000e+06  2.171480e-02  2.690000e+06  3.807900e-02
  2.700000e+06  9.088600e-02  2.710000e+06  2.673000e-01  2.720000e+06  1.656620e-01
  2.730000e+06  9.524700e-02  2.740000e+06  4.520300e-02  2.750000e+06  2.288420e-02
  2.760000e+06  1.412600e-02  2.770000e+06  1.076000e-02  2.780000e+06  9.863000e-03
  2.790000e+06  1.038800e-02  2.800000e+06  1.199100e-02  2.810000e+06  1.466400e-02
  2.820000e+06  1.863910e-02  2.830000e+06  2.441690e-02  2.840000e+06  3.286800e-02
  2.850000e+06  4.540100e-02  2.860000e+06  6.397100e-02  2.870000e+06  9.001300e-02
  2.880000e+06  1.202100e-01  2.890000e+06  1.430100e-01  2.900000e+06  1.563600e-01
  2.910000e+06  1.875810e-01  2.920000e+06  1.907760e-01  2.930000e+06  1.056000e-01
  2.940000e+06  5.859400e-02  2.950000e+06  3.803600e-02  2.960000e+06  2.763000e-02
  2.970000e+06  2.174220e-02  2.980000e+06  1.821710e-02  2.985970e+06  1.695140e-02
  2.990000e+06  1.609701e-02  3.000000e+06  1.490304e-02  3.010000e+06  1.437307e-02
  3.020000e+06  1.436510e-02  3.030000e+06  1.480313e-02  3.040000e+06  1.565516e-02
  3.050000e+06  1.692519e-02  3.060000e+06  1.864952e-02  3.070000e+06  2.089285e-02
  3.080000e+06  2.376528e-02  3.090000e+06  2.742931e-02  3.100000e+06  3.211634e-02
  3.110000e+06  3.817037e-02  3.120000e+06  4.607339e-02  3.130000e+06  5.649542e-02
  3.140000e+06  7.028845e-02  3.150000e+06  8.830248e-02  3.160000e+06  1.106395e-01
  3.170000e+06  1.349205e-01  3.180000e+06  1.544096e-01  3.190000e+06  1.604496e-01
  3.200000e+06  1.509796e-01  3.210000e+06  1.331000e-01  3.220000e+06  1.151495e-01
  3.230000e+06  1.012996e-01  3.240000e+06  9.240783e-02  3.250000e+06  8.808120e-02
  3.260000e+06  8.775020e-02  3.270000e+06  9.105550e-02  3.280000e+06  9.789740e-02
  3.290000e+06  1.083600e-01  3.300000e+06  1.224403e-01  3.310000e+06  1.395107e-01
  3.320000e+06  1.571006e-01  3.330000e+06  1.696407e-01  3.340000e+06  1.693696e-01
  3.350000e+06  1.525397e-01  3.360000e+06  1.248297e-01  3.370000e+06  9.631750e-02
  3.380000e+06  7.338510e-02  3.390000e+06  5.747220e-02  3.400000e+06  4.773570e-02
  3.410000e+06  4.330710e-02  3.420000e+06  4.634730e-02  3.430000e+06  6.482590e-02
  3.440000e+06  5.516420e-02  3.450000e+06  5.462490e-02  3.460000e+06  6.063020e-02
  3.470000e+06  7.087210e-02  3.480000e+06  8.571620e-02  3.490000e+06  1.063400e-01
  3.500000e+06  1.332601e-01  3.510000e+06  1.619990e-01  3.520000e+06  1.810910e-01
  3.530000e+06  1.939100e-01  3.540000e+06  2.275010e-01  3.550000e+06  2.699750e-01
  3.560000e+06  2.570770e-01  3.570000e+06  2.251140e-01  3.580000e+06  2.270160e-01
  3.590000e+06  2.798690e-01  3.600000e+06  3.470590e-01  3.610000e+06  3.089970e-01
  3.620000e+06  2.516720e-01  3.630000e+06  2.232020e-01  3.640000e+06  2.109820e-01
  3.650000e+06  2.055600e-01  3.660000e+06  2.025030e-01  3.670000e+06  1.997100e-01
  3.680000e+06  1.962590e-01  3.690000e+06  1.919200e-01  3.700000e+06  1.868500e-01
  3.710000e+06  1.815910e-01  3.720000e+06  1.768500e-01  3.730000e+06  1.735400e-01
  3.740000e+06  1.727300e-01  3.750000e+06  1.756100e-01  3.760000e+06  1.836400e-01
  3.770000e+06  1.985600e-01  3.780000e+06  2.222640e-01  3.790000e+06  2.564510e-01
  3.800000e+06  3.012320e-01  3.810000e+06  3.524420e-01  3.820000e+06  3.989280e-01
  3.830000e+06  4.245580e-01  3.840000e+06  4.194510e-01  3.850000e+06  3.897570e-01
  3.860000e+06  3.522720e-01  3.870000e+06  3.224650e-01  3.880000e+06  3.089250e-01
  3.890000e+06  3.131350e-01  3.900000e+06  3.280990e-01  3.910000e+06  3.376170e-01
  3.920000e+06  3.256360e-01  3.930000e+06  2.909880e-01  3.940000e+06  2.456180e-01
  3.950000e+06  2.011100e-01  3.960000e+06  1.629000e-01  3.970000e+06  1.321100e-01
  3.980000e+06  1.080700e-01  3.990000e+06  1.002990e-01  4.000000e+06  9.247500e-02
  4.010000e+06  9.261000e-02  4.020000e+06  9.301500e-02  4.030000e+06  9.382600e-02
  4.040000e+06  9.315000e-02  4.050000e+06  9.234100e-02  4.060000e+06  1.248700e-01
  4.070000e+06  1.771300e-01  4.080000e+06  2.495460e-01  4.090000e+06  3.215650e-01
  4.100000e+06  3.501560e-01  4.110000e+06  3.217390e-01  4.120000e+06  2.703270e-01
  4.130000e+06  2.263750e-01  4.140000e+06  1.989500e-01  4.150000e+06  1.869300e-01
  4.160000e+06  1.864200e-01  4.170000e+06  1.932100e-01  4.180000e+06  2.046100e-01
  4.190000e+06  2.213900e-01  4.200000e+06  2.479820e-01  4.210000e+06  2.897180e-01
  4.220000e+06  3.469790e-01  4.230000e+06  4.035250e-01  4.240000e+06  4.267570e-01
  4.250000e+06  4.278550e-01  4.260000e+06  4.417440e-01  4.260910e+06  4.394948e-01
  4.267020e+06  4.244383e-01  4.270000e+06  4.171179e-01  4.280000e+06  3.499686e-01
  4.290000e+06  2.930244e-01  4.300000e+06  2.670642e-01  4.310000e+06  2.701119e-01
  4.320000e+06  2.957327e-01  4.330000e+06  3.371115e-01  4.340000e+06  3.866952e-01
  4.350000e+06  4.357200e-01  4.356250e+06  4.604249e-01  4.360000e+06  4.753306e-01
  4.370000e+06  4.987912e-01  4.380000e+06  5.032279e-01  4.390000e+06  4.901975e-01
  4.400000e+06  4.640711e-01  4.410000e+06  4.277888e-01  4.420000e+06  3.900871e-01
  4.430000e+06  3.521545e-01  4.440000e+06  3.161478e-01  4.450000e+06  2.833022e-01
  4.460000e+06  2.544035e-01  4.470000e+06  2.299925e-01  4.480000e+06  1.984833e-01
  4.490000e+06  1.703538e-01  4.500000e+06  1.374957e-01  4.510000e+06  1.694449e-01
  4.520000e+06  2.164576e-01  4.530000e+06  2.733718e-01  4.540000e+06  4.191245e-01
  4.550000e+06  4.794774e-01  4.560000e+06  4.162452e-01  4.570000e+06  4.070171e-01
  4.580000e+06  4.319570e-01  4.590000e+06  4.457229e-01  4.600000e+06  4.448647e-01
  4.610000e+06  4.327646e-01  4.620000e+06  4.414460e-01  4.630000e+06  4.368450e-01
  4.640000e+06  4.393630e-01  4.650000e+06  4.299220e-01  4.660000e+06  4.085490e-01
  4.670000e+06  3.803050e-01  4.680000e+06  3.500060e-01  4.690000e+06  3.206550e-01
  4.700000e+06  2.943510e-01  4.710000e+06  2.754300e-01  4.720000e+06  2.804210e-01
  4.730000e+06  2.673400e-01  4.740000e+06  2.356700e-01  4.750000e+06  2.178610e-01
  4.760000e+06  2.088010e-01  4.770000e+06  2.065100e-01  4.780000e+06  2.091800e-01
  4.790000e+06  2.123800e-01  4.800000e+06  2.102390e-01  4.810000e+06  2.121110e-01
  4.820000e+06  2.353710e-01  4.830000e+06  2.352390e-01  4.840000e+06  2.239410e-01
  4.850000e+06  2.621810e-01  4.860000e+06  3.864360e-01  4.870000e+06  4.525650e-01
  4.880000e+06  3.953730e-01  4.890000e+06  3.195010e-01  4.900000e+06  2.702680e-01
  4.910000e+06  2.698210e-01  4.920000e+06  3.284660e-01  4.930000e+06  3.855110e-01
  4.940000e+06  3.846760e-01  4.950000e+06  3.514690e-01  4.960000e+06  3.130930e-01
  4.970000e+06  2.779370e-01  4.980000e+06  2.469737e-01  4.990000e+06  2.193585e-01
  5.000000e+06  1.941221e-01  5.010000e+06  1.732199e-01  5.020000e+06  1.531904e-01
  5.030000e+06  1.359696e-01  5.040000e+06  1.297405e-01  5.050000e+06  1.615894e-01
  5.060000e+06  2.870977e-01  5.070000e+06  4.613230e-01  5.080000e+06  5.018350e-01
  5.090000e+06  4.550070e-01  5.100000e+06  4.049810e-01  5.110000e+06  3.789980e-01
  5.120000e+06  4.032990e-01  5.130000e+06  4.517690e-01  5.140000e+06  4.226860e-01
  5.150000e+06  3.762410e-01  5.200000e+06  3.705146e-01  5.400000e+06  4.270335e-01
  5.600000e+06  4.659090e-01  5.800000e+06  4.926474e-01  6.000000e+06  5.113190e-01
  6.200000e+06  5.247620e-01  6.400000e+06  5.347462e-01  6.600000e+06  5.423217e-01
  6.800000e+06  5.482056e-01  7.000000e+06  5.528875e-01  7.200000e+06  5.566607e-01
  7.400000e+06  5.599373e-01  7.600000e+06  5.630371e-01  7.800000e+06  5.661899e-01
  8.000000e+06  5.697520e-01  8.200000e+06  5.715937e-01  8.400000e+06  5.733773e-01
  8.600000e+06  5.751002e-01  8.800000e+06  5.768057e-01  9.000000e+06  5.784813e-01
  9.200000e+06  5.814499e-01  9.400000e+06  5.844146e-01  9.600000e+06  5.873667e-01
  9.800000e+06  5.903084e-01  1.000000e+07  5.789910e-01  1.020000e+07  5.812216e-01
  1.040000e+07  5.731255e-01  1.060000e+07  5.557266e-01  1.080000e+07  5.359605e-01
  1.100000e+07  5.002008e-01  1.120000e+07  4.943948e-01  1.140000e+07  4.840790e-01
  1.160000e+07  4.741611e-01  1.180000e+07  4.659469e-01  1.200000e+07  4.562002e-01
  1.220000e+07  4.507515e-01  1.240000e+07  4.445580e-01  1.260000e+07  4.394070e-01
  1.280000e+07  4.353853e-01  1.300000e+07  4.305492e-01  1.320000e+07  4.276761e-01
  1.340000e+07  4.241142e-01  1.360000e+07  4.210253e-01  1.380000e+07  4.185108e-01
  1.400000e+07  4.155361e-01  1.420000e+07  4.138634e-01  1.440000e+07  4.117618e-01
  1.460000e+07  4.100107e-01  1.480000e+07  4.086144e-01  1.500000e+07  4.067988e-01
             1
             3
            50             0
       -696756             0           346
  8.516980e+05  0.000000e+00  2.210000e+06  5.953200e-04  2.220000e+06  6.422600e-04
  2.230000e+06  6.935200e-04  2.240000e+06  7.495900e-04  2.250000e+06  8.111600e-04
  2.260000e+06  8.787900e-04  2.270000e+06  9.535300e-04  2.280000e+06  1.036300e-03
  2.290000e+06  1.128400e-03  2.300000e+06  1.231300e-03  2.310000e+06  1.347000e-03
  2.320000e+06  1.477800e-03  2.330000e+06  1.626700e-03  2.340000e+06  1.798000e-03
  2.350000e+06  1.996900e-03  2.360000e+06  2.231000e-03  2.370000e+06  2.510600e-03
  2.380000e+06  2.851400e-03  2.390000e+06  3.277300e-03  2.400000e+06  3.827800e-03
  2.410000e+06  4.576400e-03  2.420000e+06  5.656400e-03  2.430000e+06  7.371300e-03
  2.440000e+06  1.053900e-02  2.450000e+06  1.812100e-02  2.460000e+06  4.699200e-02
  2.470000e+06  1.065500e-01  2.480000e+06  1.954600e-02  2.490000e+06  9.339400e-03
  2.500000e+06  8.788500e-03  2.510000e+06  1.105300e-02  2.520000e+06  1.604800e-02
  2.530000e+06  2.654300e-02  2.540000e+06  5.254800e-02  2.550000e+06  1.565500e-01
  2.560000e+06  1.399000e-01  2.570000e+06  4.933300e-02  2.580000e+06  1.900600e-02
  2.590000e+06  9.231300e-03  2.600000e+06  5.450600e-03  2.610000e+06  3.884500e-03
  2.620000e+06  3.334600e-03  2.630000e+06  3.366600e-03  2.640000e+06  3.833800e-03
  2.650000e+06  4.742100e-03  2.660000e+06  6.241800e-03  2.670000e+06  8.731200e-03
  2.680000e+06  1.325900e-02  2.690000e+06  2.322400e-02  2.700000e+06  5.536800e-02
  2.710000e+06  1.626500e-01  2.720000e+06  1.006900e-01  2.730000e+06  5.782400e-02
  2.740000e+06  2.741100e-02  2.750000e+06  1.386100e-02  2.760000e+06  8.546200e-03
  2.770000e+06  6.502300e-03  2.780000e+06  5.953300e-03  2.790000e+06  6.262900e-03
  2.800000e+06  7.221000e-03  2.810000e+06  8.816300e-03  2.820000e+06  1.118800e-02
  2.830000e+06  1.463200e-02  2.840000e+06  1.966400e-02  2.850000e+06  2.711800e-02
  2.860000e+06  3.814700e-02  2.870000e+06  5.358800e-02  2.880000e+06  7.144800e-02
  2.890000e+06  8.485900e-02  2.900000e+06  9.262800e-02  2.910000e+06  1.109400e-01
  2.920000e+06  1.126400e-01  2.930000e+06  6.224700e-02  2.940000e+06  3.448100e-02
  2.950000e+06  2.234600e-02  2.960000e+06  1.620600e-02  2.970000e+06  1.273100e-02
  2.980000e+06  1.064900e-02  2.990000e+06  9.393900e-03  3.000000e+06  8.682500e-03
  3.010000e+06  8.363800e-03  3.020000e+06  8.349200e-03  3.030000e+06  8.593600e-03
  3.040000e+06  9.077400e-03  3.050000e+06  9.802100e-03  3.060000e+06  1.078800e-02
  3.070000e+06  1.207100e-02  3.080000e+06  1.371400e-02  3.090000e+06  1.581000e-02
  3.100000e+06  1.848900e-02  3.110000e+06  2.194800e-02  3.120000e+06  2.646100e-02
  3.130000e+06  3.240700e-02  3.140000e+06  4.027100e-02  3.150000e+06  5.053100e-02
  3.160000e+06  6.323700e-02  3.170000e+06  7.702200e-02  3.180000e+06  8.804100e-02
  3.190000e+06  9.137400e-02  3.200000e+06  8.587700e-02  3.210000e+06  7.546100e-02
  3.220000e+06  6.507100e-02  3.230000e+06  5.705700e-02  3.240000e+06  5.187800e-02
  3.250000e+06  4.928600e-02  3.260000e+06  4.893900e-02  3.270000e+06  5.061400e-02
  3.280000e+06  5.423600e-02  3.290000e+06  5.983200e-02  3.300000e+06  6.738000e-02
  3.310000e+06  7.651600e-02  3.320000e+06  8.587300e-02  3.330000e+06  9.241400e-02
  3.340000e+06  9.195300e-02  3.350000e+06  8.253400e-02  3.360000e+06  6.731000e-02
  3.370000e+06  5.175800e-02  3.380000e+06  3.929900e-02  3.390000e+06  3.067100e-02
  3.400000e+06  2.538700e-02  3.410000e+06  2.297000e-02  3.420000e+06  2.451700e-02
  3.430000e+06  3.420000e-02  3.440000e+06  2.902400e-02  3.450000e+06  2.866300e-02
  3.460000e+06  3.172800e-02  3.470000e+06  3.698700e-02  3.480000e+06  4.461200e-02
  3.490000e+06  5.519500e-02  3.500000e+06  6.897900e-02  3.510000e+06  8.362500e-02
  3.520000e+06  9.322300e-02  3.530000e+06  9.954700e-02  3.540000e+06  1.164700e-01
  3.550000e+06  1.378300e-01  3.560000e+06  1.308800e-01  3.570000e+06  1.142900e-01
  3.580000e+06  1.149300e-01  3.590000e+06  1.412900e-01  3.600000e+06  1.747200e-01
  3.610000e+06  1.551900e-01  3.620000e+06  1.261000e-01  3.630000e+06  1.115700e-01
  3.640000e+06  1.052100e-01  3.650000e+06  1.022600e-01  3.660000e+06  1.005000e-01
  3.670000e+06  9.887400e-02  3.680000e+06  9.693200e-02  3.690000e+06  9.456000e-02
  3.700000e+06  9.184000e-02  3.710000e+06  8.903800e-02  3.720000e+06  8.650300e-02
  3.730000e+06  8.467700e-02  3.740000e+06  8.407600e-02  3.750000e+06  8.526900e-02
  3.760000e+06  8.894900e-02  3.770000e+06  9.593900e-02  3.780000e+06  1.071300e-01
  3.790000e+06  1.233000e-01  3.800000e+06  1.444700e-01  3.810000e+06  1.686700e-01
  3.820000e+06  1.905000e-01  3.830000e+06  2.023000e-01  3.840000e+06  1.994300e-01
  3.850000e+06  1.849100e-01  3.860000e+06  1.667600e-01  3.870000e+06  1.523200e-01
  3.880000e+06  1.456000e-01  3.890000e+06  1.472600e-01  3.900000e+06  1.539600e-01
  3.910000e+06  1.580800e-01  3.920000e+06  1.521300e-01  3.930000e+06  1.356400e-01
  3.940000e+06  1.142400e-01  3.950000e+06  9.333000e-02  3.960000e+06  7.542900e-02
  3.970000e+06  6.103500e-02  3.980000e+06  4.981700e-02  3.990000e+06  4.613100e-02
  4.000000e+06  4.243700e-02  4.010000e+06  4.242000e-02  4.020000e+06  4.252600e-02
  4.030000e+06  4.281600e-02  4.040000e+06  4.242800e-02  4.050000e+06  4.198100e-02
  4.060000e+06  5.666200e-02  4.070000e+06  8.022500e-02  4.080000e+06  1.128100e-01
  4.090000e+06  1.450900e-01  4.100000e+06  1.576900e-01  4.110000e+06  1.446200e-01
  4.120000e+06  1.212800e-01  4.130000e+06  1.013700e-01  4.140000e+06  8.891700e-02
  4.150000e+06  8.338500e-02  4.160000e+06  8.299800e-02  4.170000e+06  8.585600e-02
  4.180000e+06  9.074700e-02  4.190000e+06  9.799900e-02  4.200000e+06  1.095600e-01
  4.210000e+06  1.278100e-01  4.220000e+06  1.528400e-01  4.230000e+06  1.774800e-01
  4.240000e+06  1.874200e-01  4.250000e+06  1.876200e-01  4.260000e+06  1.934200e-01
  4.270000e+06  1.823200e-01  4.280000e+06  1.526700e-01  4.290000e+06  1.275500e-01
  4.300000e+06  1.160000e-01  4.310000e+06  1.170800e-01  4.320000e+06  1.279500e-01
  4.330000e+06  1.456200e-01  4.340000e+06  1.667900e-01  4.350000e+06  1.876400e-01
  4.360000e+06  2.043400e-01  4.370000e+06  2.139700e-01  4.380000e+06  2.153900e-01
  4.390000e+06  2.093100e-01  4.400000e+06  1.976300e-01  4.410000e+06  1.817000e-01
  4.420000e+06  1.644900e-01  4.430000e+06  1.473900e-01  4.440000e+06  1.313000e-01
  4.450000e+06  1.167200e-01  4.460000e+06  1.039500e-01  4.470000e+06  9.317400e-02
  4.480000e+06  7.964500e-02  4.490000e+06  6.765500e-02  4.500000e+06  5.392000e-02
  4.510000e+06  6.620500e-02  4.520000e+06  8.428200e-02  4.530000e+06  1.060000e-01
  4.540000e+06  1.621000e-01  4.550000e+06  1.842900e-01  4.560000e+06  1.585600e-01
  4.570000e+06  1.538300e-01  4.580000e+06  1.621200e-01  4.590000e+06  1.660600e-01
  4.600000e+06  1.644600e-01  4.610000e+06  1.593900e-01  4.620000e+06  1.599800e-01
  4.630000e+06  1.557300e-01  4.640000e+06  1.540300e-01  4.650000e+06  1.481800e-01
  4.660000e+06  1.384000e-01  4.670000e+06  1.265800e-01  4.680000e+06  1.144300e-01
  4.690000e+06  1.029400e-01  4.700000e+06  9.275300e-02  4.710000e+06  8.516300e-02
  4.720000e+06  8.504900e-02  4.730000e+06  7.950200e-02  4.740000e+06  6.869100e-02
  4.750000e+06  6.221200e-02  4.760000e+06  5.839100e-02  4.770000e+06  5.653000e-02
  4.780000e+06  5.602400e-02  4.790000e+06  5.562600e-02  4.800000e+06  5.382300e-02
  4.810000e+06  5.308000e-02  4.820000e+06  5.754400e-02  4.830000e+06  5.615700e-02
  4.840000e+06  5.216900e-02  4.850000e+06  5.956700e-02  4.860000e+06  8.557200e-02
  4.870000e+06  9.760600e-02  4.880000e+06  8.299400e-02  4.890000e+06  6.522700e-02
  4.900000e+06  5.361900e-02  4.910000e+06  5.197500e-02  4.920000e+06  6.138100e-02
  4.930000e+06  6.981900e-02  4.940000e+06  6.745200e-02  4.950000e+06  5.960400e-02
  4.960000e+06  5.129200e-02  4.970000e+06  4.393200e-02  4.980000e+06  3.761500e-02
  4.990000e+06  3.214600e-02  5.000000e+06  2.732900e-02  5.010000e+06  2.386600e-02
  5.020000e+06  2.064600e-02  5.030000e+06  1.791600e-02  5.040000e+06  1.670600e-02
  5.050000e+06  2.032100e-02  5.060000e+06  3.524200e-02  5.070000e+06  5.524200e-02
  5.080000e+06  5.858600e-02  5.090000e+06  5.175100e-02  5.100000e+06  4.484400e-02
  5.110000e+06  4.082800e-02  5.120000e+06  4.223400e-02  5.130000e+06  4.595200e-02
  5.140000e+06  4.172400e-02  5.150000e+06  3.600800e-02  5.200000e+06  2.989200e-02
  5.400000e+06  2.292700e-02  5.600000e+06  1.458700e-02  5.800000e+06  1.282400e-02
  6.000000e+06  1.364600e-02  6.200000e+06  9.303800e-03  6.400000e+06  7.641400e-03
  6.600000e+06  7.386100e-03  6.800000e+06  5.314200e-03  7.000000e+06  4.563500e-03
  7.200000e+06  3.979700e-03  7.400000e+06  4.058500e-03  7.600000e+06  2.915500e-03
  7.800000e+06  2.611300e-03  8.000000e+06  2.566100e-03  8.200000e+06  2.348700e-03
  8.400000e+06  2.072200e-03  8.600000e+06  1.484900e-03  8.800000e+06  1.369400e-03
  9.000000e+06  1.167400e-03  9.200000e+06  1.011800e-03  9.400000e+06  9.385200e-04
  9.600000e+06  9.562300e-04  9.800000e+06  8.908100e-04  1.000000e+07  7.515200e-04
  1.020000e+07  7.009800e-04  1.040000e+07  5.736900e-04  1.060000e+07  5.152600e-04
  1.080000e+07  4.577000e-04  1.100000e+07  4.138000e-04  1.120000e+07  3.811700e-04
  1.140000e+07  3.485900e-04  1.160000e+07  2.710400e-04  1.180000e+07  2.491000e-04
  1.200000e+07  2.155000e-04  1.220000e+07  1.750800e-04  1.240000e+07  1.606100e-04
  1.260000e+07  1.533100e-04  1.280000e+07  1.393300e-04  1.300000e+07  1.333400e-04
  1.320000e+07  1.236400e-04  1.340000e+07  1.076900e-04  1.360000e+07  9.472900e-05
  1.380000e+07  8.709600e-05  1.400000e+07  7.721000e-05  1.420000e+07  7.221800e-05
  1.440000e+07  6.749100e-05  1.460000e+07  6.498400e-05  1.480000e+07  5.275200e-05
  1.500000e+07  4.718700e-05
             1
             3
            51             0
      -1047760             0           346
  1.280750e+06  0.000000e+00  2.210000e+06  3.105700e-04  2.220000e+06  3.370400e-04
  2.230000e+06  3.660800e-04  2.240000e+06  3.980100e-04  2.250000e+06  4.332400e-04
  2.260000e+06  4.721100e-04  2.270000e+06  5.152700e-04  2.280000e+06  5.632800e-04
  2.290000e+06  6.169100e-04  2.300000e+06  6.771000e-04  2.310000e+06  7.450200e-04
  2.320000e+06  8.221200e-04  2.330000e+06  9.102100e-04  2.340000e+06  1.011900e-03
  2.350000e+06  1.130400e-03  2.360000e+06  1.270100e-03  2.370000e+06  1.437600e-03
  2.380000e+06  1.642100e-03  2.390000e+06  1.898200e-03  2.400000e+06  2.229800e-03
  2.410000e+06  2.674900e-03  2.420000e+06  3.317300e-03  2.430000e+06  4.337700e-03
  2.440000e+06  6.222700e-03  2.450000e+06  1.073500e-02  2.460000e+06  2.793300e-02
  2.470000e+06  6.354900e-02  2.480000e+06  1.169700e-02  2.490000e+06  5.607600e-03
  2.500000e+06  5.294500e-03  2.510000e+06  6.681000e-03  2.520000e+06  9.732500e-03
  2.530000e+06  1.615100e-02  2.540000e+06  3.208300e-02  2.550000e+06  9.589900e-02
  2.560000e+06  8.598300e-02  2.570000e+06  3.042200e-02  2.580000e+06  1.175900e-02
  2.590000e+06  5.730700e-03  2.600000e+06  3.394900e-03  2.610000e+06  2.426700e-03
  2.620000e+06  2.089300e-03  2.630000e+06  2.115600e-03  2.640000e+06  2.416300e-03
  2.650000e+06  2.997500e-03  2.660000e+06  3.957200e-03  2.670000e+06  5.551800e-03
  2.680000e+06  8.455800e-03  2.690000e+06  1.485500e-02  2.700000e+06  3.551800e-02
  2.710000e+06  1.046500e-01  2.720000e+06  6.497200e-02  2.730000e+06  3.742300e-02
  2.740000e+06  1.779200e-02  2.750000e+06  9.023200e-03  2.760000e+06  5.579800e-03
  2.770000e+06  4.257700e-03  2.780000e+06  3.909700e-03  2.790000e+06  4.125100e-03
  2.800000e+06  4.770000e-03  2.810000e+06  5.847700e-03  2.820000e+06  7.451100e-03
  2.830000e+06  9.784900e-03  2.840000e+06  1.320400e-02  2.850000e+06  1.828300e-02
  2.860000e+06  2.582400e-02  2.870000e+06  3.642500e-02  2.880000e+06  4.876200e-02
  2.890000e+06  5.815100e-02  2.900000e+06  6.373200e-02  2.910000e+06  7.664100e-02
  2.920000e+06  7.813600e-02  2.930000e+06  4.335300e-02  2.940000e+06  2.411300e-02
  2.950000e+06  1.569000e-02  2.960000e+06  1.142400e-02  2.970000e+06  9.011200e-03
  2.980000e+06  7.568100e-03  2.990000e+06  6.703100e-03  3.000000e+06  6.220500e-03
  3.010000e+06  6.009200e-03  3.020000e+06  6.015800e-03  3.030000e+06  6.209400e-03
  3.040000e+06  6.577600e-03  3.050000e+06  7.122900e-03  3.060000e+06  7.861300e-03
  3.070000e+06  8.821600e-03  3.080000e+06  1.005100e-02  3.090000e+06  1.161900e-02
  3.100000e+06  1.362700e-02  3.110000e+06  1.622200e-02  3.120000e+06  1.961200e-02
  3.130000e+06  2.408800e-02  3.140000e+06  3.001700e-02  3.150000e+06  3.777100e-02
  3.160000e+06  4.740200e-02  3.170000e+06  5.789800e-02  3.180000e+06  6.636800e-02
  3.190000e+06  6.907500e-02  3.200000e+06  6.510200e-02  3.210000e+06  5.732000e-02
  3.220000e+06  4.952700e-02  3.230000e+06  4.351500e-02  3.240000e+06  3.964500e-02
  3.250000e+06  3.774100e-02  3.260000e+06  3.755100e-02  3.270000e+06  3.891600e-02
  3.280000e+06  4.178700e-02  3.290000e+06  4.619400e-02  3.300000e+06  5.213000e-02
  3.310000e+06  5.932200e-02  3.320000e+06  6.671600e-02  3.330000e+06  7.194900e-02
  3.340000e+06  7.174200e-02  3.350000e+06  6.453000e-02  3.360000e+06  5.274000e-02
  3.370000e+06  4.064100e-02  3.380000e+06  3.092500e-02  3.390000e+06  2.418800e-02
  3.400000e+06  2.006400e-02  3.410000e+06  1.819700e-02  3.420000e+06  1.946800e-02
  3.430000e+06  2.722100e-02  3.440000e+06  2.315700e-02  3.450000e+06  2.292300e-02
  3.460000e+06  2.543500e-02  3.470000e+06  2.972200e-02  3.480000e+06  3.593600e-02
  3.490000e+06  4.456800e-02  3.500000e+06  5.583200e-02  3.510000e+06  6.785100e-02
  3.520000e+06  7.582300e-02  3.530000e+06  8.116400e-02  3.540000e+06  9.519300e-02
  3.550000e+06  1.129300e-01  3.560000e+06  1.075000e-01  3.570000e+06  9.410200e-02
  3.580000e+06  9.487000e-02  3.590000e+06  1.169200e-01  3.600000e+06  1.449400e-01
  3.610000e+06  1.289700e-01  3.620000e+06  1.049800e-01  3.630000e+06  9.304900e-02
  3.640000e+06  8.790300e-02  3.650000e+06  8.559400e-02  3.660000e+06  8.427000e-02
  3.670000e+06  8.306000e-02  3.680000e+06  8.157600e-02  3.690000e+06  7.972500e-02
  3.700000e+06  7.757300e-02  3.710000e+06  7.534500e-02  3.720000e+06  7.333400e-02
  3.730000e+06  7.191900e-02  3.740000e+06  7.154100e-02  3.750000e+06  7.269000e-02
  3.760000e+06  7.596900e-02  3.770000e+06  8.209200e-02  3.780000e+06  9.183600e-02
  3.790000e+06  1.059000e-01  3.800000e+06  1.243200e-01  3.810000e+06  1.453400e-01
  3.820000e+06  1.643900e-01  3.830000e+06  1.748200e-01  3.840000e+06  1.725900e-01
  3.850000e+06  1.602500e-01  3.860000e+06  1.447300e-01  3.870000e+06  1.323800e-01
  3.880000e+06  1.267300e-01  3.890000e+06  1.283600e-01  3.900000e+06  1.343900e-01
  3.910000e+06  1.381800e-01  3.920000e+06  1.331800e-01  3.930000e+06  1.189200e-01
  3.940000e+06  1.003000e-01  3.950000e+06  8.206300e-02  3.960000e+06  6.642100e-02
  3.970000e+06  5.382600e-02  3.980000e+06  4.399700e-02  3.990000e+06  4.080300e-02
  4.000000e+06  3.759100e-02  4.010000e+06  3.762700e-02  4.020000e+06  3.777300e-02
  4.030000e+06  3.808400e-02  4.040000e+06  3.779100e-02  4.050000e+06  3.744400e-02
  4.060000e+06  5.061000e-02  4.070000e+06  7.175500e-02  4.080000e+06  1.010400e-01
  4.090000e+06  1.301400e-01  4.100000e+06  1.416400e-01  4.110000e+06  1.300800e-01
  4.120000e+06  1.092400e-01  4.130000e+06  9.143100e-02  4.140000e+06  8.031600e-02
  4.150000e+06  7.542600e-02  4.160000e+06  7.518300e-02  4.170000e+06  7.788300e-02
  4.180000e+06  8.243700e-02  4.190000e+06  8.915400e-02  4.200000e+06  9.981200e-02
  4.210000e+06  1.165800e-01  4.220000e+06  1.395900e-01  4.230000e+06  1.623000e-01
  4.240000e+06  1.716000e-01  4.250000e+06  1.720000e-01  4.260000e+06  1.775400e-01
  4.270000e+06  1.675700e-01  4.280000e+06  1.404900e-01  4.290000e+06  1.175300e-01
  4.300000e+06  1.070100e-01  4.310000e+06  1.081500e-01  4.320000e+06  1.183500e-01
  4.330000e+06  1.348600e-01  4.340000e+06  1.546500e-01  4.350000e+06  1.742200e-01
  4.360000e+06  1.899600e-01  4.370000e+06  1.991700e-01  4.380000e+06  2.007500e-01
  4.390000e+06  1.953300e-01  4.400000e+06  1.846700e-01  4.410000e+06  1.699100e-01
  4.420000e+06  1.539300e-01  4.430000e+06  1.380300e-01  4.440000e+06  1.230600e-01
  4.450000e+06  1.094800e-01  4.460000e+06  9.757500e-02  4.470000e+06  8.753000e-02
  4.480000e+06  7.488000e-02  4.490000e+06  6.365800e-02  4.500000e+06  5.077700e-02
  4.510000e+06  6.239700e-02  4.520000e+06  7.950100e-02  4.530000e+06  1.000700e-01
  4.540000e+06  1.531700e-01  4.550000e+06  1.742900e-01  4.560000e+06  1.500900e-01
  4.570000e+06  1.457400e-01  4.580000e+06  1.537300e-01  4.590000e+06  1.576200e-01
  4.600000e+06  1.562400e-01  4.610000e+06  1.515300e-01  4.620000e+06  1.522000e-01
  4.630000e+06  1.482700e-01  4.640000e+06  1.467700e-01  4.650000e+06  1.413100e-01
  4.660000e+06  1.320900e-01  4.670000e+06  1.209200e-01  4.680000e+06  1.094100e-01
  4.690000e+06  9.851200e-02  4.700000e+06  8.885300e-02  4.710000e+06  8.166400e-02
  4.720000e+06  8.163900e-02  4.730000e+06  7.639600e-02  4.740000e+06  6.608200e-02
  4.750000e+06  5.991900e-02  4.760000e+06  5.630700e-02  4.770000e+06  5.458100e-02
  4.780000e+06  5.416500e-02  4.790000e+06  5.385400e-02  4.800000e+06  5.218300e-02
  4.810000e+06  5.149000e-02  4.820000e+06  5.585200e-02  4.830000e+06  5.453700e-02
  4.840000e+06  5.069600e-02  4.850000e+06  5.792200e-02  4.860000e+06  8.326500e-02
  4.870000e+06  9.504200e-02  4.880000e+06  8.087400e-02  4.890000e+06  6.361200e-02
  4.900000e+06  5.233500e-02  4.910000e+06  5.077600e-02  4.920000e+06  6.002100e-02
  4.930000e+06  6.834100e-02  4.940000e+06  6.609500e-02  4.950000e+06  5.847100e-02
  4.960000e+06  5.037800e-02  4.970000e+06  4.320600e-02  4.980000e+06  3.704400e-02
  4.990000e+06  3.170600e-02  5.000000e+06  2.699900e-02  5.010000e+06  2.358500e-02
  5.020000e+06  2.040900e-02  5.030000e+06  1.771700e-02  5.040000e+06  1.652500e-02
  5.050000e+06  2.010800e-02  5.060000e+06  3.488600e-02  5.070000e+06  5.470500e-02
  5.080000e+06  5.804000e-02  5.090000e+06  5.129100e-02  5.100000e+06  4.446500e-02
  5.110000e+06  4.050300e-02  5.120000e+06  4.191800e-02  5.130000e+06  4.563300e-02
  5.140000e+06  4.145800e-02  5.150000e+06  3.580000e-02  5.200000e+06  2.982900e-02
  5.400000e+06  2.324800e-02  5.600000e+06  1.500600e-02  5.800000e+06  1.330200e-02
  6.000000e+06  1.435200e-02  6.200000e+06  9.912500e-03  6.400000e+06  8.197500e-03
  6.600000e+06  8.020500e-03  6.800000e+06  5.843700e-03  7.000000e+06  5.049500e-03
  7.200000e+06  4.452300e-03  7.400000e+06  4.592100e-03  7.600000e+06  3.314700e-03
  7.800000e+06  2.998000e-03  8.000000e+06  2.976300e-03  8.200000e+06  2.733900e-03
  8.400000e+06  2.432200e-03  8.600000e+06  1.757500e-03  8.800000e+06  1.625500e-03
  9.000000e+06  1.394700e-03  9.200000e+06  1.217600e-03  9.400000e+06  1.131900e-03
  9.600000e+06  1.159500e-03  9.800000e+06  1.086200e-03  1.000000e+07  9.182700e-04
  1.020000e+07  8.596600e-04  1.040000e+07  7.060800e-04  1.060000e+07  6.357300e-04
  1.080000e+07  5.665000e-04  1.100000e+07  5.136900e-04  1.120000e+07  4.738200e-04
  1.140000e+07  4.342200e-04  1.160000e+07  3.385200e-04  1.180000e+07  3.115300e-04
  1.200000e+07  2.699700e-04  1.220000e+07  2.197500e-04  1.240000e+07  2.018700e-04
  1.260000e+07  1.929500e-04  1.280000e+07  1.756400e-04  1.300000e+07  1.683000e-04
  1.320000e+07  1.562200e-04  1.340000e+07  1.362700e-04  1.360000e+07  1.200300e-04
  1.380000e+07  1.104500e-04  1.400000e+07  9.811200e-05  1.420000e+07  9.183500e-05
  1.440000e+07  8.589800e-05  1.460000e+07  8.281900e-05  1.480000e+07  6.733900e-05
  1.500000e+07  6.028500e-05
             1
             3
            52             0
      -2442760             0           247
  2.985970e+06  0.000000e+00  3.200000e+06  6.306400e-07  3.210000e+06  3.190400e-04
  3.220000e+06  5.515400e-04  3.230000e+06  7.275900e-04  3.240000e+06  8.848300e-04
  3.250000e+06  1.054200e-03  3.260000e+06  1.260200e-03  3.270000e+06  1.525500e-03
  3.280000e+06  1.874400e-03  3.290000e+06  2.334000e-03  3.300000e+06  2.930300e-03
  3.310000e+06  3.672700e-03  3.320000e+06  4.511600e-03  3.330000e+06  5.277700e-03
  3.340000e+06  5.674600e-03  3.350000e+06  5.475700e-03  3.360000e+06  4.779700e-03
  3.370000e+06  3.918500e-03  3.380000e+06  3.161100e-03  3.390000e+06  2.613200e-03
  3.400000e+06  2.284700e-03  3.410000e+06  2.140100e-03  3.420000e+06  2.362300e-03
  3.430000e+06  3.404900e-03  3.440000e+06  2.983200e-03  3.450000e+06  3.038900e-03
  3.460000e+06  3.467200e-03  3.470000e+06  4.163100e-03  3.480000e+06  5.168200e-03
  3.490000e+06  6.577000e-03  3.500000e+06  8.449100e-03  3.510000e+06  1.052300e-02
  3.520000e+06  1.204500e-02  3.530000e+06  1.319900e-02  3.540000e+06  1.583800e-02
  3.550000e+06  1.921500e-02  3.560000e+06  1.869700e-02  3.570000e+06  1.672200e-02
  3.580000e+06  1.721600e-02  3.590000e+06  2.165900e-02  3.600000e+06  2.739900e-02
  3.610000e+06  2.483700e-02  3.620000e+06  2.059200e-02  3.630000e+06  1.858300e-02
  3.640000e+06  1.786900e-02  3.650000e+06  1.770600e-02  3.660000e+06  1.773300e-02
  3.670000e+06  1.777600e-02  3.680000e+06  1.775100e-02  3.690000e+06  1.763500e-02
  3.700000e+06  1.743700e-02  3.710000e+06  1.720800e-02  3.720000e+06  1.701300e-02
  3.730000e+06  1.694400e-02  3.740000e+06  1.711300e-02  3.750000e+06  1.765100e-02
  3.760000e+06  1.872200e-02  3.770000e+06  2.052900e-02  3.780000e+06  2.329800e-02
  3.790000e+06  2.725100e-02  3.800000e+06  3.244200e-02  3.810000e+06  3.843200e-02
  3.820000e+06  4.403800e-02  3.830000e+06  4.743800e-02  3.840000e+06  4.743100e-02
  3.850000e+06  4.459700e-02  3.860000e+06  4.078200e-02  3.870000e+06  3.776500e-02
  3.880000e+06  3.659500e-02  3.890000e+06  3.751500e-02  3.900000e+06  3.974900e-02
  3.910000e+06  4.135700e-02  3.920000e+06  4.032600e-02  3.930000e+06  3.642800e-02
  3.940000e+06  3.107800e-02  3.950000e+06  2.571700e-02  3.960000e+06  2.105000e-02
  3.970000e+06  1.724900e-02  3.980000e+06  1.425600e-02  3.990000e+06  1.336500e-02
  4.000000e+06  1.244700e-02  4.010000e+06  1.256300e-02  4.020000e+06  1.271600e-02
  4.030000e+06  1.292600e-02  4.040000e+06  1.293100e-02  4.050000e+06  1.291600e-02
  4.060000e+06  1.759800e-02  4.070000e+06  2.515000e-02  4.080000e+06  3.569600e-02
  4.090000e+06  4.633500e-02  4.100000e+06  5.082600e-02  4.110000e+06  4.703900e-02
  4.120000e+06  3.980700e-02  4.130000e+06  3.357400e-02  4.140000e+06  2.971700e-02
  4.150000e+06  2.811900e-02  4.160000e+06  2.823900e-02  4.170000e+06  2.947100e-02
  4.180000e+06  3.142600e-02  4.190000e+06  3.423700e-02  4.200000e+06  3.861000e-02
  4.210000e+06  4.532800e-02  4.220000e+06  5.454900e-02  4.230000e+06  6.374500e-02
  4.240000e+06  6.773700e-02  4.250000e+06  6.823500e-02  4.260000e+06  7.078400e-02
  4.270000e+06  6.713800e-02  4.280000e+06  5.656800e-02  4.290000e+06  4.755300e-02
  4.300000e+06  4.351200e-02  4.310000e+06  4.418900e-02  4.320000e+06  4.858900e-02
  4.330000e+06  5.563700e-02  4.340000e+06  6.411000e-02  4.350000e+06  7.256400e-02
  4.360000e+06  7.950100e-02  4.370000e+06  8.375000e-02  4.380000e+06  8.481500e-02
  4.390000e+06  8.291300e-02  4.400000e+06  7.875500e-02  4.410000e+06  7.279100e-02
  4.420000e+06  6.624900e-02  4.430000e+06  5.968100e-02  4.440000e+06  5.345300e-02
  4.450000e+06  4.777800e-02  4.460000e+06  4.278400e-02  4.470000e+06  3.856200e-02
  4.480000e+06  3.314700e-02  4.490000e+06  2.831500e-02  4.500000e+06  2.269500e-02
  4.510000e+06  2.802500e-02  4.520000e+06  3.588300e-02  4.530000e+06  4.539000e-02
  4.540000e+06  6.982100e-02  4.550000e+06  7.985000e-02  4.560000e+06  6.911200e-02
  4.570000e+06  6.744900e-02  4.580000e+06  7.151600e-02  4.590000e+06  7.370200e-02
  4.600000e+06  7.344200e-02  4.610000e+06  7.146800e-02  4.620000e+06  7.203400e-02
  4.630000e+06  7.042500e-02  4.640000e+06  6.996600e-02  4.650000e+06  6.761800e-02
  4.660000e+06  6.345400e-02  4.670000e+06  5.832100e-02  4.680000e+06  5.298500e-02
  4.690000e+06  4.791200e-02  4.700000e+06  4.340300e-02  4.710000e+06  4.007200e-02
  4.720000e+06  4.024700e-02  4.730000e+06  3.784500e-02  4.740000e+06  3.289800e-02
  4.750000e+06  2.998400e-02  4.760000e+06  2.832700e-02  4.770000e+06  2.761000e-02
  4.780000e+06  2.755600e-02  4.790000e+06  2.756000e-02  4.800000e+06  2.686900e-02
  4.810000e+06  2.655500e-02  4.820000e+06  2.885300e-02  4.830000e+06  2.822300e-02
  4.840000e+06  2.628300e-02  4.850000e+06  3.008700e-02  4.860000e+06  4.333800e-02
  4.870000e+06  4.957300e-02  4.880000e+06  4.227600e-02  4.890000e+06  3.333000e-02
  4.900000e+06  2.748900e-02  4.910000e+06  2.674000e-02  4.920000e+06  3.169500e-02
  4.930000e+06  3.619300e-02  4.940000e+06  3.511100e-02  4.950000e+06  3.116300e-02
  4.960000e+06  2.694300e-02  4.970000e+06  2.319300e-02  4.980000e+06  1.996500e-02
  4.990000e+06  1.716000e-02  5.000000e+06  1.468000e-02  5.010000e+06  1.284100e-02
  5.020000e+06  1.112900e-02  5.030000e+06  9.675600e-03  5.040000e+06  9.039300e-03
  5.050000e+06  1.101800e-02  5.060000e+06  1.914900e-02  5.070000e+06  3.008300e-02
  5.080000e+06  3.197900e-02  5.090000e+06  2.831900e-02  5.100000e+06  2.460300e-02
  5.110000e+06  2.246100e-02  5.120000e+06  2.330100e-02  5.130000e+06  2.543000e-02
  5.140000e+06  2.316400e-02  5.150000e+06  2.005900e-02  5.200000e+06  1.699900e-02
  5.400000e+06  1.390900e-02  5.600000e+06  9.229300e-03  5.800000e+06  8.409700e-03
  6.000000e+06  9.351600e-03  6.200000e+06  6.548900e-03  6.400000e+06  5.523800e-03
  6.600000e+06  5.515100e-03  6.800000e+06  4.062100e-03  7.000000e+06  3.572800e-03
  7.200000e+06  3.203100e-03  7.400000e+06  3.345600e-03  7.600000e+06  2.457200e-03
  7.800000e+06  2.263700e-03  8.000000e+06  2.280600e-03  8.200000e+06  2.132600e-03
  8.400000e+06  1.934600e-03  8.600000e+06  1.420500e-03  8.800000e+06  1.337100e-03
  9.000000e+06  1.169700e-03  9.200000e+06  1.036800e-03  9.400000e+06  9.794200e-04
  9.600000e+06  1.020300e-03  9.800000e+06  9.693200e-04  1.000000e+07  8.302600e-04
  1.020000e+07  7.887500e-04  1.040000e+07  6.556500e-04  1.060000e+07  5.962800e-04
  1.080000e+07  5.370200e-04  1.100000e+07  4.917800e-04  1.120000e+07  4.572100e-04
  1.140000e+07  4.226000e-04  1.160000e+07  3.318800e-04  1.180000e+07  3.071100e-04
  1.200000e+07  2.678300e-04  1.220000e+07  2.192100e-04  1.240000e+07  2.021300e-04
  1.260000e+07  1.940900e-04  1.280000e+07  1.774200e-04  1.300000e+07  1.704500e-04
  1.320000e+07  1.587500e-04  1.340000e+07  1.389000e-04  1.360000e+07  1.225600e-04
  1.380000e+07  1.130900e-04  1.400000e+07  1.006900e-04  1.420000e+07  9.440100e-05
  1.440000e+07  8.845100e-05  1.460000e+07  8.548400e-05  1.480000e+07  6.954600e-05
  1.500000e+07  6.240000e-05
             1
             3
            53             0
      -3485760             0           126
  4.260910e+06  0.000000e+00  4.410000e+06  1.096900e-03  4.420000e+06  1.998800e-03
  4.430000e+06  2.703900e-03  4.440000e+06  3.232400e-03  4.450000e+06  3.615500e-03
  4.460000e+06  3.889400e-03  4.470000e+06  4.094300e-03  4.480000e+06  4.026500e-03
  4.490000e+06  3.873800e-03  4.500000e+06  3.453600e-03  4.510000e+06  4.696400e-03
  4.520000e+06  6.567000e-03  4.530000e+06  9.009100e-03  4.540000e+06  1.494100e-02
  4.550000e+06  1.832700e-02  4.560000e+06  1.693900e-02  4.570000e+06  1.758400e-02
  4.580000e+06  1.976300e-02  4.590000e+06  2.152200e-02  4.600000e+06  2.259900e-02
  4.610000e+06  2.231400e-02  4.620000e+06  2.282300e-02  4.630000e+06  2.264700e-02
  4.640000e+06  2.283800e-02  4.650000e+06  2.240700e-02  4.660000e+06  2.135000e-02
  4.670000e+06  1.992800e-02  4.680000e+06  1.838800e-02  4.690000e+06  1.689100e-02
  4.700000e+06  1.554700e-02  4.710000e+06  1.458600e-02  4.720000e+06  1.488900e-02
  4.730000e+06  1.423200e-02  4.740000e+06  1.257900e-02  4.750000e+06  1.165900e-02
  4.760000e+06  1.120300e-02  4.770000e+06  1.110900e-02  4.780000e+06  1.128200e-02
  4.790000e+06  1.148400e-02  4.800000e+06  1.139700e-02  4.810000e+06  1.133000e-02
  4.820000e+06  1.238500e-02  4.830000e+06  1.219000e-02  4.840000e+06  1.142600e-02
  4.850000e+06  1.316900e-02  4.860000e+06  1.910200e-02  4.870000e+06  2.201000e-02
  4.880000e+06  1.891300e-02  4.890000e+06  1.502900e-02  4.900000e+06  1.249800e-02
  4.910000e+06  1.226200e-02  4.920000e+06  1.466600e-02  4.930000e+06  1.690600e-02
  4.940000e+06  1.656300e-02  4.950000e+06  1.485300e-02  4.960000e+06  1.298100e-02
  4.970000e+06  1.130300e-02  4.980000e+06  9.846400e-03  4.990000e+06  8.570900e-03
  5.000000e+06  7.430000e-03  5.010000e+06  6.518500e-03  5.020000e+06  5.666000e-03
  5.030000e+06  4.941500e-03  5.040000e+06  4.631500e-03  5.050000e+06  5.664400e-03
  5.060000e+06  9.879000e-03  5.070000e+06  1.557700e-02  5.080000e+06  1.662100e-02
  5.090000e+06  1.477700e-02  5.100000e+06  1.289200e-02  5.110000e+06  1.182000e-02
  5.120000e+06  1.231800e-02  5.130000e+06  1.350800e-02  5.140000e+06  1.236600e-02
  5.150000e+06  1.076500e-02  5.200000e+06  9.407100e-03  5.400000e+06  7.977000e-03
  5.600000e+06  5.362400e-03  5.800000e+06  4.882300e-03  6.000000e+06  5.409500e-03
  6.200000e+06  3.775000e-03  6.400000e+06  3.116400e-03  6.600000e+06  3.050900e-03
  6.800000e+06  2.209800e-03  7.000000e+06  1.894200e-03  7.200000e+06  1.661700e-03
  7.400000e+06  1.699400e-03  7.600000e+06  1.219000e-03  7.800000e+06  1.097900e-03
  8.000000e+06  1.084200e-03  8.200000e+06  9.939900e-04  8.400000e+06  8.841400e-04
  8.600000e+06  6.383400e-04  8.800000e+06  5.918300e-04  9.000000e+06  5.098100e-04
  9.200000e+06  4.468600e-04  9.400000e+06  4.174200e-04  9.600000e+06  4.304200e-04
  9.800000e+06  4.060900e-04  1.000000e+07  3.455400e-04  1.020000e+07  3.261900e-04
  1.040000e+07  2.701100e-04  1.060000e+07  2.447400e-04  1.080000e+07  2.196800e-04
  1.100000e+07  2.008200e-04  1.120000e+07  1.863400e-04  1.140000e+07  1.718500e-04
  1.160000e+07  1.348600e-04  1.180000e+07  1.245900e-04  1.200000e+07  1.084800e-04
  1.220000e+07  8.875800e-05  1.240000e+07  8.170700e-05  1.260000e+07  7.834800e-05
  1.280000e+07  7.149200e-05  1.300000e+07  6.858600e-05  1.320000e+07  6.372100e-05
  1.340000e+07  5.568800e-05  1.360000e+07  4.900600e-05  1.380000e+07  4.511700e-05
  1.400000e+07  4.006800e-05  1.420000e+07  3.746600e-05  1.440000e+07  3.501000e-05
  1.460000e+07  3.372600e-05  1.480000e+07  2.737300e-05  1.500000e+07  2.446400e-05
             1
             3
            54             0
      -3490760             0           126
  4.267020e+06  0.000000e+00  4.410000e+06  1.103700e-03  4.420000e+06  2.011200e-03
  4.430000e+06  2.720700e-03  4.440000e+06  3.252600e-03  4.450000e+06  3.638000e-03
  4.460000e+06  3.913600e-03  4.470000e+06  4.119800e-03  4.480000e+06  4.051500e-03
  4.490000e+06  3.897900e-03  4.500000e+06  3.475100e-03  4.510000e+06  4.725600e-03
  4.520000e+06  6.607800e-03  4.530000e+06  9.065100e-03  4.540000e+06  1.503400e-02
  4.550000e+06  1.844100e-02  4.560000e+06  1.704400e-02  4.570000e+06  1.769300e-02
  4.580000e+06  1.988600e-02  4.590000e+06  2.165600e-02  4.600000e+06  2.274000e-02
  4.610000e+06  2.245800e-02  4.620000e+06  2.297500e-02  4.630000e+06  2.280100e-02
  4.640000e+06  2.299900e-02  4.650000e+06  2.256900e-02  4.660000e+06  2.150900e-02
  4.670000e+06  2.008000e-02  4.680000e+06  1.853200e-02  4.690000e+06  1.702700e-02
  4.700000e+06  1.567500e-02  4.710000e+06  1.470900e-02  4.720000e+06  1.501800e-02
  4.730000e+06  1.435700e-02  4.740000e+06  1.269200e-02  4.750000e+06  1.176600e-02
  4.760000e+06  1.130800e-02  4.770000e+06  1.121500e-02  4.780000e+06  1.139200e-02
  4.790000e+06  1.159800e-02  4.800000e+06  1.151300e-02  4.810000e+06  1.144400e-02
  4.820000e+06  1.250900e-02  4.830000e+06  1.231200e-02  4.840000e+06  1.154000e-02
  4.850000e+06  1.329800e-02  4.860000e+06  1.928900e-02  4.870000e+06  2.222400e-02
  4.880000e+06  1.909600e-02  4.890000e+06  1.517300e-02  4.900000e+06  1.261700e-02
  4.910000e+06  1.237800e-02  4.920000e+06  1.480300e-02  4.930000e+06  1.706200e-02
  4.940000e+06  1.671500e-02  4.950000e+06  1.498800e-02  4.960000e+06  1.309900e-02
  4.970000e+06  1.140300e-02  4.980000e+06  9.933300e-03  4.990000e+06  8.645600e-03
  5.000000e+06  7.494100e-03  5.010000e+06  6.574400e-03  5.020000e+06  5.714400e-03
  5.030000e+06  4.983500e-03  5.040000e+06  4.670700e-03  5.050000e+06  5.712000e-03
  5.060000e+06  9.961700e-03  5.070000e+06  1.570600e-02  5.080000e+06  1.675900e-02
  5.090000e+06  1.489900e-02  5.100000e+06  1.299700e-02  5.110000e+06  1.191600e-02
  5.120000e+06  1.241800e-02  5.130000e+06  1.361600e-02  5.140000e+06  1.246400e-02
  5.150000e+06  1.084900e-02  5.200000e+06  9.477500e-03  5.400000e+06  8.032500e-03
  5.600000e+06  5.404300e-03  5.800000e+06  4.909400e-03  6.000000e+06  5.429900e-03
  6.200000e+06  3.791800e-03  6.400000e+06  3.127100e-03  6.600000e+06  3.059100e-03
  6.800000e+06  2.215800e-03  7.000000e+06  1.897500e-03  7.200000e+06  1.663900e-03
  7.400000e+06  1.701700e-03  7.600000e+06  1.220700e-03  7.800000e+06  1.099000e-03
  8.000000e+06  1.084800e-03  8.200000e+06  9.945600e-04  8.400000e+06  8.841400e-04
  8.600000e+06  6.389200e-04  8.800000e+06  5.918300e-04  9.000000e+06  5.096900e-04
  9.200000e+06  4.468100e-04  9.400000e+06  4.173100e-04  9.600000e+06  4.302500e-04
  9.800000e+06  4.059700e-04  1.000000e+07  3.453600e-04  1.020000e+07  3.260200e-04
  1.040000e+07  2.700000e-04  1.060000e+07  2.445700e-04  1.080000e+07  2.195800e-04
  1.100000e+07  2.007200e-04  1.120000e+07  1.862400e-04  1.140000e+07  1.717500e-04
  1.160000e+07  1.348100e-04  1.180000e+07  1.245500e-04  1.200000e+07  1.084300e-04
  1.220000e+07  8.866800e-05  1.240000e+07  8.166200e-05  1.260000e+07  7.830400e-05
  1.280000e+07  7.144900e-05  1.300000e+07  6.854300e-05  1.320000e+07  6.372100e-05
  1.340000e+07  5.564600e-05  1.360000e+07  4.900600e-05  1.380000e+07  4.507600e-05
  1.400000e+07  4.004700e-05  1.420000e+07  3.745400e-05  1.440000e+07  3.499800e-05
  1.460000e+07  3.371400e-05  1.480000e+07  2.736100e-05  1.500000e+07  2.445600e-05
             1
             3
            91             0
      -3563760             0           106
  4.356250e+06  0.000000e+00  4.610000e+06  5.604600e-03  4.620000e+06  1.143400e-02
  4.630000e+06  1.697200e-02  4.640000e+06  2.276000e-02  4.650000e+06  2.783800e-02
  4.660000e+06  3.174600e-02  4.670000e+06  3.447600e-02  4.680000e+06  3.626100e-02
  4.690000e+06  3.737300e-02  4.700000e+06  3.812000e-02  4.710000e+06  3.923600e-02
  4.720000e+06  4.357900e-02  4.730000e+06  4.500800e-02  4.740000e+06  4.272800e-02
  4.750000e+06  4.232100e-02  4.760000e+06  4.326500e-02  4.770000e+06  4.546500e-02
  4.780000e+06  4.876100e-02  4.790000e+06  5.225800e-02  4.800000e+06  5.445400e-02
  4.810000e+06  5.821200e-02  4.820000e+06  6.822800e-02  4.830000e+06  7.182000e-02
  4.840000e+06  7.182700e-02  4.850000e+06  8.813800e-02  4.860000e+06  1.358700e-01
  4.870000e+06  1.661100e-01  4.880000e+06  1.512200e-01  4.890000e+06  1.271300e-01
  4.900000e+06  1.117100e-01  4.910000e+06  1.156900e-01  4.920000e+06  1.459000e-01
  4.930000e+06  1.771900e-01  4.940000e+06  1.827400e-01  4.950000e+06  1.723900e-01
  4.960000e+06  1.584000e-01  4.970000e+06  1.449000e-01  4.980000e+06  1.325700e-01
  4.990000e+06  1.211300e-01  5.000000e+06  1.101900e-01  5.010000e+06  9.983500e-02
  5.020000e+06  8.962600e-02  5.030000e+06  8.073600e-02  5.040000e+06  7.816800e-02
  5.050000e+06  9.876600e-02  5.060000e+06  1.779800e-01  5.070000e+06  2.900100e-01
  5.080000e+06  3.198500e-01  5.090000e+06  2.939700e-01  5.100000e+06  2.651800e-01
  5.110000e+06  2.514700e-01  5.120000e+06  2.711100e-01  5.130000e+06  3.076300e-01
  5.140000e+06  2.915100e-01  5.150000e+06  2.627600e-01  5.200000e+06  2.749100e-01
  5.400000e+06  3.509400e-01  5.600000e+06  4.163200e-01  5.800000e+06  4.483200e-01
  6.000000e+06  4.631300e-01  6.200000e+06  4.914300e-01  6.400000e+06  5.071400e-01
  6.600000e+06  5.152900e-01  6.800000e+06  5.285600e-01  7.000000e+06  5.359100e-01
  7.200000e+06  5.417000e-01  7.400000e+06  5.445400e-01  7.600000e+06  5.519100e-01
  7.800000e+06  5.561200e-01  8.000000e+06  5.597600e-01  8.200000e+06  5.623900e-01
  8.400000e+06  5.651700e-01  8.600000e+06  5.691600e-01  8.800000e+06  5.712900e-01
  9.000000e+06  5.737300e-01  9.200000e+06  5.772900e-01  9.400000e+06  5.805300e-01
  9.600000e+06  5.833700e-01  9.800000e+06  5.865500e-01  1.000000e+07  5.758000e-01
  1.020000e+07  5.782200e-01  1.040000e+07  5.706500e-01  1.060000e+07  5.534900e-01
  1.080000e+07  5.339600e-01  1.100000e+07  4.983800e-01  1.120000e+07  4.927100e-01
  1.140000e+07  4.825300e-01  1.160000e+07  4.729500e-01  1.180000e+07  4.648300e-01
  1.200000e+07  4.552300e-01  1.220000e+07  4.499600e-01  1.240000e+07  4.438300e-01
  1.260000e+07  4.387100e-01  1.280000e+07  4.347500e-01  1.300000e+07  4.299400e-01
  1.320000e+07  4.271100e-01  1.340000e+07  4.236200e-01  1.360000e+07  4.205900e-01
  1.380000e+07  4.181100e-01  1.400000e+07  4.151800e-01  1.420000e+07  4.135300e-01
  1.440000e+07  4.114500e-01  1.460000e+07  4.097100e-01  1.480000e+07  4.083700e-01
  1.500000e+07  4.065800e-01
