             1
             3
             4             0
      -1951710             0            55
  2.362900e+06  0.000000e+00  2.500000e+06  3.312000e-04  3.000000e+06  4.234500e-03
  3.068730e+06  5.425110e-03  3.158320e+06  9.016082e-03  3.441500e+06  2.388736e-02
  3.500000e+06  2.736357e-02  4.000000e+06  6.175370e-02  4.212940e+06  7.614559e-02
  4.500000e+06  9.759970e-02  4.707870e+06  1.074929e-01  4.726030e+06  1.088934e-01
  4.764890e+06  1.133457e-01  5.000000e+06  1.473185e-01  5.040320e+06  1.508689e-01
  5.476170e+06  2.027419e-01  5.500000e+06  2.065100e-01  5.957410e+06  2.492248e-01
  6.000000e+06  2.547746e-01  6.067590e+06  2.584490e-01  6.500000e+06  2.916009e-01
  6.623290e+06  2.958397e-01  6.850900e+06  3.100799e-01  7.000000e+06  3.203737e-01
  7.135410e+06  3.243519e-01  7.291580e+06  3.307035e-01  7.500000e+06  3.442427e-01
  7.563990e+06  3.447434e-01  7.591830e+06  3.453290e-01  7.641470e+06  3.468317e-01
  7.773440e+06  3.525764e-01  7.840020e+06  3.569546e-01  7.911450e+06  3.618342e-01
  7.958670e+06  3.659446e-01  8.000000e+06  3.700852e-01  8.065210e+06  3.717168e-01
  8.140270e+06  3.748240e-01  8.491370e+06  3.940270e-01  8.500000e+06  3.947534e-01
  8.537380e+06  3.954183e-01  8.617280e+06  3.980353e-01  8.800090e+06  4.055544e-01
  9.000000e+06  4.256000e-01  9.500000e+06  4.426000e-01  1.000000e+07  4.657003e-01
  1.050000e+07  4.774996e-01  1.100000e+07  4.871312e-01  1.150000e+07  4.941567e-01
  1.200000e+07  4.756097e-01  1.250000e+07  4.379101e-01  1.300000e+07  3.749001e-01
  1.350000e+07  3.321997e-01  1.400000e+07  2.903002e-01  1.450000e+07  2.515996e-01
  1.500000e+07  2.074914e-01
             1
             3
            50             0
      -1951710             0            27
  2.362900e+06  0.000000e+00  2.500000e+06  3.312000e-04  3.000000e+06  4.234500e-03
  3.500000e+06  1.289600e-02  4.000000e+06  2.387800e-02  4.500000e+06  3.614500e-02
  5.000000e+06  4.367100e-02  5.500000e+06  4.706500e-02  6.000000e+06  4.899400e-02
  6.500000e+06  4.889400e-02  7.000000e+06  4.836200e-02  7.500000e+06  4.699100e-02
  8.000000e+06  4.416400e-02  8.500000e+06  3.974200e-02  9.000000e+06  3.555400e-02
  9.500000e+06  3.081000e-02  1.000000e+07  2.558100e-02  1.050000e+07  2.170500e-02
  1.100000e+07  1.870400e-02  1.150000e+07  1.559700e-02  1.200000e+07  1.300600e-02
  1.250000e+07  1.088900e-02  1.300000e+07  8.905600e-03  1.350000e+07  7.591300e-03
  1.400000e+07  6.395400e-03  1.450000e+07  5.255100e-03  1.500000e+07  4.080500e-03
             1
             3
            51             0
      -2534710             0            25
  3.068730e+06  0.000000e+00  3.500000e+06  9.815400e-03  4.000000e+06  2.268700e-02
  4.500000e+06  3.255100e-02  5.000000e+06  3.521000e-02  5.500000e+06  3.227800e-02
  6.000000e+06  2.950100e-02  6.500000e+06  2.680700e-02  7.000000e+06  2.489300e-02
  7.500000e+06  2.306100e-02  8.000000e+06  2.072000e-02  8.500000e+06  1.825400e-02
  9.000000e+06  1.560700e-02  9.500000e+06  1.248800e-02  1.000000e+07  9.213900e-03
  1.050000e+07  7.164800e-03  1.100000e+07  5.842300e-03  1.150000e+07  4.550400e-03
  1.200000e+07  3.571400e-03  1.250000e+07  2.837500e-03  1.300000e+07  2.212100e-03
  1.350000e+07  1.788900e-03  1.400000e+07  1.448600e-03  1.450000e+07  1.152600e-03
  1.500000e+07  8.993500e-04
             1
             3
            52             0
      -2608710             0            25
  3.158320e+06  0.000000e+00  3.500000e+06  4.248100e-03  4.000000e+06  1.011000e-02
  4.500000e+06  1.404400e-02  5.000000e+06  1.471600e-02  5.500000e+06  1.299000e-02
  6.000000e+06  1.148800e-02  6.500000e+06  1.020700e-02  7.000000e+06  9.318200e-03
  7.500000e+06  8.501700e-03  8.000000e+06  7.523700e-03  8.500000e+06  6.555000e-03
  9.000000e+06  5.541100e-03  9.500000e+06  4.341900e-03  1.000000e+07  3.102400e-03
  1.050000e+07  2.350800e-03  1.100000e+07  1.885600e-03  1.150000e+07  1.442600e-03
  1.200000e+07  1.115000e-03  1.250000e+07  8.745900e-04  1.300000e+07  6.740900e-04
  1.350000e+07  5.377100e-04  1.400000e+07  4.312900e-04  1.450000e+07  3.403100e-04
  1.500000e+07  2.661400e-04
             1
             3
            53             0
      -2842610             0            25
  3.441500e+06  0.000000e+00  3.500000e+06  4.040700e-04  4.000000e+06  5.078700e-03
  4.500000e+06  1.280700e-02  5.000000e+06  2.090400e-02  5.500000e+06  2.816300e-02
  6.000000e+06  3.423200e-02  6.500000e+06  3.804400e-02  7.000000e+06  4.068300e-02
  7.500000e+06  4.157100e-02  8.000000e+06  4.065800e-02  8.500000e+06  3.772000e-02
  9.000000e+06  3.676100e-02  9.500000e+06  3.362600e-02  1.000000e+07  2.971500e-02
  1.050000e+07  2.645600e-02  1.100000e+07  2.360700e-02  1.150000e+07  2.040800e-02
  1.200000e+07  1.749900e-02  1.250000e+07  1.494100e-02  1.300000e+07  1.237600e-02
  1.350000e+07  1.065600e-02  1.400000e+07  9.026600e-03  1.450000e+07  7.437300e-03
  1.500000e+07  5.735400e-03
             1
             3
            54             0
      -3479810             0            23
  4.212940e+06  0.000000e+00  4.500000e+06  2.052700e-03  5.000000e+06  6.895300e-03
  5.500000e+06  1.271200e-02  6.000000e+06  1.856800e-02  6.500000e+06  2.361000e-02
  7.000000e+06  2.816000e-02  7.500000e+06  3.088300e-02  8.000000e+06  3.192900e-02
  8.500000e+06  3.074900e-02  9.000000e+06  3.319200e-02  9.500000e+06  3.232700e-02
  1.000000e+07  3.058500e-02  1.050000e+07  2.856500e-02  1.100000e+07  2.634100e-02
  1.150000e+07  2.353600e-02  1.200000e+07  2.071500e-02  1.250000e+07  1.803900e-02
  1.300000e+07  1.516900e-02  1.350000e+07  1.323000e-02  1.400000e+07  1.128900e-02
  1.450000e+07  9.342700e-03  1.500000e+07  7.185200e-03
             1
             3
            55             0
      -3888610             0            22
  4.707870e+06  0.000000e+00  5.000000e+06  8.624900e-03  5.500000e+06  1.675800e-02
  6.000000e+06  1.930700e-02  6.500000e+06  1.918800e-02  7.000000e+06  1.848900e-02
  7.500000e+06  1.741300e-02  8.000000e+06  1.577400e-02  8.500000e+06  1.403800e-02
  9.000000e+06  1.216000e-02  9.500000e+06  9.838100e-03  1.000000e+07  7.292900e-03
  1.050000e+07  5.712100e-03  1.100000e+07  4.695800e-03  1.150000e+07  3.687300e-03
  1.200000e+07  2.922500e-03  1.250000e+07  2.343300e-03  1.300000e+07  1.840900e-03
  1.350000e+07  1.493800e-03  1.400000e+07  1.213200e-03  1.450000e+07  9.678300e-04
  1.500000e+07  7.586100e-04
             1
             3
            56             0
      -3903610             0            22
  4.726030e+06  0.000000e+00  5.000000e+06  1.026200e-02  5.500000e+06  2.208100e-02
  6.000000e+06  2.712300e-02  6.500000e+06  2.783900e-02  7.000000e+06  2.732100e-02
  7.500000e+06  2.616100e-02  8.000000e+06  2.413400e-02  8.500000e+06  2.173700e-02
  9.000000e+06  1.916200e-02  9.500000e+06  1.610500e-02  1.000000e+07  1.269100e-02
  1.050000e+07  1.041600e-02  1.100000e+07  8.812600e-03  1.150000e+07  7.162000e-03
  1.200000e+07  5.847600e-03  1.250000e+07  4.804700e-03  1.300000e+07  3.853400e-03
  1.350000e+07  3.204200e-03  1.400000e+07  2.649800e-03  1.450000e+07  2.148600e-03
  1.500000e+07  1.677600e-03
             1
             3
            57             0
      -3935710             0            22
  4.764890e+06  0.000000e+00  5.000000e+06  7.035300e-03  5.500000e+06  1.929900e-02
  6.000000e+06  2.666600e-02  6.500000e+06  2.936100e-02  7.000000e+06  3.033500e-02
  7.500000e+06  3.025000e-02  8.000000e+06  2.893600e-02  8.500000e+06  2.670200e-02
  9.000000e+06  2.428500e-02  9.500000e+06  2.139800e-02  1.000000e+07  1.799800e-02
  1.050000e+07  1.550700e-02  1.100000e+07  1.355000e-02  1.150000e+07  1.143500e-02
  1.200000e+07  9.667600e-03  1.250000e+07  8.205900e-03  1.300000e+07  6.787300e-03
  1.350000e+07  5.836600e-03  1.400000e+07  4.958700e-03  1.450000e+07  4.109900e-03
  1.500000e+07  3.217300e-03
             1
             3
            58             0
      -4163210             0            21
  5.040320e+06  0.000000e+00  5.500000e+06  1.423200e-02  6.000000e+06  2.117600e-02
  6.500000e+06  2.158200e-02  7.000000e+06  2.045900e-02  7.500000e+06  1.886300e-02
  8.000000e+06  1.704700e-02  8.500000e+06  1.518400e-02  9.000000e+06  1.313300e-02
  9.500000e+06  1.048400e-02  1.000000e+07  7.622400e-03  1.050000e+07  5.903900e-03
  1.100000e+07  4.819400e-03  1.150000e+07  3.742200e-03  1.200000e+07  2.939100e-03
  1.250000e+07  2.340100e-03  1.300000e+07  1.828100e-03  1.350000e+07  1.476000e-03
  1.400000e+07  1.193600e-03  1.450000e+07  9.561500e-04  1.500000e+07  7.471100e-04
             1
             3
            59             0
      -4523210             0            21
  5.476170e+06  0.000000e+00  5.500000e+06  9.319700e-04  6.000000e+06  1.614700e-02
  6.500000e+06  2.377600e-02  7.000000e+06  2.532300e-02  7.500000e+06  2.452100e-02
  8.000000e+06  2.281000e-02  8.500000e+06  2.052600e-02  9.000000e+06  1.798300e-02
  9.500000e+06  1.488300e-02  1.000000e+07  1.141900e-02  1.050000e+07  9.287200e-03
  1.100000e+07  7.908600e-03  1.150000e+07  6.438000e-03  1.200000e+07  5.255300e-03
  1.250000e+07  4.323100e-03  1.300000e+07  3.475400e-03  1.350000e+07  2.888800e-03
  1.400000e+07  2.381700e-03  1.450000e+07  1.932900e-03  1.500000e+07  1.511100e-03
             1
             3
            60             0
      -4920710             0            20
  5.957410e+06  0.000000e+00  6.000000e+06  1.572600e-03  6.500000e+06  1.264800e-02
  7.000000e+06  1.934200e-02  7.500000e+06  2.196400e-02  8.000000e+06  2.202700e-02
  8.500000e+06  2.075200e-02  9.000000e+06  1.903200e-02  9.500000e+06  1.685600e-02
  1.000000e+07  1.420900e-02  1.050000e+07  1.230200e-02  1.100000e+07  1.090400e-02
  1.150000e+07  9.329800e-03  1.200000e+07  7.959900e-03  1.250000e+07  6.810000e-03
  1.300000e+07  5.697300e-03  1.350000e+07  4.958400e-03  1.400000e+07  4.256600e-03
  1.450000e+07  3.567300e-03  1.500000e+07  2.823700e-03
             1
             3
            61             0
      -5011710             0            19
  6.067590e+06  0.000000e+00  6.500000e+06  9.644900e-03  7.000000e+06  1.610600e-02
  7.500000e+06  1.817400e-02  8.000000e+06  1.775500e-02  8.500000e+06  1.636700e-02
  9.000000e+06  1.457300e-02  9.500000e+06  1.227700e-02  1.000000e+07  9.646500e-03
  1.050000e+07  7.942100e-03  1.100000e+07  6.825200e-03  1.150000e+07  5.634400e-03
  1.200000e+07  4.656400e-03  1.250000e+07  3.863500e-03  1.300000e+07  3.134700e-03
  1.350000e+07  2.636800e-03  1.400000e+07  2.201000e-03  1.450000e+07  1.798700e-03
  1.500000e+07  1.417300e-03
             1
             3
            62             0
      -5470710             0            18
  6.623290e+06  0.000000e+00  7.000000e+06  1.061700e-02  7.500000e+06  2.063700e-02
  8.000000e+06  2.359500e-02  8.500000e+06  2.251300e-02  9.000000e+06  2.036700e-02
  9.500000e+06  1.747500e-02  1.000000e+07  1.419000e-02  1.050000e+07  1.209000e-02
  1.100000e+07  1.070900e-02  1.150000e+07  9.270900e-03  1.200000e+07  8.088000e-03
  1.250000e+07  7.041500e-03  1.300000e+07  5.922000e-03  1.350000e+07  5.156700e-03
  1.400000e+07  4.410300e-03  1.450000e+07  3.680600e-03  1.500000e+07  2.874100e-03
             1
             3
            63             0
      -5658710             0            18
  6.850900e+06  0.000000e+00  7.000000e+06  9.654700e-04  7.500000e+06  6.072600e-03
  8.000000e+06  1.006700e-02  8.500000e+06  1.181100e-02  9.000000e+06  1.677900e-02
  9.500000e+06  1.824500e-02  1.000000e+07  1.913800e-02  1.050000e+07  1.954000e-02
  1.100000e+07  1.937700e-02  1.150000e+07  1.847600e-02  1.200000e+07  1.713400e-02
  1.250000e+07  1.555200e-02  1.300000e+07  1.349800e-02  1.350000e+07  1.210300e-02
  1.400000e+07  1.059300e-02  1.450000e+07  8.997200e-03  1.500000e+07  7.030300e-03
             1
             3
            64             0
      -5893710             0            17
  7.135410e+06  0.000000e+00  7.500000e+06  4.116800e-03  8.000000e+06  7.342100e-03
  8.500000e+06  7.988400e-03  9.000000e+06  7.496700e-03  9.500000e+06  6.255400e-03
  1.000000e+07  4.644700e-03  1.050000e+07  3.647100e-03  1.100000e+07  3.057800e-03
  1.150000e+07  2.448800e-03  1.200000e+07  1.982100e-03  1.250000e+07  1.628900e-03
  1.300000e+07  1.309300e-03  1.350000e+07  1.080500e-03  1.400000e+07  8.893500e-04
  1.450000e+07  7.602800e-04  1.500000e+07  5.795300e-04
             1
             3
            65             0
      -6022710             0            17
  7.291580e+06  0.000000e+00  7.500000e+06  5.062600e-03  8.000000e+06  1.367300e-02
  8.500000e+06  1.716500e-02  9.000000e+06  1.811200e-02  9.500000e+06  1.764900e-02
  1.000000e+07  1.626500e-02  1.050000e+07  1.487300e-02  1.100000e+07  1.358100e-02
  1.150000e+07  1.200700e-02  1.200000e+07  1.054200e-02  1.250000e+07  9.247100e-03
  1.300000e+07  7.874400e-03  1.350000e+07  6.948600e-03  1.400000e+07  6.032000e-03
  1.450000e+07  5.145500e-03  1.500000e+07  4.069900e-03
             1
             3
            66             0
      -6247710             0            16
  7.563990e+06  0.000000e+00  8.000000e+06  5.760800e-03  8.500000e+06  9.145400e-03
  9.000000e+06  9.561000e-03  9.500000e+06  8.530100e-03  1.000000e+07  6.777700e-03
  1.050000e+07  5.590800e-03  1.100000e+07  4.818400e-03  1.150000e+07  4.005800e-03
  1.200000e+07  3.358500e-03  1.250000e+07  2.844500e-03  1.300000e+07  2.362600e-03
  1.350000e+07  2.018800e-03  1.400000e+07  1.709600e-03  1.450000e+07  1.422600e-03
  1.500000e+07  1.163000e-03
             1
             3
            67             0
      -6270710             0            16
  7.591830e+06  0.000000e+00  8.000000e+06  3.769500e-03  8.500000e+06  6.158200e-03
  9.000000e+06  6.437700e-03  9.500000e+06  5.589700e-03  1.000000e+07  4.213200e-03
  1.050000e+07  3.325600e-03  1.100000e+07  2.786100e-03  1.150000e+07  2.233300e-03
  1.200000e+07  1.812000e-03  1.250000e+07  1.490700e-03  1.300000e+07  1.206300e-03
  1.350000e+07  1.001700e-03  1.400000e+07  8.307500e-04  1.450000e+07  6.782500e-04
  1.500000e+07  5.551600e-04
             1
             3
            68             0
      -6311710             0            16
  7.641470e+06  0.000000e+00  8.000000e+06  4.753500e-03  8.500000e+06  8.567300e-03
  9.000000e+06  9.234900e-03  9.500000e+06  8.332100e-03  1.000000e+07  6.645800e-03
  1.050000e+07  5.479300e-03  1.100000e+07  4.727000e-03  1.150000e+07  3.929700e-03
  1.200000e+07  3.293500e-03  1.250000e+07  2.793300e-03  1.300000e+07  2.322300e-03
  1.350000e+07  1.987900e-03  1.400000e+07  1.685100e-03  1.450000e+07  1.403100e-03
  1.500000e+07  1.124600e-03
             1
             3
            69             0
      -6420710             0            16
  7.773440e+06  0.000000e+00  8.000000e+06  5.036200e-03  8.500000e+06  1.431400e-02
  9.000000e+06  1.757000e-02  9.500000e+06  1.742400e-02  1.000000e+07  1.556200e-02
  1.050000e+07  1.387100e-02  1.100000e+07  1.253100e-02  1.150000e+07  1.111300e-02
  1.200000e+07  9.906700e-03  1.250000e+07  8.846700e-03  1.300000e+07  7.689300e-03
  1.350000e+07  6.918800e-03  1.400000e+07  6.058200e-03  1.450000e+07  5.165500e-03
  1.500000e+07  4.079000e-03
             1
             3
            70             0
      -6475710             0            16
  7.840020e+06  0.000000e+00  8.000000e+06  4.084300e-04  8.500000e+06  2.250300e-03
  9.000000e+06  6.248100e-03  9.500000e+06  7.921400e-03  1.000000e+07  9.254300e-03
  1.050000e+07  1.036100e-02  1.100000e+07  1.115300e-02  1.150000e+07  1.145000e-02
  1.200000e+07  1.128400e-02  1.250000e+07  1.076500e-02  1.300000e+07  9.769500e-03
  1.350000e+07  9.100900e-03  1.400000e+07  8.191000e-03  1.450000e+07  7.120200e-03
  1.500000e+07  5.645700e-03
             1
             3
            71             0
      -6534710             0            16
  7.911450e+06  0.000000e+00  8.000000e+06  1.659000e-03  8.500000e+06  1.034600e-02
  9.000000e+06  1.372300e-02  9.500000e+06  1.308800e-02  1.000000e+07  1.078100e-02
  1.050000e+07  9.017300e-03  1.100000e+07  7.845000e-03  1.150000e+07  6.694500e-03
  1.200000e+07  5.841700e-03  1.250000e+07  5.152500e-03  1.300000e+07  4.450000e-03
  1.350000e+07  3.979600e-03  1.400000e+07  3.480100e-03  1.450000e+07  2.962500e-03
  1.500000e+07  2.367400e-03
             1
             3
            72             0
      -6573710             0            16
  7.958670e+06  0.000000e+00  8.000000e+06  5.429800e-04  8.500000e+06  4.010900e-03
  9.000000e+06  5.367200e-03  9.500000e+06  4.995600e-03  1.000000e+07  3.859600e-03
  1.050000e+07  3.073100e-03  1.100000e+07  2.586300e-03  1.150000e+07  2.069800e-03
  1.200000e+07  1.682600e-03  1.250000e+07  1.388100e-03  1.300000e+07  1.125400e-03
  1.350000e+07  9.401500e-04  1.400000e+07  7.840800e-04  1.450000e+07  6.417000e-04
  1.500000e+07  5.169700e-04
             1
             3
            73             0
      -6661710             0            15
  8.065210e+06  0.000000e+00  8.500000e+06  7.119900e-03  9.000000e+06  1.290200e-02
  9.500000e+06  1.547700e-02  1.000000e+07  1.630700e-02  1.050000e+07  1.619200e-02
  1.100000e+07  1.555000e-02  1.150000e+07  1.436400e-02  1.200000e+07  1.304300e-02
  1.250000e+07  1.169500e-02  1.300000e+07  1.011800e-02  1.350000e+07  9.081100e-03
  1.400000e+07  7.955500e-03  1.450000e+07  6.776300e-03  1.500000e+07  5.314900e-03
             1
             3
            74             0
      -6723710             0            15
  8.140270e+06  0.000000e+00  8.500000e+06  4.783600e-03  9.000000e+06  8.618900e-03
  9.500000e+06  9.291800e-03  1.000000e+07  8.354800e-03  1.050000e+07  7.381800e-03
  1.100000e+07  6.596600e-03  1.150000e+07  5.663400e-03  1.200000e+07  4.919400e-03
  1.250000e+07  4.301100e-03  1.300000e+07  3.691700e-03  1.350000e+07  3.310500e-03
  1.400000e+07  2.919400e-03  1.450000e+07  2.521100e-03  1.500000e+07  2.051100e-03
             1
             3
            75             0
      -7013710             0            15
  8.491370e+06  0.000000e+00  8.500000e+06  2.543600e-04  9.000000e+06  4.247500e-03
  9.500000e+06  5.692900e-03  1.000000e+07  5.093400e-03  1.050000e+07  4.368500e-03
  1.100000e+07  3.814000e-03  1.150000e+07  3.169400e-03  1.200000e+07  2.657900e-03
  1.250000e+07  2.270300e-03  1.300000e+07  1.899500e-03  1.350000e+07  1.645600e-03
  1.400000e+07  1.419800e-03  1.450000e+07  1.207600e-03  1.500000e+07  9.786300e-04
             1
             3
            76             0
      -7051710             0            14
  8.537380e+06  0.000000e+00  9.000000e+06  6.922200e-03  9.500000e+06  1.091800e-02
  1.000000e+07  1.170600e-02  1.050000e+07  1.130700e-02  1.100000e+07  1.052300e-02
  1.150000e+07  9.369500e-03  1.200000e+07  8.265200e-03  1.250000e+07  7.299300e-03
  1.300000e+07  6.265600e-03  1.350000e+07  5.611600e-03  1.400000e+07  4.952600e-03
  1.450000e+07  4.301600e-03  1.500000e+07  3.440700e-03
             1
             3
            77             0
      -7117710             0            14
  8.617280e+06  0.000000e+00  9.000000e+06  3.206500e-03  9.500000e+06  5.145500e-03
  1.000000e+07  4.815700e-03  1.050000e+07  4.195200e-03  1.100000e+07  3.692500e-03
  1.150000e+07  3.068900e-03  1.200000e+07  2.572300e-03  1.250000e+07  2.197400e-03
  1.300000e+07  1.841300e-03  1.350000e+07  1.595700e-03  1.400000e+07  1.379900e-03
  1.450000e+07  1.171200e-03  1.500000e+07  9.561100e-04
             1
             3
            91             0
      -7268710             0            14
  8.800090e+06  0.000000e+00  9.000000e+06  1.182320e-02  9.500000e+06  5.513550e-02
  1.000000e+07  1.290160e-01  1.050000e+07  1.798750e-01  1.100000e+07  2.198880e-01
  1.150000e+07  2.618600e-01  1.200000e+07  2.740720e-01  1.250000e+07  2.631250e-01
  1.300000e+07  2.276010e-01  1.350000e+07  2.034200e-01  1.400000e+07  1.795640e-01
  1.450000e+07  1.586350e-01  1.500000e+07  1.344250e-01
