             5             3
            22
             0
            30
  9.432780e+06  0.000000e+00  1.220000e+07  5.267000e-10  1.230000e+07  3.711400e-09
  1.240000e+07  2.631000e-08  1.250000e+07  1.865500e-07  1.260000e+07  2.730000e-07
  1.270000e+07  3.999400e-07  1.280000e+07  5.879900e-07  1.290000e+07  8.671800e-07
  1.300000e+07  1.283500e-06  1.310000e+07  2.608300e-06  1.320000e+07  5.315100e-06
  1.330000e+07  1.086100e-05  1.340000e+07  2.211900e-05  1.350000e+07  4.475800e-05
  1.360000e+07  5.161100e-05  1.370000e+07  5.921700e-05  1.380000e+07  6.781700e-05
  1.390000e+07  7.786300e-05  1.400000e+07  8.962200e-05  1.410000e+07  1.247900e-04
  1.420000e+07  1.740900e-04  1.430000e+07  2.432700e-04  1.440000e+07  3.402000e-04
  1.450000e+07  4.759900e-04  1.460000e+07  5.081900e-04  1.470000e+07  5.426800e-04
  1.480000e+07  5.796000e-04  1.490000e+07  6.188100e-04  1.500000e+07  6.606700e-04
            22
             6
  5.963450e+00             3             1
  1.000000e+00  1.000000e+00             0             1
 -5.663890e+06 -5.663890e+06             2
             1
             2             2
  9.432780e+06  1.000000e+00  1.500000e+07  1.000000e+00
          3006             2             2            13
             1
            13            22
  9.432780e+06             3             0             2
  0.000000e+00  0.000000e+00  0.000000e+00
  5.000000e-01  2.000000e+00  0.000000e+00
  1.000000e+00  0.000000e+00  0.000000e+00
  9.500000e+06            10             0             2
  0.000000e+00  0.000000e+00  0.000000e+00
  1.233500e+03  2.776640e-05  0.000000e+00
  3.700500e+03  7.011880e-05  0.000000e+00
  6.168500e+03  9.361950e-05  0.000000e+00
  8.635500e+03  9.130970e-05  0.000000e+00
  1.110650e+04  6.973540e-05  0.000000e+00
  1.356650e+04  4.075030e-05  0.000000e+00
  1.603650e+04  1.616840e-05  0.000000e+00
  1.850650e+04  2.774670e-06  0.000000e+00
  2.096650e+04  0.000000e+00  0.000000e+00
  1.000000e+07            10             0             2
  0.000000e+00  0.000000e+00  0.000000e+00
  1.021000e+04  3.354990e-06  0.000000e+00
  3.064000e+04  8.470530e-06  0.000000e+00
  5.106000e+04  1.131440e-05  0.000000e+00
  7.149000e+04  1.102930e-05  0.000000e+00
  9.189000e+04  8.424330e-06  0.000000e+00
  1.122900e+05  4.923860e-06  0.000000e+00
  1.327900e+05  1.953220e-06  0.000000e+00
  1.531900e+05  3.353020e-07  0.000000e+00
  1.735900e+05  0.000000e+00  0.000000e+00
  1.050000e+07            10             0             2
  0.000000e+00  0.000000e+00  0.000000e+00
  1.919000e+04  1.784930e-06  0.000000e+00
  5.757000e+04  4.506550e-06  0.000000e+00
  9.591000e+04  6.018240e-06  0.000000e+00
  1.343100e+05  5.869820e-06  0.000000e+00
  1.727100e+05  4.481980e-06  0.000000e+00
  2.111100e+05  2.619400e-06  0.000000e+00
  2.495100e+05  1.038910e-06  0.000000e+00
  2.879100e+05  1.783950e-07  0.000000e+00
  3.262100e+05  0.000000e+00  0.000000e+00
  1.100000e+07            10             0             2
  0.000000e+00  0.000000e+00  0.000000e+00
  2.817000e+04  1.215920e-06  0.000000e+00
  8.453000e+04  3.070770e-06  0.000000e+00
  1.408300e+05  4.099930e-06  0.000000e+00
  1.972300e+05  3.998690e-06  0.000000e+00
  2.535300e+05  3.054060e-06  0.000000e+00
  3.098300e+05  1.785060e-06  0.000000e+00
  3.662300e+05  7.080270e-07  0.000000e+00
  4.225300e+05  1.214940e-07  0.000000e+00
  4.789300e+05  0.000000e+00  0.000000e+00
  1.150000e+07            10             0             2
  0.000000e+00  0.000000e+00  0.000000e+00
  3.715000e+04  9.220290e-07  0.000000e+00
  1.114500e+05  2.328420e-06  0.000000e+00
  1.857500e+05  3.108810e-06  0.000000e+00
  2.600500e+05  3.032150e-06  0.000000e+00
  3.343500e+05  2.315640e-06  0.000000e+00
  4.086500e+05  1.353410e-06  0.000000e+00
  4.829500e+05  5.368430e-07  0.000000e+00
  5.572500e+05  9.215380e-08  0.000000e+00
  6.315500e+05  0.000000e+00  0.000000e+00
  1.200000e+07            10             0             2
  0.000000e+00  0.000000e+00  0.000000e+00
  4.612500e+04  7.426580e-07  0.000000e+00
  1.383750e+05  1.875570e-06  0.000000e+00
  2.306750e+05  2.503710e-06  0.000000e+00
  3.228750e+05  2.441780e-06  0.000000e+00
  4.151750e+05  1.864760e-06  0.000000e+00
  5.073750e+05  1.090150e-06  0.000000e+00
  5.996750e+05  4.324230e-07  0.000000e+00
  6.918750e+05  7.422650e-08  0.000000e+00
  7.841750e+05  0.000000e+00  0.000000e+00
  1.250000e+07            10             0             2
  0.000000e+00  0.000000e+00  0.000000e+00
  5.510000e+04  6.215660e-07  0.000000e+00
  1.653000e+05  1.569640e-06  0.000000e+00
  2.755000e+05  2.095480e-06  0.000000e+00
  3.857000e+05  2.044370e-06  0.000000e+00
  4.960000e+05  1.560800e-06  0.000000e+00
  6.062000e+05  9.122990e-07  0.000000e+00
  7.164000e+05  3.618920e-07  0.000000e+00
  8.266000e+05  6.212720e-08  0.000000e+00
  9.368000e+05  0.000000e+00  0.000000e+00
  1.300000e+07            10             0             2
  0.000000e+00  0.000000e+00  0.000000e+00
  6.410000e+04  5.345280e-07  0.000000e+00
  1.922000e+05  1.349590e-06  0.000000e+00
  3.204000e+05  1.802730e-06  0.000000e+00
  4.486000e+05  1.757510e-06  0.000000e+00
  5.767000e+05  1.342710e-06  0.000000e+00
  7.049000e+05  7.845910e-07  0.000000e+00
  8.331000e+05  3.112020e-07  0.000000e+00
  9.609000e+05  5.342330e-08  0.000000e+00
  1.089900e+06  0.000000e+00  0.000000e+00
  1.350000e+07            10             0             2
  0.000000e+00  0.000000e+00  0.000000e+00
  7.305000e+04  4.689140e-07  0.000000e+00
  2.192500e+05  1.183590e-06  0.000000e+00
  3.653500e+05  1.580740e-06  0.000000e+00
  5.114500e+05  1.541420e-06  0.000000e+00
  6.575500e+05  1.177690e-06  0.000000e+00
  8.037500e+05  6.882320e-07  0.000000e+00
  9.499500e+05  2.729930e-07  0.000000e+00
  1.095950e+06  4.686190e-08  0.000000e+00
  1.241950e+06  0.000000e+00  0.000000e+00
  1.400000e+07            10             0             2
  0.000000e+00  0.000000e+00  0.000000e+00
  8.205000e+04  4.174630e-07  0.000000e+00
  2.461500e+05  1.054470e-06  0.000000e+00
  4.102500e+05  1.407270e-06  0.000000e+00
  5.742500e+05  1.372870e-06  0.000000e+00
  7.383500e+05  1.048570e-06  0.000000e+00
  9.024500e+05  6.127310e-07  0.000000e+00
  1.066950e+06  2.430290e-07  0.000000e+00
  1.230950e+06  4.171680e-08  0.000000e+00
  1.394950e+06  0.000000e+00  0.000000e+00
  1.450000e+07            10             0             2
  0.000000e+00  0.000000e+00  0.000000e+00
  9.100000e+04  3.764340e-07  0.000000e+00
  2.731000e+05  9.504750e-07  0.000000e+00
  4.551000e+05  1.269200e-06  0.000000e+00
  6.372000e+05  1.237740e-06  0.000000e+00
  8.192000e+05  9.452640e-07  0.000000e+00
  1.001000e+06  5.525100e-07  0.000000e+00
  1.183000e+06  2.191360e-07  0.000000e+00
  1.365000e+06  3.762380e-08  0.000000e+00
  1.547000e+06  0.000000e+00  0.000000e+00
  1.500000e+07            10             0             2
  0.000000e+00  0.000000e+00  0.000000e+00
  1.000000e+05  3.425530e-07  0.000000e+00
  3.000000e+05  8.649830e-07  0.000000e+00
  5.000000e+05  1.154950e-06  0.000000e+00
  7.000000e+05  1.126440e-06  0.000000e+00
  9.000000e+05  8.602650e-07  0.000000e+00
  1.100000e+06  5.027710e-07  0.000000e+00
  1.300000e+06  1.994380e-07  0.000000e+00
  1.500000e+06  3.423560e-08  0.000000e+00
  1.700000e+06  0.000000e+00  0.000000e+00
