             5             3
            22
             0
            23
  1.138600e+07  0.000000e+00  1.378000e+07  1.628200e-10  1.384000e+07  6.818700e-10
  1.390000e+07  2.805800e-09  1.396000e+07  1.129600e-08  1.402000e+07  4.135700e-08
  1.408000e+07  1.285600e-07  1.414000e+07  4.020300e-07  1.420000e+07  1.267700e-06
  1.426000e+07  4.029300e-06  1.432000e+07  1.289300e-05  1.438000e+07  4.148900e-05
  1.444000e+07  1.341400e-04  1.450000e+07  4.351800e-04  1.456000e+07  5.234000e-04
  1.462000e+07  6.347600e-04  1.468000e+07  7.746700e-04  1.474000e+07  9.374300e-04
  1.480000e+07  1.106700e-03  1.486000e+07  1.292700e-03  1.492000e+07  1.524400e-03
  1.498000e+07  1.843200e-03  1.500000e+07  2.047400e-03
            22
             6
  6.955730e+00             3             1
  1.000000e+00  1.000000e+00             0             1
 -7.249960e+06 -7.249960e+06             2
             1
             2             2
  1.138600e+07  1.000000e+00  1.500000e+07  1.000000e+00
          3007             2             2             9
             1
             9            22
  1.138600e+07             3             0             2
  0.000000e+00  0.000000e+00  0.000000e+00
  5.000000e-01  2.000000e+00  0.000000e+00
  1.000000e+00  0.000000e+00  0.000000e+00
  1.150000e+07             6             0             2
  0.000000e+00  0.000000e+00  0.000000e+00
  3.109500e+03  5.417270e-05  0.000000e+00
  9.330500e+03  7.640210e-05  0.000000e+00
  1.555050e+04  3.871830e-05  0.000000e+00
  2.177050e+04  5.013510e-06  0.000000e+00
  2.799050e+04  0.000000e+00  0.000000e+00
  1.200000e+07             6             0             2
  0.000000e+00  0.000000e+00  0.000000e+00
  1.695000e+04  9.936480e-06  0.000000e+00
  5.085000e+04  1.402100e-05  0.000000e+00
  8.475000e+04  7.104810e-06  0.000000e+00
  1.186500e+05  9.203840e-07  0.000000e+00
  1.525500e+05  0.000000e+00  0.000000e+00
  1.250000e+07             6             0             2
  0.000000e+00  0.000000e+00  0.000000e+00
  3.079500e+04  5.471280e-06  0.000000e+00
  9.240500e+04  7.716560e-06  0.000000e+00
  1.540050e+05  3.910020e-06  0.000000e+00
  2.155050e+05  5.064710e-07  0.000000e+00
  2.771050e+05  0.000000e+00  0.000000e+00
  1.300000e+07             6             0             2
  0.000000e+00  0.000000e+00  0.000000e+00
  4.463500e+04  3.774690e-06  0.000000e+00
  1.338650e+05  5.324130e-06  0.000000e+00
  2.231650e+05  2.697780e-06  0.000000e+00
  3.124650e+05  3.493560e-07  0.000000e+00
  4.016650e+05  0.000000e+00  0.000000e+00
  1.350000e+07             6             0             2
  0.000000e+00  0.000000e+00  0.000000e+00
  5.850000e+04  2.881620e-06  0.000000e+00
  1.754000e+05  4.063760e-06  0.000000e+00
  2.924000e+05  2.059350e-06  0.000000e+00
  4.093000e+05  2.666440e-07  0.000000e+00
  5.263000e+05  0.000000e+00  0.000000e+00
  1.400000e+07             6             0             2
  0.000000e+00  0.000000e+00  0.000000e+00
  7.230000e+04  2.329720e-06  0.000000e+00
  2.170000e+05  3.285790e-06  0.000000e+00
  3.616000e+05  1.664870e-06  0.000000e+00
  5.062000e+05  2.156640e-07  0.000000e+00
  6.509000e+05  0.000000e+00  0.000000e+00
  1.450000e+07             6             0             2
  0.000000e+00  0.000000e+00  0.000000e+00
  8.615000e+04  1.955660e-06  0.000000e+00
  2.584500e+05  2.757700e-06  0.000000e+00
  4.308500e+05  1.397160e-06  0.000000e+00
  6.031500e+05  1.810090e-07  0.000000e+00
  7.754500e+05  0.000000e+00  0.000000e+00
  1.500000e+07             6             0             2
  0.000000e+00  0.000000e+00  0.000000e+00
  1.000000e+05  1.684890e-06  0.000000e+00
  3.000000e+05  2.376240e-06  0.000000e+00
  5.000000e+05  1.204150e-06  0.000000e+00
  7.000000e+05  1.559440e-07  0.000000e+00
  9.000000e+05  0.000000e+00  0.000000e+00
