             5             3
            22
             0
           199
  2.405060e+06  0.000000e+00  4.640000e+06  3.186600e-04  4.660000e+06  1.912000e-03
  4.680000e+06  3.505300e-03  4.700000e+06  5.098500e-03  4.720000e+06  6.691800e-03
  4.740000e+06  8.285100e-03  4.760000e+06  9.878400e-03  4.780000e+06  1.147200e-02
  4.800000e+06  1.306500e-02  4.820000e+06  1.465800e-02  4.840000e+06  1.625200e-02
  4.860000e+06  1.784500e-02  4.880000e+06  1.943800e-02  4.900000e+06  2.103200e-02
  4.920000e+06  2.262500e-02  4.940000e+06  2.421800e-02  4.960000e+06  2.581100e-02
  4.980000e+06  2.740500e-02  5.000000e+06  2.899800e-02  5.020000e+06  3.061200e-02
  5.040000e+06  3.222600e-02  5.060000e+06  3.383900e-02  5.080000e+06  3.545300e-02
  5.100000e+06  3.706700e-02  5.120000e+06  3.868100e-02  5.140000e+06  4.029500e-02
  5.160000e+06  4.190800e-02  5.180000e+06  4.352200e-02  5.200000e+06  4.513600e-02
  5.220000e+06  4.754000e-02  5.240000e+06  4.994400e-02  5.260000e+06  5.234800e-02
  5.280000e+06  5.475200e-02  5.300000e+06  5.715500e-02  5.320000e+06  5.955900e-02
  5.340000e+06  6.196300e-02  5.360000e+06  6.436700e-02  5.380000e+06  6.677100e-02
  5.400000e+06  6.917500e-02  5.420000e+06  7.244500e-02  5.440000e+06  7.571600e-02
  5.460000e+06  7.898600e-02  5.480000e+06  8.225700e-02  5.500000e+06  8.552700e-02
  5.520000e+06  8.879800e-02  5.540000e+06  9.206900e-02  5.560000e+06  9.533900e-02
  5.580000e+06  9.860900e-02  5.600000e+06  1.018800e-01  5.620000e+06  1.069900e-01
  5.640000e+06  1.121000e-01  5.660000e+06  1.172200e-01  5.680000e+06  1.223300e-01
  5.700000e+06  1.274400e-01  5.720000e+06  1.325500e-01  5.740000e+06  1.376600e-01
  5.760000e+06  1.427800e-01  5.780000e+06  1.478900e-01  5.800000e+06  1.530000e-01
  5.820000e+06  1.568000e-01  5.840000e+06  1.606000e-01  5.860000e+06  1.644000e-01
  5.880000e+06  1.682000e-01  5.900000e+06  1.720000e-01  5.920000e+06  1.758000e-01
  5.940000e+06  1.796000e-01  5.960000e+06  1.834000e-01  5.980000e+06  1.872000e-01
  6.000000e+06  1.910000e-01  6.020000e+06  1.949200e-01  6.040000e+06  1.988500e-01
  6.060000e+06  2.027800e-01  6.080000e+06  2.067000e-01  6.100000e+06  2.106200e-01
  6.120000e+06  2.145500e-01  6.140000e+06  2.184700e-01  6.160000e+06  2.224000e-01
  6.180000e+06  2.263300e-01  6.200000e+06  2.302500e-01  6.220000e+06  2.344900e-01
  6.240000e+06  2.387400e-01  6.260000e+06  2.429800e-01  6.280000e+06  2.472300e-01
  6.300000e+06  2.514700e-01  6.320000e+06  2.557100e-01  6.340000e+06  2.599600e-01
  6.360000e+06  2.642000e-01  6.380000e+06  2.684500e-01  6.400000e+06  2.726900e-01
  6.420000e+06  2.754200e-01  6.440000e+06  2.781500e-01  6.460000e+06  2.808800e-01
  6.480000e+06  2.836100e-01  6.500000e+06  2.863500e-01  6.520000e+06  2.890800e-01
  6.540000e+06  2.918100e-01  6.560000e+06  2.945400e-01  6.580000e+06  2.972700e-01
  6.600000e+06  3.000000e-01  6.620000e+06  3.030000e-01  6.640000e+06  3.060000e-01
  6.660000e+06  3.090000e-01  6.680000e+06  3.120000e-01  6.700000e+06  3.150000e-01
  6.720000e+06  3.180000e-01  6.740000e+06  3.210000e-01  6.760000e+06  3.240000e-01
  6.780000e+06  3.270000e-01  6.800000e+06  3.300000e-01  6.820000e+06  3.317200e-01
  6.840000e+06  3.334500e-01  6.860000e+06  3.351700e-01  6.880000e+06  3.368900e-01
  6.900000e+06  3.386200e-01  6.920000e+06  3.403400e-01  6.940000e+06  3.420600e-01
  6.960000e+06  3.437800e-01  6.980000e+06  3.455100e-01  7.000000e+06  3.472300e-01
  7.020000e+06  3.498900e-01  7.040000e+06  3.525600e-01  7.060000e+06  3.552200e-01
  7.080000e+06  3.578900e-01  7.100000e+06  3.605500e-01  7.120000e+06  3.632100e-01
  7.140000e+06  3.658800e-01  7.160000e+06  3.685400e-01  7.180000e+06  3.712100e-01
  7.200000e+06  3.738700e-01  7.220000e+06  3.763100e-01  7.240000e+06  3.787500e-01
  7.260000e+06  3.811900e-01  7.280000e+06  3.836300e-01  7.300000e+06  3.860700e-01
  7.320000e+06  3.885200e-01  7.340000e+06  3.909600e-01  7.360000e+06  3.934000e-01
  7.380000e+06  3.958400e-01  7.400000e+06  3.982800e-01  7.420000e+06  4.005200e-01
  7.440000e+06  4.027600e-01  7.460000e+06  4.049900e-01  7.480000e+06  4.072300e-01
  7.500000e+06  4.094700e-01  7.520000e+06  4.117100e-01  7.540000e+06  4.139500e-01
  7.560000e+06  4.161800e-01  7.580000e+06  4.184200e-01  7.600000e+06  4.206600e-01
  7.620000e+06  4.227100e-01  7.640000e+06  4.247600e-01  7.660000e+06  4.268100e-01
  7.680000e+06  4.288600e-01  7.700000e+06  4.309100e-01  7.720000e+06  4.329700e-01
  7.740000e+06  4.350200e-01  7.760000e+06  4.370700e-01  7.780000e+06  4.391200e-01
  7.800000e+06  4.411700e-01  7.820000e+06  4.430500e-01  7.840000e+06  4.449300e-01
  7.860000e+06  4.468100e-01  8.000000e+06  4.599600e-01  8.200000e+06  4.801900e-01
  8.400000e+06  5.029800e-01  8.600000e+06  5.174500e-01  8.800000e+06  5.340000e-01
  9.000000e+06  5.440000e-01  9.200000e+06  5.480000e-01  9.400000e+06  5.582100e-01
  9.600000e+06  5.655700e-01  9.800000e+06  5.721400e-01  1.000000e+07  5.800000e-01
  1.020000e+07  5.872000e-01  1.040000e+07  5.938000e-01  1.060000e+07  5.997400e-01
  1.080000e+07  6.050900e-01  1.100000e+07  6.100000e-01  1.120000e+07  6.145900e-01
  1.140000e+07  6.188900e-01  1.160000e+07  6.228900e-01  1.180000e+07  6.265900e-01
  1.200000e+07  6.300000e-01  1.220000e+07  6.331200e-01  1.240000e+07  6.359600e-01
  1.260000e+07  6.385500e-01  1.280000e+07  6.408800e-01  1.300000e+07  6.430000e-01
  1.320000e+07  6.448800e-01  1.340000e+07  6.465800e-01  1.360000e+07  6.481500e-01
  1.380000e+07  6.496100e-01  1.400000e+07  6.510000e-01  1.420000e+07  6.523800e-01
  1.440000e+07  6.537000e-01  1.460000e+07  6.549300e-01  1.480000e+07  6.560400e-01
  1.500000e+07  6.570000e-01
            22
             6
  8.934760e+00             3             1
  1.000000e+00  1.000000e+00             0             1
 -1.665400e+06 -1.665400e+06             2
             1
             2             2
  2.405060e+06  1.000000e+00  1.500000e+07  1.000000e+00
          4009             2             2            27
             1
            27            22
  2.405060e+06             3             0             2
  0.000000e+00  0.000000e+00  0.000000e+00
  5.000000e-01  2.000000e+00  0.000000e+00
  1.000000e+00  0.000000e+00  0.000000e+00
  2.500000e+06            39             0             2
  0.000000e+00  0.000000e+00  1.216000e-02
  1.769200e+03  1.268080e-06  1.216000e-02
  3.538400e+03  4.542800e-06  1.281000e-02
  5.307600e+03  9.231330e-06  1.354000e-02
  7.076800e+03  1.486030e-05  1.435000e-02
  8.846000e+03  2.066480e-05  1.525000e-02
  1.061500e+04  2.250470e-05  1.623000e-02
  1.238400e+04  2.384920e-05  1.730000e-02
  1.415400e+04  2.478620e-05  1.845000e-02
  1.592300e+04  2.539550e-05  1.966000e-02
  1.769200e+04  2.575710e-05  2.092000e-02
  1.946100e+04  2.596080e-05  2.221000e-02
  2.123000e+04  2.603980e-05  2.350000e-02
  2.300000e+04  2.603980e-05  2.426000e-02
  2.476900e+04  2.599480e-05  2.454000e-02
  2.653800e+04  2.591490e-05  2.468000e-02
  2.830700e+04  2.574610e-05  2.472000e-02
  3.007600e+04  2.546340e-05  2.473000e-02
  3.184500e+04  2.501190e-05  2.472000e-02
  3.361500e+04  2.440260e-05  2.472000e-02
  3.538400e+04  2.361150e-05  2.475000e-02
  3.715300e+04  2.261760e-05  2.482000e-02
  3.892200e+04  2.142090e-05  2.499000e-02
  4.069100e+04  1.999850e-05  2.587000e-02
  4.246100e+04  1.831540e-05  2.713000e-02
  4.423000e+04  1.632870e-05  2.900000e-02
  4.599900e+04  1.400230e-05  3.195000e-02
  4.776800e+04  1.131430e-05  3.705000e-02
  4.953700e+04  8.201490e-06  4.734000e-02
  5.130700e+04  4.617310e-06  7.688000e-02
  5.307600e+04  3.193410e-07  1.000000e+00
  5.484500e+04  2.815140e-07  1.000000e+00
  5.661400e+04  2.413090e-07  1.000000e+00
  5.838300e+04  1.989670e-07  1.000000e+00
  6.015300e+04  1.543670e-07  1.000000e+00
  6.192200e+04  1.076690e-07  1.000000e+00
  6.369100e+04  5.887690e-08  1.000000e+00
  6.546000e+04  8.007210e-09  1.000000e+00
  6.611460e+04  0.000000e+00  1.000000e+00
  3.000000e+06            40             0             2
  0.000000e+00  0.000000e+00  9.041000e-03
  1.059300e+04  1.993470e-07  9.041000e-03
  2.118600e+04  7.170530e-07  9.494000e-03
  3.177800e+04  1.462440e-06  1.000000e-02
  4.237100e+04  2.363170e-06  1.056000e-02
  5.296400e+04  3.296770e-06  1.119000e-02
  6.355700e+04  3.600350e-06  1.188000e-02
  7.415000e+04  3.822910e-06  1.264000e-02
  8.474200e+04  3.977540e-06  1.346000e-02
  9.533500e+04  4.075640e-06  1.435000e-02
  1.059300e+05  4.128480e-06  1.530000e-02
  1.165200e+05  4.147360e-06  1.629000e-02
  1.271100e+05  4.141670e-06  1.732000e-02
  1.377100e+05  4.122790e-06  1.837000e-02
  1.483000e+05  4.094520e-06  1.941000e-02
  1.588900e+05  4.058660e-06  1.981000e-02
  1.694800e+05  4.021000e-06  2.000000e-02
  1.800800e+05  3.979440e-06  2.010000e-02
  1.906700e+05  3.926700e-06  2.013000e-02
  2.012600e+05  3.854980e-06  2.014000e-02
  2.118600e+05  3.762570e-06  2.016000e-02
  2.224500e+05  3.643800e-06  2.018000e-02
  2.330400e+05  3.502250e-06  2.022000e-02
  2.436300e+05  3.332530e-06  2.032000e-02
  2.542300e+05  3.132650e-06  2.063000e-02
  2.648200e+05  2.898800e-06  2.145000e-02
  2.754100e+05  2.627190e-06  2.262000e-02
  2.860100e+05  2.312230e-06  2.439000e-02
  2.966000e+05  1.950110e-06  2.722000e-02
  3.071900e+05  1.532960e-06  3.227000e-02
  3.177800e+05  1.055770e-06  4.318000e-02
  3.283800e+05  5.109130e-07  8.112000e-02
  3.389700e+05  3.704140e-08  1.000000e+00
  3.495600e+05  3.238240e-08  1.000000e+00
  3.601500e+05  2.747860e-08  1.000000e+00
  3.707500e+05  2.231110e-08  1.000000e+00
  3.813400e+05  1.691590e-08  1.000000e+00
  3.919300e+05  1.127290e-08  1.000000e+00
  4.025300e+05  5.393930e-09  1.000000e+00
  4.065550e+05  0.000000e+00  1.000000e+00
  3.500000e+06            42             0             2
  0.000000e+00  0.000000e+00  6.896000e-03
  1.866400e+04  1.067130e-07  6.896000e-03
  3.732900e+04  3.850430e-07  7.218000e-03
  5.599300e+04  7.879690e-07  7.578000e-03
  7.465700e+04  1.278120e-06  7.978000e-03
  9.332200e+04  1.788700e-06  8.423000e-03
  1.119900e+05  1.960030e-06  8.916000e-03
  1.306500e+05  2.087400e-06  9.459000e-03
  1.493100e+05  2.177310e-06  1.006000e-02
  1.679800e+05  2.234060e-06  1.071000e-02
  1.866400e+05  2.264030e-06  1.141000e-02
  2.053100e+05  2.272620e-06  1.216000e-02
  2.239700e+05  2.265130e-06  1.296000e-02
  2.426400e+05  2.246940e-06  1.379000e-02
  2.613000e+05  2.221170e-06  1.464000e-02
  2.799700e+05  2.191200e-06  1.551000e-02
  2.986300e+05  2.161230e-06  1.629000e-02
  3.172900e+05  2.129160e-06  1.651000e-02
  3.359600e+05  2.096990e-06  1.665000e-02
  3.546200e+05  2.063830e-06  1.672000e-02
  3.732900e+05  2.024270e-06  1.675000e-02
  3.919500e+05  1.975020e-06  1.677000e-02
  4.106200e+05  1.916180e-06  1.679000e-02
  4.292800e+05  1.844450e-06  1.683000e-02
  4.479400e+05  1.761930e-06  1.689000e-02
  4.666100e+05  1.665630e-06  1.700000e-02
  4.852700e+05  1.553240e-06  1.741000e-02
  5.039400e+05  1.425870e-06  1.819000e-02
  5.226000e+05  1.279220e-06  1.930000e-02
  5.412700e+05  1.111180e-06  2.100000e-02
  5.599300e+05  9.192070e-07  2.379000e-02
  5.786000e+05  7.008360e-07  2.895000e-02
  5.972600e+05  4.528050e-07  4.110000e-02
  6.159200e+05  1.715980e-07  9.807000e-02
  6.345900e+05  1.493300e-08  1.000000e+00
  6.532500e+05  1.295300e-08  1.000000e+00
  6.719200e+05  1.086510e-08  1.000000e+00
  6.905800e+05  8.679280e-09  1.000000e+00
  7.092500e+05  6.400270e-09  1.000000e+00
  7.279100e+05  4.027060e-09  1.000000e+00
  7.465700e+05  1.561830e-09  1.000000e+00
  7.540360e+05  0.000000e+00  1.000000e+00
  4.000000e+06            44             0             2
  0.000000e+00  0.000000e+00  5.559000e-03
  2.607600e+04  7.209170e-08  5.559000e-03
  5.215200e+04  2.609230e-07  5.858000e-03
  7.822800e+04  5.357820e-07  6.155000e-03
  1.043000e+05  8.720330e-07  6.460000e-03
  1.303800e+05  1.224540e-06  6.798000e-03
  1.564600e+05  1.346320e-06  7.173000e-03
  1.825300e+05  1.438340e-06  7.587000e-03
  2.086100e+05  1.504170e-06  8.043000e-03
  2.346800e+05  1.547930e-06  8.544000e-03
  2.607600e+05  1.571610e-06  9.090000e-03
  2.868400e+05  1.579300e-06  9.683000e-03
  3.129100e+05  1.574710e-06  1.032000e-02
  3.389900e+05  1.559420e-06  1.100000e-02
  3.650700e+05  1.537940e-06  1.171000e-02
  3.911400e+05  1.511870e-06  1.245000e-02
  4.172200e+05  1.483490e-06  1.320000e-02
  4.432900e+05  1.455220e-06  1.396000e-02
  4.693700e+05  1.426850e-06  1.451000e-02
  4.954500e+05  1.399270e-06  1.468000e-02
  5.215200e+05  1.371600e-06  1.479000e-02
  5.476000e+05  1.343330e-06  1.484000e-02
  5.736700e+05  1.311160e-06  1.487000e-02
  5.997500e+05  1.271990e-06  1.490000e-02
  6.258300e+05  1.227640e-06  1.493000e-02
  6.519000e+05  1.175490e-06  1.498000e-02
  6.779800e+05  1.116440e-06  1.506000e-02
  7.040500e+05  1.048310e-06  1.519000e-02
  7.301300e+05  9.716490e-07  1.570000e-02
  7.562100e+05  8.835230e-07  1.647000e-02
  7.822800e+05  7.846760e-07  1.761000e-02
  8.083600e+05  6.719530e-07  1.935000e-02
  8.344400e+05  5.445940e-07  2.229000e-02
  8.605100e+05  4.006900e-07  2.799000e-02
  8.865900e+05  2.382340e-07  4.296000e-02
  9.126600e+05  5.526460e-08  1.665000e-01
  9.387400e+05  8.114910e-09  1.000000e+00
  9.648200e+05  6.970090e-09  1.000000e+00
  9.908900e+05  5.776220e-09  1.000000e+00
  1.017000e+06  4.530310e-09  1.000000e+00
  1.043000e+06  3.234530e-09  1.000000e+00
  1.069100e+06  1.888910e-09  1.000000e+00
  1.095200e+06  4.940220e-10  1.000000e+00
  1.106150e+06  0.000000e+00  1.000000e+00
  4.500000e+06            46             0             2
  0.000000e+00  0.000000e+00  4.791000e-03
  3.290600e+04  5.398050e-08  4.791000e-03
  6.581200e+04  1.959040e-07  5.035000e-03
  9.871700e+04  4.034180e-07  5.306000e-03
  1.316200e+05  6.588980e-07  5.607000e-03
  1.645300e+05  9.279170e-07  5.889000e-03
  1.974300e+05  1.023880e-06  6.195000e-03
  2.303400e+05  1.097310e-06  6.532000e-03
  2.632500e+05  1.151370e-06  6.904000e-03
  2.961500e+05  1.187830e-06  7.314000e-03
  3.290600e+05  1.209710e-06  7.763000e-03
  3.619600e+05  1.218210e-06  8.254000e-03
  3.948700e+05  1.215810e-06  8.786000e-03
  4.277700e+05  1.204820e-06  9.361000e-03
  4.606800e+05  1.187830e-06  9.974000e-03
  4.935900e+05  1.165950e-06  1.062000e-02
  5.264900e+05  1.140480e-06  1.130000e-02
  5.594000e+05  1.114400e-06  1.200000e-02
  5.923000e+05  1.087620e-06  1.271000e-02
  6.252100e+05  1.062150e-06  1.343000e-02
  6.581200e+05  1.037270e-06  1.380000e-02
  6.910200e+05  1.013590e-06  1.395000e-02
  7.239300e+05  9.898610e-07  1.404000e-02
  7.568300e+05  9.649640e-07  1.408000e-02
  7.897400e+05  9.376380e-07  1.412000e-02
  8.226400e+05  9.054470e-07  1.415000e-02
  8.555500e+05  8.696190e-07  1.419000e-02
  8.884600e+05  8.283260e-07  1.426000e-02
  9.213600e+05  7.821680e-07  1.436000e-02
  9.542700e+05  7.299440e-07  1.455000e-02
  9.871700e+05  6.716470e-07  1.514000e-02
  1.020100e+06  6.061260e-07  1.597000e-02
  1.053000e+06  5.321520e-07  1.719000e-02
  1.085900e+06  4.490170e-07  1.911000e-02
  1.118800e+06  3.556210e-07  2.244000e-02
  1.151700e+06  2.507450e-07  2.927000e-02
  1.184600e+06  1.331100e-07  5.008000e-02
  1.217500e+06  5.956750e-09  1.000000e+00
  1.250400e+06  5.214120e-09  1.000000e+00
  1.283300e+06  4.438010e-09  1.000000e+00
  1.316200e+06  3.628440e-09  1.000000e+00
  1.349100e+06  2.787400e-09  1.000000e+00
  1.382000e+06  1.913480e-09  1.000000e+00
  1.414900e+06  1.009290e-09  1.000000e+00
  1.447900e+06  7.323720e-11  1.000000e+00
  1.462380e+06  0.000000e+00  1.000000e+00
  5.000000e+06            47             0             2
  0.000000e+00  0.000000e+00  4.245000e-03
  3.921900e+04  4.282290e-08  4.245000e-03
  7.843900e+04  1.557690e-07  4.451000e-03
  1.176600e+05  3.216290e-07  4.678000e-03
  1.568800e+05  5.263660e-07  4.929000e-03
  1.961000e+05  7.439520e-07  5.206000e-03
  2.353200e+05  8.234350e-07  5.505000e-03
  2.745400e+05  8.856030e-07  5.788000e-03
  3.137500e+05  9.324830e-07  6.100000e-03
  3.529700e+05  9.650960e-07  6.442000e-03
  3.921900e+05  9.854780e-07  6.820000e-03
  4.314100e+05  9.951600e-07  7.233000e-03
  4.706300e+05  9.951600e-07  7.684000e-03
  5.098500e+05  9.880260e-07  8.175000e-03
  5.490700e+05  9.747770e-07  8.705000e-03
  5.882900e+05  9.564330e-07  9.273000e-03
  6.275100e+05  9.350310e-07  9.877000e-03
  6.667300e+05  9.115910e-07  1.051000e-02
  7.059500e+05  8.871310e-07  1.117000e-02
  7.451700e+05  8.626720e-07  1.185000e-02
  7.843900e+05  8.392320e-07  1.254000e-02
  8.236100e+05  8.163010e-07  1.323000e-02
  8.628200e+05  7.948990e-07  1.345000e-02
  9.020400e+05  7.740070e-07  1.357000e-02
  9.412600e+05  7.536240e-07  1.365000e-02
  9.804800e+05  7.317230e-07  1.370000e-02
  1.019700e+06  7.077730e-07  1.373000e-02
  1.058900e+06  6.807660e-07  1.378000e-02
  1.098100e+06  6.507010e-07  1.383000e-02
  1.137400e+06  6.170690e-07  1.391000e-02
  1.176600e+06  5.793610e-07  1.403000e-02
  1.215800e+06  5.375760e-07  1.434000e-02
  1.255000e+06  4.912060e-07  1.498000e-02
  1.294200e+06  4.392890e-07  1.589000e-02
  1.333500e+06  3.813480e-07  1.725000e-02
  1.372700e+06  3.165330e-07  1.942000e-02
  1.411900e+06  2.441740e-07  2.331000e-02
  1.451100e+06  1.634120e-07  3.191000e-02
  1.490300e+06  7.327420e-08  6.432000e-02
  1.529600e+06  4.184970e-09  1.000000e+00
  1.568800e+06  3.635630e-09  1.000000e+00
  1.608000e+06  3.062920e-09  1.000000e+00
  1.647200e+06  2.467220e-09  1.000000e+00
  1.686400e+06  1.850140e-09  1.000000e+00
  1.725600e+06  1.210680e-09  1.000000e+00
  1.764900e+06  5.492960e-10  1.000000e+00
  1.782550e+06  0.000000e+00  1.000000e+00
  5.500000e+06            49             0             2
  0.000000e+00  0.000000e+00  3.851000e-03
  4.507300e+04  3.529270e-08  3.851000e-03
  9.014600e+04  1.286670e-07  4.030000e-03
  1.352200e+05  2.662460e-07  4.225000e-03
  1.802900e+05  4.369890e-07  4.441000e-03
  2.253700e+05  6.194030e-07  4.678000e-03
  2.704400e+05  6.872390e-07  4.939000e-03
  3.155100e+05  7.413250e-07  5.228000e-03
  3.605800e+05  7.825620e-07  5.525000e-03
  4.056600e+05  8.127080e-07  5.819000e-03
  4.507300e+05  8.322220e-07  6.142000e-03
  4.958000e+05  8.428640e-07  6.496000e-03
  5.408800e+05  8.455220e-07  6.884000e-03
  5.859500e+05  8.415350e-07  7.308000e-03
  6.310200e+05  8.317730e-07  7.769000e-03
  6.761000e+05  8.171440e-07  8.269000e-03
  7.211700e+05  7.994090e-07  8.806000e-03
  7.662400e+05  7.790150e-07  9.379000e-03
  8.113200e+05  7.568430e-07  9.985000e-03
  8.563900e+05  7.342310e-07  1.062000e-02
  9.014600e+05  7.116190e-07  1.128000e-02
  9.465400e+05  6.894570e-07  1.195000e-02
  9.916100e+05  6.686130e-07  1.263000e-02
  1.036700e+06  6.491090e-07  1.321000e-02
  1.081800e+06  6.300340e-07  1.338000e-02
  1.126800e+06  6.118590e-07  1.349000e-02
  1.171900e+06  5.936840e-07  1.356000e-02
  1.217000e+06  5.746190e-07  1.360000e-02
  1.262000e+06  5.537760e-07  1.365000e-02
  1.307100e+06  5.302750e-07  1.370000e-02
  1.352200e+06  5.045650e-07  1.377000e-02
  1.397300e+06  4.766280e-07  1.387000e-02
  1.442300e+06  4.451530e-07  1.401000e-02
  1.487400e+06  4.106110e-07  1.444000e-02
  1.532500e+06  3.723910e-07  1.515000e-02
  1.577600e+06  3.300050e-07  1.617000e-02
  1.622600e+06  2.829230e-07  1.771000e-02
  1.667700e+06  2.306450e-07  2.024000e-02
  1.712800e+06  1.726120e-07  2.495000e-02
  1.757900e+06  1.080530e-07  3.634000e-02
  1.802900e+06  3.638380e-08  9.704000e-02
  1.848000e+06  3.116100e-09  1.000000e+00
  1.893100e+06  2.685050e-09  1.000000e+00
  1.938100e+06  2.237300e-09  1.000000e+00
  1.983200e+06  1.772580e-09  1.000000e+00
  2.028300e+06  1.291960e-09  1.000000e+00
  2.073400e+06  7.949720e-10  1.000000e+00
  2.118400e+06  2.825230e-10  1.000000e+00
  2.139580e+06  0.000000e+00  1.000000e+00
  6.000000e+06            51             0             2
  0.000000e+00  0.000000e+00  3.574000e-03
  5.051600e+04  2.988050e-08  3.574000e-03
  1.010300e+05  1.091080e-07  3.727000e-03
  1.515500e+05  2.263300e-07  3.900000e-03
  2.020600e+05  3.722800e-07  4.089000e-03
  2.525800e+05  5.289420e-07  4.297000e-03
  3.030900e+05  5.882770e-07  4.526000e-03
  3.536100e+05  6.365510e-07  4.777000e-03
  4.041300e+05  6.741320e-07  5.054000e-03
  4.546400e+05  7.018210e-07  5.359000e-03
  5.051600e+05  7.208170e-07  5.658000e-03
  5.556700e+05  7.322880e-07  5.968000e-03
  6.061900e+05  7.366350e-07  6.308000e-03
  6.567000e+05  7.350560e-07  6.680000e-03
  7.072200e+05  7.283310e-07  7.086000e-03
  7.577300e+05  7.172500e-07  7.527000e-03
  8.082500e+05  7.022210e-07  8.006000e-03
  8.587700e+05  6.852040e-07  8.522000e-03
  9.092800e+05  6.658190e-07  9.075000e-03
  9.598000e+05  6.452540e-07  9.662000e-03
  1.010300e+06  6.242800e-07  1.028000e-02
  1.060800e+06  6.033160e-07  1.092000e-02
  1.111300e+06  5.827410e-07  1.159000e-02
  1.161900e+06  5.633560e-07  1.226000e-02
  1.212400e+06  5.451590e-07  1.295000e-02
  1.262900e+06  5.277520e-07  1.340000e-02
  1.313400e+06  5.111350e-07  1.355000e-02
  1.363900e+06  4.953070e-07  1.366000e-02
  1.414400e+06  4.794890e-07  1.372000e-02
  1.465000e+06  4.624720e-07  1.377000e-02
  1.515500e+06  4.438860e-07  1.383000e-02
  1.566000e+06  4.237010e-07  1.389000e-02
  1.616500e+06  4.015480e-07  1.397000e-02
  1.667000e+06  3.771760e-07  1.409000e-02
  1.717500e+06  3.505960e-07  1.427000e-02
  1.768000e+06  3.214380e-07  1.483000e-02
  1.818600e+06  2.893520e-07  1.564000e-02
  1.869100e+06  2.539490e-07  1.680000e-02
  1.919600e+06  2.148580e-07  1.859000e-02
  1.970100e+06  1.716610e-07  2.160000e-02
  2.020600e+06  1.239070e-07  2.751000e-02
  2.071100e+06  7.101350e-08  4.356000e-02
  2.121700e+06  1.253760e-08  2.207000e-01
  2.172200e+06  2.425570e-09  1.000000e+00
  2.222700e+06  2.071840e-09  1.000000e+00
  2.273200e+06  1.705520e-09  1.000000e+00
  2.323700e+06  1.326100e-09  1.000000e+00
  2.374200e+06  9.344460e-10  1.000000e+00
  2.424800e+06  5.305200e-10  1.000000e+00
  2.475300e+06  1.141340e-10  1.000000e+00
  2.500050e+06  0.000000e+00  1.000000e+00
  6.500000e+06            52             0             2
  0.000000e+00  0.000000e+00  3.506000e-03
  5.558900e+04  2.607590e-08  3.506000e-03
  1.111800e+05  9.545110e-08  3.573000e-03
  1.667700e+05  1.986340e-07  3.660000e-03
  2.223600e+05  3.283390e-07  3.819000e-03
  2.779400e+05  4.698860e-07  3.983000e-03
  3.335300e+05  5.284830e-07  4.152000e-03
  3.891200e+05  5.558130e-07  4.506000e-03
  4.447100e+05  5.895980e-07  4.759000e-03
  5.003000e+05  6.154890e-07  5.032000e-03
  5.558900e+05  6.341850e-07  5.332000e-03
  6.114800e+05  6.460470e-07  5.663000e-03
  6.670700e+05  6.518020e-07  5.972000e-03
  7.226500e+05  6.521620e-07  6.307000e-03
  7.782400e+05  6.478450e-07  6.674000e-03
  8.338300e+05  6.395710e-07  7.074000e-03
  8.894200e+05  6.277100e-07  7.509000e-03
  9.450100e+05  6.133310e-07  7.982000e-03
  1.000600e+06  5.967930e-07  8.492000e-03
  1.056200e+06  5.788160e-07  9.039000e-03
  1.111800e+06  5.597600e-07  9.623000e-03
  1.167400e+06  5.403440e-07  1.024000e-02
  1.223000e+06  5.209380e-07  1.089000e-02
  1.278500e+06  5.018820e-07  1.156000e-02
  1.334100e+06  4.839050e-07  1.225000e-02
  1.389700e+06  4.666480e-07  1.295000e-02
  1.445300e+06  4.508300e-07  1.366000e-02
  1.500900e+06  4.357310e-07  1.398000e-02
  1.556500e+06  4.209920e-07  1.413000e-02
  1.612100e+06  4.073320e-07  1.423000e-02
  1.667700e+06  3.929520e-07  1.429000e-02
  1.723300e+06  3.778530e-07  1.435000e-02
  1.778800e+06  3.613150e-07  1.442000e-02
  1.834400e+06  3.436580e-07  1.450000e-02
  1.890000e+06  3.243920e-07  1.460000e-02
  1.945600e+06  3.033980e-07  1.475000e-02
  2.001200e+06  2.805640e-07  1.502000e-02
  2.056800e+06  2.556530e-07  1.569000e-02
  2.112400e+06  2.283230e-07  1.663000e-02
  2.168000e+06  1.983850e-07  1.800000e-02
  2.223600e+06  1.654490e-07  2.014000e-02
  2.279100e+06  1.291750e-07  2.387000e-02
  2.334700e+06  8.923160e-08  3.163000e-02
  2.390300e+06  4.522690e-08  5.642000e-02
  2.445900e+06  2.268540e-09  1.000000e+00
  2.501500e+06  1.975150e-09  1.000000e+00
  2.557100e+06  1.671380e-09  1.000000e+00
  2.612700e+06  1.357210e-09  1.000000e+00
  2.668300e+06  1.032840e-09  1.000000e+00
  2.723800e+06  6.985380e-10  1.000000e+00
  2.779400e+06  3.542300e-10  1.000000e+00
  2.807190e+06  0.000000e+00  1.000000e+00
  7.000000e+06            54             0             2
  0.000000e+00  0.000000e+00  3.166000e-03
  6.032900e+04  2.532060e-08  3.166000e-03
  1.206600e+05  9.347850e-08  3.202000e-03
  1.809900e+05  1.977890e-07  3.214000e-03
  2.413200e+05  3.365520e-07  3.188000e-03
  3.016400e+05  5.051530e-07  3.133000e-03
  3.619700e+05  6.078450e-07  3.051000e-03
  4.223000e+05  5.356300e-07  3.953000e-03
  4.826300e+05  5.197320e-07  4.562000e-03
  5.429600e+05  5.349710e-07  4.895000e-03
  6.032900e+05  5.525270e-07  5.175000e-03
  6.636200e+05  5.641180e-07  5.481000e-03
  7.239500e+05  5.710730e-07  5.816000e-03
  7.842700e+05  5.730620e-07  6.172000e-03
  8.446000e+05  5.707430e-07  6.514000e-03
  9.049300e+05  5.647780e-07  6.888000e-03
  9.652600e+05  5.558350e-07  7.295000e-03
  1.025600e+06  5.442440e-07  7.739000e-03
  1.085900e+06  5.303340e-07  8.219000e-03
  1.146200e+06  5.150960e-07  8.739000e-03
  1.206600e+06  4.985290e-07  9.299000e-03
  1.266900e+06  4.813020e-07  9.898000e-03
  1.327200e+06  4.637450e-07  1.053000e-02
  1.387600e+06  4.461890e-07  1.120000e-02
  1.447900e+06  4.289720e-07  1.190000e-02
  1.508200e+06  4.127340e-07  1.262000e-02
  1.568500e+06  3.971660e-07  1.336000e-02
  1.628900e+06  3.825970e-07  1.411000e-02
  1.689200e+06  3.686780e-07  1.486000e-02
  1.749500e+06  3.557580e-07  1.506000e-02
  1.809900e+06  3.435070e-07  1.520000e-02
  1.870200e+06  3.312470e-07  1.530000e-02
  1.930500e+06  3.188960e-07  1.537000e-02
  1.990900e+06  3.056760e-07  1.544000e-02
  2.051200e+06  2.914670e-07  1.552000e-02
  2.111500e+06  2.761590e-07  1.562000e-02
  2.171800e+06  2.596310e-07  1.575000e-02
  2.232200e+06  2.417750e-07  1.594000e-02
  2.292500e+06  2.224000e-07  1.637000e-02
  2.352800e+06  2.013660e-07  1.716000e-02
  2.413200e+06  1.784130e-07  1.829000e-02
  2.473500e+06  1.533330e-07  1.995000e-02
  2.533800e+06  1.258440e-07  2.262000e-02
  2.594100e+06  9.569780e-08  2.742000e-02
  2.654500e+06  6.263910e-08  3.821000e-02
  2.714800e+06  2.630090e-08  8.184000e-02
  2.775100e+06  1.903040e-09  1.000000e+00
  2.835500e+06  1.644640e-09  1.000000e+00
  2.895800e+06  1.377650e-09  1.000000e+00
  2.956100e+06  1.102060e-09  1.000000e+00
  3.016400e+06  8.181840e-10  1.000000e+00
  3.076800e+06  5.256980e-10  1.000000e+00
  3.137100e+06  2.249180e-10  1.000000e+00
  3.168470e+06  0.000000e+00  1.000000e+00
  7.500000e+06            56             0             2
  0.000000e+00  0.000000e+00  2.791000e-03
  6.476800e+04  2.612980e-08  2.791000e-03
  1.295400e+05  9.660100e-08  2.821000e-03
  1.943000e+05  2.053860e-07  2.821000e-03
  2.590700e+05  3.526510e-07  2.774000e-03
  3.238400e+05  5.396220e-07  2.648000e-03
  3.886100e+05  6.664240e-07  2.458000e-03
  4.533700e+05  5.177110e-07  3.592000e-03
  5.181400e+05  4.711300e-07  4.422000e-03
  5.829100e+05  4.723590e-07  4.868000e-03
  6.476800e+05  4.856280e-07  5.170000e-03
  7.124400e+05  4.973480e-07  5.463000e-03
  7.772100e+05  5.044520e-07  5.782000e-03
  8.419800e+05  5.075290e-07  6.132000e-03
  9.067500e+05  5.069200e-07  6.516000e-03
  9.715100e+05  5.032130e-07  6.905000e-03
  1.036300e+06  4.964290e-07  7.296000e-03
  1.101000e+06  4.874760e-07  7.721000e-03
  1.165800e+06  4.760660e-07  8.184000e-03
  1.230600e+06  4.634170e-07  8.686000e-03
  1.295400e+06  4.492190e-07  9.229000e-03
  1.360100e+06  4.341020e-07  9.815000e-03
  1.424900e+06  4.183650e-07  1.044000e-02
  1.489700e+06  4.026280e-07  1.111000e-02
  1.554400e+06  3.865920e-07  1.182000e-02
  1.619200e+06  3.711650e-07  1.256000e-02
  1.684000e+06  3.563580e-07  1.334000e-02
  1.748700e+06  3.421600e-07  1.413000e-02
  1.813500e+06  3.285810e-07  1.495000e-02
  1.878300e+06  3.162420e-07  1.577000e-02
  1.943000e+06  3.044320e-07  1.643000e-02
  2.007800e+06  2.933210e-07  1.663000e-02
  2.072600e+06  2.826800e-07  1.677000e-02
  2.137300e+06  2.721590e-07  1.687000e-02
  2.202100e+06  2.612680e-07  1.695000e-02
  2.266900e+06  2.496980e-07  1.704000e-02
  2.331600e+06  2.373490e-07  1.714000e-02
  2.396400e+06  2.241200e-07  1.727000e-02
  2.461200e+06  2.098920e-07  1.744000e-02
  2.525900e+06  1.945550e-07  1.768000e-02
  2.590700e+06  1.780190e-07  1.830000e-02
  2.655500e+06  1.601240e-07  1.927000e-02
  2.720200e+06  1.406610e-07  2.065000e-02
  2.785000e+06  1.194590e-07  2.274000e-02
  2.849800e+06  9.632330e-08  2.616000e-02
  2.914500e+06  7.105470e-08  3.259000e-02
  2.979300e+06  4.337920e-08  4.847000e-02
  3.044100e+06  1.309690e-08  1.437000e-01
  3.108800e+06  1.653700e-09  1.000000e+00
  3.173600e+06  1.418000e-09  1.000000e+00
  3.238400e+06  1.174600e-09  1.000000e+00
  3.303100e+06  9.237360e-10  1.000000e+00
  3.367900e+06  6.658050e-10  1.000000e+00
  3.432700e+06  4.004700e-10  1.000000e+00
  3.497500e+06  1.281010e-10  1.000000e+00
  3.532470e+06  0.000000e+00  1.000000e+00
  8.000000e+06            58             0             2
  0.000000e+00  0.000000e+00  2.061000e-03
  6.893300e+04  3.069330e-08  2.061000e-03
  1.378700e+05  1.144580e-07  2.068000e-03
  2.068000e+05  2.478960e-07  2.031000e-03
  2.757300e+05  4.396720e-07  1.935000e-03
  3.446600e+05  7.083460e-07  1.756000e-03
  4.136000e+05  9.320980e-07  1.531000e-03
  4.825300e+05  6.440050e-07  2.476000e-03
  5.514600e+05  4.814080e-07  3.630000e-03
  6.204000e+05  4.257570e-07  4.531000e-03
  6.893300e+05  4.141690e-07  5.087000e-03
  7.582600e+05  4.167770e-07  5.471000e-03
  8.272000e+05  4.219910e-07  5.798000e-03
  8.961300e+05  4.257570e-07  6.134000e-03
  9.650600e+05  4.263460e-07  6.501000e-03
  1.034000e+06  4.243090e-07  6.903000e-03
  1.102900e+06  4.199630e-07  7.343000e-03
  1.171900e+06  4.133000e-07  7.770000e-03
  1.240800e+06  4.045990e-07  8.216000e-03
  1.309700e+06  3.947500e-07  8.702000e-03
  1.378700e+06  3.834420e-07  9.230000e-03
  1.447600e+06  3.712750e-07  9.800000e-03
  1.516500e+06  3.582290e-07  1.042000e-02
  1.585500e+06  3.449030e-07  1.108000e-02
  1.654400e+06  3.312780e-07  1.179000e-02
  1.723300e+06  3.179420e-07  1.254000e-02
  1.792300e+06  3.046160e-07  1.333000e-02
  1.861200e+06  2.918590e-07  1.416000e-02
  1.930100e+06  2.797720e-07  1.501000e-02
  1.999100e+06  2.682950e-07  1.590000e-02
  2.068000e+06  2.575460e-07  1.679000e-02
  2.136900e+06  2.475170e-07  1.770000e-02
  2.205900e+06  2.380670e-07  1.825000e-02
  2.274800e+06  2.290860e-07  1.845000e-02
  2.343700e+06  2.204150e-07  1.860000e-02
  2.412700e+06  2.117750e-07  1.870000e-02
  2.481600e+06  2.027940e-07  1.880000e-02
  2.550500e+06  1.932540e-07  1.891000e-02
  2.619500e+06  1.831450e-07  1.903000e-02
  2.688400e+06  1.723370e-07  1.920000e-02
  2.757300e+06  1.607690e-07  1.941000e-02
  2.826300e+06  1.483320e-07  1.971000e-02
  2.895200e+06  1.350060e-07  2.058000e-02
  2.964100e+06  1.206020e-07  2.177000e-02
  3.033100e+06  1.049780e-07  2.349000e-02
  3.102000e+06  8.802130e-08  2.613000e-02
  3.170900e+06  6.955900e-08  3.056000e-02
  3.239900e+06  4.947440e-08  3.935000e-02
  3.308800e+06  2.753670e-08  6.392000e-02
  3.377700e+06  3.599670e-09  4.355000e-01
  3.446600e+06  1.368540e-09  1.000000e+00
  3.515600e+06  1.163360e-09  1.000000e+00
  3.584500e+06  9.518070e-10  1.000000e+00
  3.653400e+06  7.344290e-10  1.000000e+00
  3.722400e+06  5.106870e-10  1.000000e+00
  3.791300e+06  2.812810e-10  1.000000e+00
  3.860200e+06  4.593810e-11  1.000000e+00
  3.898800e+06  0.000000e+00  1.000000e+00
  8.500000e+06            59             0             2
  0.000000e+00  0.000000e+00  1.729000e-03
  7.284900e+04  3.137010e-08  1.729000e-03
  1.457000e+05  1.173960e-07  1.730000e-03
  2.185500e+05  2.560370e-07  1.688000e-03
  2.914000e+05  4.595940e-07  1.591000e-03
  3.642500e+05  7.532780e-07  1.420000e-03
  4.371000e+05  1.011040e-06  1.215000e-03
  5.099500e+05  7.812460e-07  1.758000e-03
  5.828000e+05  5.681790e-07  2.652000e-03
  6.556400e+05  4.417640e-07  3.685000e-03
  7.284900e+05  3.885650e-07  4.502000e-03
  8.013400e+05  3.699160e-07  5.117000e-03
  8.741900e+05  3.647120e-07  5.570000e-03
  9.470400e+05  3.647120e-07  5.945000e-03
  1.019900e+06  3.652620e-07  6.300000e-03
  1.092700e+06  3.644330e-07  6.673000e-03
  1.165600e+06  3.614160e-07  7.081000e-03
  1.238400e+06  3.567620e-07  7.527000e-03
  1.311300e+06  3.501790e-07  8.013000e-03
  1.384100e+06  3.424980e-07  8.467000e-03
  1.457000e+06  3.334480e-07  8.961000e-03
  1.529800e+06  3.233000e-07  9.497000e-03
  1.602700e+06  3.128820e-07  1.008000e-02
  1.675500e+06  3.016450e-07  1.070000e-02
  1.748400e+06  2.901280e-07  1.138000e-02
  1.821200e+06  2.783310e-07  1.210000e-02
  1.894100e+06  2.667850e-07  1.287000e-02
  1.966900e+06  2.553780e-07  1.369000e-02
  2.039800e+06  2.443300e-07  1.454000e-02
  2.112600e+06  2.337720e-07  1.543000e-02
  2.185500e+06  2.237340e-07  1.636000e-02
  2.258300e+06  2.143550e-07  1.730000e-02
  2.331200e+06  2.055850e-07  1.826000e-02
  2.404000e+06  1.974140e-07  1.923000e-02
  2.476900e+06  1.896730e-07  1.962000e-02
  2.549700e+06  1.822710e-07  1.982000e-02
  2.622600e+06  1.751200e-07  1.996000e-02
  2.695400e+06  1.679280e-07  2.008000e-02
  2.768300e+06  1.603860e-07  2.019000e-02
  2.841100e+06  1.524350e-07  2.031000e-02
  2.914000e+06  1.440150e-07  2.047000e-02
  2.986800e+06  1.350550e-07  2.066000e-02
  3.059700e+06  1.254860e-07  2.093000e-02
  3.132500e+06  1.152280e-07  2.141000e-02
  3.205400e+06  1.042810e-07  2.243000e-02
  3.278200e+06  9.246610e-08  2.385000e-02
  3.351100e+06  7.971470e-08  2.593000e-02
  3.423900e+06  6.589460e-08  2.916000e-02
  3.496800e+06  5.089470e-08  3.480000e-02
  3.569600e+06  3.460640e-08  4.669000e-02
  3.642500e+06  1.687270e-08  8.621000e-02
  3.715300e+06  1.288520e-09  1.000000e+00
  3.788200e+06  1.117120e-09  1.000000e+00
  3.861000e+06  9.405730e-10  1.000000e+00
  3.933900e+06  7.593110e-10  1.000000e+00
  4.006700e+06  5.728440e-10  1.000000e+00
  4.079600e+06  3.814330e-10  1.000000e+00
  4.152400e+06  1.853480e-10  1.000000e+00
  4.193920e+06  0.000000e+00  1.000000e+00
  9.000000e+06            61             0             2
  0.000000e+00  0.000000e+00  1.627000e-03
  7.653900e+04  2.907550e-08  1.627000e-03
  1.530800e+05  1.090180e-07  1.626000e-03
  2.296200e+05  2.386130e-07  1.583000e-03
  3.061500e+05  4.303990e-07  1.486000e-03
  3.826900e+05  7.099360e-07  1.319000e-03
  4.592300e+05  9.586680e-07  1.122000e-03
  5.357700e+05  7.905860e-07  1.523000e-03
  6.123100e+05  6.107470e-07  2.164000e-03
  6.888500e+05  4.867760e-07  2.936000e-03
  7.653900e+05  4.113400e-07  3.714000e-03
  8.419200e+05  3.661910e-07  4.414000e-03
  9.184600e+05  3.437460e-07  5.000000e-03
  9.950000e+05  3.338270e-07  5.496000e-03
  1.071500e+06  3.293920e-07  5.912000e-03
  1.148100e+06  3.270340e-07  6.292000e-03
  1.224600e+06  3.246870e-07  6.671000e-03
  1.301200e+06  3.210310e-07  7.073000e-03
  1.377700e+06  3.160770e-07  7.513000e-03
  1.454200e+06  3.098140e-07  7.994000e-03
  1.530800e+06  3.025020e-07  8.497000e-03
  1.607300e+06  2.941510e-07  8.986000e-03
  1.683800e+06  2.850210e-07  9.517000e-03
  1.760400e+06  2.753620e-07  1.009000e-02
  1.836900e+06  2.651830e-07  1.071000e-02
  1.913500e+06  2.548150e-07  1.138000e-02
  1.990000e+06  2.443570e-07  1.210000e-02
  2.066500e+06  2.339680e-07  1.287000e-02
  2.143100e+06  2.237300e-07  1.368000e-02
  2.219600e+06  2.137910e-07  1.454000e-02
  2.296200e+06  2.042620e-07  1.544000e-02
  2.372700e+06  1.952020e-07  1.637000e-02
  2.449200e+06  1.866410e-07  1.734000e-02
  2.525800e+06  1.786800e-07  1.832000e-02
  2.602300e+06  1.712490e-07  1.932000e-02
  2.678900e+06  1.643060e-07  2.027000e-02
  2.755400e+06  1.577040e-07  2.053000e-02
  2.831900e+06  1.513810e-07  2.072000e-02
  2.908500e+06  1.452280e-07  2.086000e-02
  2.985000e+06  1.389550e-07  2.098000e-02
  3.061500e+06  1.324120e-07  2.111000e-02
  3.138100e+06  1.254900e-07  2.126000e-02
  3.214600e+06  1.181880e-07  2.144000e-02
  3.291200e+06  1.104560e-07  2.167000e-02
  3.367700e+06  1.022060e-07  2.198000e-02
  3.444200e+06  9.341350e-08  2.266000e-02
  3.520800e+06  8.401700e-08  2.384000e-02
  3.597300e+06  7.394230e-08  2.549000e-02
  3.673900e+06  6.305850e-08  2.793000e-02
  3.750400e+06  5.128760e-08  3.183000e-02
  3.826900e+06  3.857690e-08  3.890000e-02
  3.903500e+06  2.477730e-08  5.502000e-02
  3.980000e+06  9.805930e-09  1.246000e-01
  4.056500e+06  1.076100e-09  1.000000e+00
  4.133100e+06  9.260440e-10  1.000000e+00
  4.209600e+06  7.717870e-10  1.000000e+00
  4.286200e+06  6.136240e-10  1.000000e+00
  4.362700e+06  4.510160e-10  1.000000e+00
  4.439200e+06  2.844920e-10  1.000000e+00
  4.515800e+06  1.137230e-10  1.000000e+00
  4.560960e+06  0.000000e+00  1.000000e+00
  9.500000e+06            63             0             2
  0.000000e+00  0.000000e+00  1.536000e-03
  8.002000e+04  2.861010e-08  1.536000e-03
  1.600400e+05  1.062980e-07  1.550000e-03
  2.400600e+05  2.288070e-07  1.535000e-03
  3.200800e+05  4.024380e-07  1.479000e-03
  4.001000e+05  6.433510e-07  1.356000e-03
  4.801200e+05  8.390760e-07  1.195000e-03
  5.601400e+05  6.513320e-07  1.725000e-03
  6.401600e+05  5.167760e-07  2.388000e-03
  7.201800e+05  4.408830e-07  3.029000e-03
  8.002000e+05  3.956950e-07  3.610000e-03
  8.802200e+05  3.632430e-07  4.167000e-03
  9.602400e+05  3.402690e-07  4.676000e-03
  1.040300e+06  3.270440e-07  5.081000e-03
  1.120300e+06  3.200520e-07  5.487000e-03
  1.200300e+06  3.163070e-07  5.868000e-03
  1.280300e+06  3.135600e-07  6.231000e-03
  1.360300e+06  3.103130e-07  6.600000e-03
  1.440400e+06  3.063180e-07  6.993000e-03
  1.520400e+06  3.008240e-07  7.423000e-03
  1.600400e+06  2.945820e-07  7.893000e-03
  1.680400e+06  2.871000e-07  8.405000e-03
  1.760400e+06  2.788600e-07  8.919000e-03
  1.840500e+06  2.698700e-07  9.438000e-03
  1.920500e+06  2.606310e-07  1.000000e-02
  2.000500e+06  2.509020e-07  1.061000e-02
  2.080500e+06  2.408330e-07  1.127000e-02
  2.160500e+06  2.308050e-07  1.197000e-02
  2.240600e+06  2.207860e-07  1.273000e-02
  2.320600e+06  2.109580e-07  1.353000e-02
  2.400600e+06  2.013890e-07  1.438000e-02
  2.480600e+06  1.921790e-07  1.528000e-02
  2.560600e+06  1.834190e-07  1.621000e-02
  2.640700e+06  1.751090e-07  1.718000e-02
  2.720700e+06  1.673180e-07  1.818000e-02
  2.800700e+06  1.600760e-07  1.920000e-02
  2.880700e+06  1.533140e-07  2.023000e-02
  2.960700e+06  1.469910e-07  2.100000e-02
  3.040700e+06  1.409480e-07  2.125000e-02
  3.120800e+06  1.351650e-07  2.144000e-02
  3.200800e+06  1.294410e-07  2.158000e-02
  3.280800e+06  1.235980e-07  2.171000e-02
  3.360800e+06  1.174850e-07  2.185000e-02
  3.440800e+06  1.110420e-07  2.202000e-02
  3.520900e+06  1.042800e-07  2.223000e-02
  3.600900e+06  9.708840e-08  2.249000e-02
  3.680900e+06  8.947420e-08  2.286000e-02
  3.760900e+06  8.138550e-08  2.376000e-02
  3.840900e+06  7.272240e-08  2.510000e-02
  3.921000e+06  6.346110e-08  2.700000e-02
  4.001000e+06  5.347460e-08  2.986000e-02
  4.081000e+06  4.273990e-08  3.455000e-02
  4.161000e+06  3.113120e-08  4.344000e-02
  4.241000e+06  1.857170e-08  6.591000e-02
  4.321100e+06  4.972990e-09  2.195000e-01
  4.401100e+06  9.556620e-10  1.000000e+00
  4.481100e+06  8.158530e-10  1.000000e+00
  4.561100e+06  6.725570e-10  1.000000e+00
  4.641100e+06  5.252660e-10  1.000000e+00
  4.721200e+06  3.742200e-10  1.000000e+00
  4.801200e+06  2.198170e-10  1.000000e+00
  4.881200e+06  6.173810e-11  1.000000e+00
  4.930010e+06  0.000000e+00  1.000000e+00
  1.000000e+07            65             0             2
  0.000000e+00  0.000000e+00  1.487000e-03
  8.331000e+04  2.633210e-08  1.487000e-03
  1.666200e+05  9.808450e-08  1.497000e-03
  2.499300e+05  2.120480e-07  1.478000e-03
  3.332400e+05  3.753090e-07  1.415000e-03
  4.165500e+05  6.045770e-07  1.288000e-03
  4.998600e+05  7.957080e-07  1.126000e-03
  5.831700e+05  6.371920e-07  1.577000e-03
  6.664800e+05  5.079330e-07  2.174000e-03
  7.497900e+05  4.328660e-07  2.764000e-03
  8.331000e+05  3.906620e-07  3.278000e-03
  9.164100e+05  3.633220e-07  3.738000e-03
  9.997200e+05  3.424550e-07  4.171000e-03
  1.083000e+06  3.244740e-07  4.603000e-03
  1.166300e+06  3.098400e-07  5.009000e-03
  1.249600e+06  2.997710e-07  5.359000e-03
  1.333000e+06  2.935380e-07  5.764000e-03
  1.416300e+06  2.885040e-07  6.147000e-03
  1.499600e+06  2.841790e-07  6.527000e-03
  1.582900e+06  2.796240e-07  6.919000e-03
  1.666200e+06  2.741100e-07  7.339000e-03
  1.749500e+06  2.678760e-07  7.798000e-03
  1.832800e+06  2.609240e-07  8.297000e-03
  1.916100e+06  2.532420e-07  8.843000e-03
  1.999400e+06  2.448520e-07  9.366000e-03
  2.082700e+06  2.361910e-07  9.918000e-03
  2.166100e+06  2.272210e-07  1.052000e-02
  2.249400e+06  2.180610e-07  1.116000e-02
  2.332700e+06  2.088810e-07  1.185000e-02
  2.416000e+06  1.996910e-07  1.260000e-02
  2.499300e+06  1.906810e-07  1.339000e-02
  2.582600e+06  1.819010e-07  1.423000e-02
  2.665900e+06  1.734100e-07  1.512000e-02
  2.749200e+06  1.652790e-07  1.606000e-02
  2.832500e+06  1.575870e-07  1.703000e-02
  2.915800e+06  1.503650e-07  1.803000e-02
  2.999200e+06  1.435830e-07  1.906000e-02
  3.082500e+06  1.373000e-07  2.011000e-02
  3.165800e+06  1.314460e-07  2.118000e-02
  3.249100e+06  1.259020e-07  2.176000e-02
  3.332400e+06  1.206280e-07  2.200000e-02
  3.415700e+06  1.155430e-07  2.218000e-02
  3.499000e+06  1.104790e-07  2.232000e-02
  3.582300e+06  1.052550e-07  2.247000e-02
  3.665600e+06  9.981160e-08  2.262000e-02
  3.748900e+06  9.407990e-08  2.282000e-02
  3.832300e+06  8.808450e-08  2.305000e-02
  3.915600e+06  8.170550e-08  2.336000e-02
  3.998900e+06  7.499080e-08  2.383000e-02
  4.082200e+06  6.784370e-08  2.494000e-02
  4.165500e+06  6.024200e-08  2.647000e-02
  4.248800e+06  5.208790e-08  2.866000e-02
  4.332100e+06  4.333450e-08  3.203000e-02
  4.415400e+06  3.390980e-08  3.772000e-02
  4.498700e+06  2.377290e-08  4.912000e-02
  4.582000e+06  1.282290e-08  8.208000e-02
  4.665400e+06  9.340860e-10  1.000000e+00
  4.748700e+06  8.125000e-10  1.000000e+00
  4.832000e+06  6.877960e-10  1.000000e+00
  4.915300e+06  5.597270e-10  1.000000e+00
  4.998600e+06  4.285500e-10  1.000000e+00
  5.081900e+06  2.942580e-10  1.000000e+00
  5.165200e+06  1.568180e-10  1.000000e+00
  5.248500e+06  1.639600e-11  1.000000e+00
  5.300980e+06  0.000000e+00  1.000000e+00
  1.050000e+07            66             0             2
  0.000000e+00  0.000000e+00  1.469000e-03
  8.642400e+04  2.404180e-08  1.469000e-03
  1.728500e+05  8.976400e-08  1.476000e-03
  2.592700e+05  1.949260e-07  1.451000e-03
  3.457000e+05  3.472170e-07  1.381000e-03
  4.321200e+05  5.638300e-07  1.249000e-03
  5.185500e+05  7.482970e-07  1.084000e-03
  6.049700e+05  6.195420e-07  1.468000e-03
  6.914000e+05  4.967900e-07  2.014000e-03
  7.778200e+05  4.202700e-07  2.580000e-03
  8.642400e+05  3.784240e-07  3.070000e-03
  9.506700e+05  3.530010e-07  3.493000e-03
  1.037100e+06  3.351990e-07  3.874000e-03
  1.123500e+06  3.208640e-07  4.233000e-03
  1.209900e+06  3.079180e-07  4.585000e-03
  1.296400e+06  2.954410e-07  4.944000e-03
  1.382800e+06  2.845720e-07  5.290000e-03
  1.469200e+06  2.760210e-07  5.641000e-03
  1.555600e+06  2.693180e-07  6.047000e-03
  1.642100e+06  2.633040e-07  6.446000e-03
  1.728500e+06  2.577600e-07  6.850000e-03
  1.814900e+06  2.522060e-07  7.268000e-03
  1.901300e+06  2.461920e-07  7.717000e-03
  1.987800e+06  2.394890e-07  8.206000e-03
  2.074200e+06  2.320970e-07  8.738000e-03
  2.160600e+06  2.243950e-07  9.311000e-03
  2.247000e+06  2.163340e-07  9.852000e-03
  2.333500e+06  2.080120e-07  1.044000e-02
  2.419900e+06  1.995510e-07  1.107000e-02
  2.506300e+06  1.910400e-07  1.175000e-02
  2.592700e+06  1.825790e-07  1.248000e-02
  2.679200e+06  1.742380e-07  1.327000e-02
  2.765600e+06  1.660760e-07  1.410000e-02
  2.852000e+06  1.582140e-07  1.498000e-02
  2.938400e+06  1.506520e-07  1.591000e-02
  3.024900e+06  1.434900e-07  1.689000e-02
  3.111300e+06  1.367170e-07  1.790000e-02
  3.197700e+06  1.303540e-07  1.894000e-02
  3.284100e+06  1.244400e-07  2.000000e-02
  3.370600e+06  1.189360e-07  2.109000e-02
  3.457000e+06  1.138310e-07  2.219000e-02
  3.543400e+06  1.089460e-07  2.257000e-02
  3.629800e+06  1.042810e-07  2.280000e-02
  3.716300e+06  9.977360e-08  2.297000e-02
  3.802700e+06  9.521930e-08  2.312000e-02
  3.889100e+06  9.052620e-08  2.328000e-02
  3.975500e+06  8.564840e-08  2.346000e-02
  4.061900e+06  8.051670e-08  2.368000e-02
  4.148400e+06  7.513040e-08  2.395000e-02
  4.234800e+06  6.944330e-08  2.431000e-02
  4.321200e+06  6.343360e-08  2.498000e-02
  4.407600e+06  5.709920e-08  2.624000e-02
  4.494100e+06  5.032630e-08  2.799000e-02
  4.580500e+06  4.308990e-08  3.054000e-02
  4.666900e+06  3.532300e-08  3.453000e-02
  4.753300e+06  2.700070e-08  4.152000e-02
  4.839800e+06  1.805710e-08  5.648000e-02
  4.926200e+06  8.410000e-09  1.088000e-01
  5.012600e+06  8.081740e-10  1.000000e+00
  5.099000e+06  6.981390e-10  1.000000e+00
  5.185500e+06  5.853270e-10  1.000000e+00
  5.271900e+06  4.697380e-10  1.000000e+00
  5.358300e+06  3.513820e-10  1.000000e+00
  5.444700e+06  2.303390e-10  1.000000e+00
  5.531200e+06  1.066880e-10  1.000000e+00
  5.586510e+06  0.000000e+00  1.000000e+00
  1.100000e+07            68             0             2
  0.000000e+00  0.000000e+00  1.099000e-03
  8.937700e+04  2.914300e-08  1.099000e-03
  1.787500e+05  1.097270e-07  1.096000e-03
  2.681300e+05  2.420340e-07  1.061000e-03
  3.575100e+05  4.420530e-07  9.867000e-04
  4.468900e+05  7.417520e-07  8.632000e-04
  5.362600e+05  6.241950e-07  1.182000e-03
  6.256400e+05  4.943550e-07  1.675000e-03
  7.150200e+05  4.098750e-07  2.224000e-03
  8.043900e+05  3.649540e-07  2.709000e-03
  8.937700e+05  3.401460e-07  3.116000e-03
  9.831500e+05  3.240570e-07  3.473000e-03
  1.072500e+06  3.119830e-07  3.802000e-03
  1.161900e+06  3.017060e-07  4.115000e-03
  1.251300e+06  2.923180e-07  4.422000e-03
  1.340700e+06  2.829310e-07  4.731000e-03
  1.430000e+06  2.733230e-07  5.051000e-03
  1.519400e+06  2.639350e-07  5.369000e-03
  1.608800e+06  2.561160e-07  5.664000e-03
  1.698200e+06  2.494140e-07  6.016000e-03
  1.787500e+06  2.433720e-07  6.413000e-03
  1.876900e+06  2.377900e-07  6.814000e-03
  1.966300e+06  2.324270e-07  7.227000e-03
  2.055700e+06  2.263940e-07  7.668000e-03
  2.145100e+06  2.201130e-07  8.147000e-03
  2.234400e+06  2.132520e-07  8.669000e-03
  2.323800e+06  2.060310e-07  9.238000e-03
  2.413200e+06  1.985410e-07  9.825000e-03
  2.502600e+06  1.908310e-07  1.040000e-02
  2.591900e+06  1.830110e-07  1.103000e-02
  2.681300e+06  1.751410e-07  1.170000e-02
  2.770700e+06  1.673220e-07  1.242000e-02
  2.860100e+06  1.596120e-07  1.319000e-02
  2.949400e+06  1.520810e-07  1.402000e-02
  3.038800e+06  1.447710e-07  1.490000e-02
  3.128200e+06  1.377800e-07  1.582000e-02
  3.217600e+06  1.310790e-07  1.680000e-02
  3.307000e+06  1.247470e-07  1.782000e-02
  3.396300e+06  1.187850e-07  1.887000e-02
  3.485700e+06  1.132420e-07  1.995000e-02
  3.575100e+06  1.080590e-07  2.106000e-02
  3.664500e+06  1.032550e-07  2.219000e-02
  3.753800e+06  9.875810e-08  2.319000e-02
  3.843200e+06  9.444470e-08  2.348000e-02
  3.932600e+06  9.033310e-08  2.370000e-02
  4.022000e+06  8.631030e-08  2.388000e-02
  4.111300e+06  8.224260e-08  2.404000e-02
  4.200700e+06  7.801910e-08  2.422000e-02
  4.290100e+06  7.361590e-08  2.442000e-02
  4.379500e+06  6.901290e-08  2.467000e-02
  4.468900e+06  6.420720e-08  2.498000e-02
  4.558200e+06  5.911180e-08  2.540000e-02
  4.647600e+06  5.377080e-08  2.630000e-02
  4.737000e+06  4.809420e-08  2.773000e-02
  4.826400e+06  4.206010e-08  2.975000e-02
  4.915700e+06  3.564650e-08  3.273000e-02
  5.005100e+06  2.876250e-08  3.751000e-02
  5.094500e+06  2.138310e-08  4.622000e-02
  5.183900e+06  1.346240e-08  6.652000e-02
  5.273200e+06  4.945740e-09  1.618000e-01
  5.362600e+06  7.024130e-10  1.000000e+00
  5.452000e+06  6.022940e-10  1.000000e+00
  5.541400e+06  4.997180e-10  1.000000e+00
  5.630800e+06  3.946750e-10  1.000000e+00
  5.720100e+06  2.874050e-10  1.000000e+00
  5.809500e+06  1.776480e-10  1.000000e+00
  5.898900e+06  6.566030e-11  1.000000e+00
  5.957890e+06  0.000000e+00  1.000000e+00
  1.150000e+07            70             0             2
  0.000000e+00  0.000000e+00  1.409000e-03
  9.218000e+04  2.171830e-08  1.409000e-03
  1.843600e+05  8.069440e-08  1.425000e-03
  2.765400e+05  1.734570e-07  1.417000e-03
  3.687200e+05  3.040960e-07  1.372000e-03
  4.609000e+05  4.833370e-07  1.268000e-03
  5.530800e+05  6.259650e-07  1.129000e-03
  6.452600e+05  5.050150e-07  1.571000e-03
  7.374400e+05  4.161540e-07  2.101000e-03
  8.296200e+05  3.676030e-07  2.582000e-03
  9.218000e+05  3.415890e-07  2.981000e-03
  1.014000e+06  3.255550e-07  3.323000e-03
  1.106200e+06  3.142760e-07  3.630000e-03
  1.198300e+06  3.051750e-07  3.916000e-03
  1.290500e+06  2.971530e-07  4.188000e-03
  1.382700e+06  2.895710e-07  4.454000e-03
  1.474900e+06  2.821980e-07  4.719000e-03
  1.567100e+06  2.739660e-07  4.995000e-03
  1.659200e+06  2.648650e-07  5.294000e-03
  1.751400e+06  2.551050e-07  5.612000e-03
  1.843600e+06  2.460040e-07  5.924000e-03
  1.935800e+06  2.379820e-07  6.347000e-03
  2.028000e+06  2.308290e-07  6.779000e-03
  2.120100e+06  2.245460e-07  7.207000e-03
  2.212300e+06  2.184820e-07  7.649000e-03
  2.304500e+06  2.120880e-07  8.120000e-03
  2.396700e+06  2.053650e-07  8.635000e-03
  2.488900e+06  1.983220e-07  9.195000e-03
  2.581000e+06  1.910190e-07  9.804000e-03
  2.673200e+06  1.835570e-07  1.041000e-02
  2.765400e+06  1.759940e-07  1.102000e-02
  2.857600e+06  1.684120e-07  1.169000e-02
  2.949800e+06  1.608490e-07  1.240000e-02
  3.041900e+06  1.533870e-07  1.317000e-02
  3.134100e+06  1.460840e-07  1.399000e-02
  3.226300e+06  1.390010e-07  1.487000e-02
  3.318500e+06  1.321880e-07  1.579000e-02
  3.410700e+06  1.256640e-07  1.677000e-02
  3.502800e+06  1.194910e-07  1.779000e-02
  3.595000e+06  1.136560e-07  1.886000e-02
  3.687200e+06  1.082020e-07  1.996000e-02
  3.779400e+06  1.031070e-07  2.109000e-02
  3.871600e+06  9.838070e-08  2.224000e-02
  3.963700e+06  9.398110e-08  2.341000e-02
  4.055900e+06  8.981930e-08  2.423000e-02
  4.148100e+06  8.585320e-08  2.451000e-02
  4.240300e+06  8.203800e-08  2.473000e-02
  4.332500e+06  7.828880e-08  2.491000e-02
  4.424600e+06  7.445160e-08  2.509000e-02
  4.516800e+06  7.046360e-08  2.528000e-02
  4.609000e+06  6.634570e-08  2.551000e-02
  4.701200e+06  6.201100e-08  2.580000e-02
  4.793400e+06  5.750260e-08  2.616000e-02
  4.885500e+06  5.273430e-08  2.664000e-02
  4.977700e+06  4.772730e-08  2.780000e-02
  5.069900e+06  4.243860e-08  2.945000e-02
  5.162100e+06  3.680320e-08  3.178000e-02
  5.254300e+06  3.082120e-08  3.529000e-02
  5.346400e+06  2.442760e-08  4.108000e-02
  5.438600e+06  1.756940e-08  5.216000e-02
  5.530800e+06  1.022380e-08  8.090000e-02
  5.623000e+06  2.338660e-09  3.145000e-01
  5.715200e+06  6.419990e-10  1.000000e+00
  5.807300e+06  5.459840e-10  1.000000e+00
  5.899500e+06  4.477930e-10  1.000000e+00
  5.991700e+06  3.474430e-10  1.000000e+00
  6.083900e+06  2.447060e-10  1.000000e+00
  6.176100e+06  1.401000e-10  1.000000e+00
  6.268200e+06  3.329170e-11  1.000000e+00
  6.330880e+06  0.000000e+00  1.000000e+00
  1.200000e+07            72             0             2
  0.000000e+00  0.000000e+00  1.405000e-03
  9.484500e+04  2.010380e-08  1.405000e-03
  1.896900e+05  7.489160e-08  1.417000e-03
  2.845300e+05  1.617260e-07  1.403000e-03
  3.793800e+05  2.854480e-07  1.351000e-03
  4.742200e+05  4.575640e-07  1.239000e-03
  5.690700e+05  5.980800e-07  1.093000e-03
  6.639100e+05  4.946390e-07  1.485000e-03
  7.587600e+05  4.063730e-07  1.992000e-03
  8.536000e+05  3.551820e-07  2.475000e-03
  9.484500e+05  3.284270e-07  2.874000e-03
  1.043300e+06  3.126220e-07  3.209000e-03
  1.138100e+06  3.023020e-07  3.503000e-03
  1.233000e+06  2.943000e-07  3.771000e-03
  1.327800e+06  2.877660e-07  4.021000e-03
  1.422700e+06  2.816620e-07  4.260000e-03
  1.517500e+06  2.759670e-07  4.492000e-03
  1.612400e+06  2.698630e-07  4.726000e-03
  1.707200e+06  2.629090e-07  4.971000e-03
  1.802000e+06  2.549070e-07  5.242000e-03
  1.896900e+06  2.450060e-07  5.557000e-03
  1.991700e+06  2.340470e-07  5.915000e-03
  2.086600e+06  2.237270e-07  6.296000e-03
  2.181400e+06  2.152950e-07  6.766000e-03
  2.276300e+06  2.084310e-07  7.217000e-03
  2.371100e+06  2.021970e-07  7.670000e-03
  2.466000e+06  1.960830e-07  8.143000e-03
  2.560800e+06  1.897690e-07  8.652000e-03
  2.655600e+06  1.831750e-07  9.206000e-03
  2.750500e+06  1.763920e-07  9.809000e-03
  2.845300e+06  1.694780e-07  1.046000e-02
  2.940200e+06  1.624650e-07  1.109000e-02
  3.035000e+06  1.554320e-07  1.175000e-02
  3.129900e+06  1.484090e-07  1.246000e-02
  3.224700e+06  1.415250e-07  1.322000e-02
  3.319600e+06  1.347620e-07  1.404000e-02
  3.414400e+06  1.281880e-07  1.492000e-02
  3.509200e+06  1.218440e-07  1.584000e-02
  3.604100e+06  1.157600e-07  1.683000e-02
  3.698900e+06  1.099650e-07  1.786000e-02
  3.793800e+06  1.045100e-07  1.894000e-02
  3.888600e+06  9.937030e-08  2.006000e-02
  3.983500e+06  9.456690e-08  2.121000e-02
  4.078300e+06  9.010110e-08  2.240000e-02
  4.173200e+06  8.595110e-08  2.361000e-02
  4.268000e+06  8.209580e-08  2.484000e-02
  4.362800e+06  7.840930e-08  2.544000e-02
  4.457700e+06  7.491260e-08  2.572000e-02
  4.552500e+06  7.152080e-08  2.594000e-02
  4.647400e+06  6.812910e-08  2.613000e-02
  4.742200e+06  6.467440e-08  2.632000e-02
  4.837100e+06  6.109280e-08  2.654000e-02
  4.931900e+06  5.736430e-08  2.681000e-02
  5.026800e+06  5.346700e-08  2.713000e-02
  5.121600e+06  4.940090e-08  2.755000e-02
  5.216400e+06  4.512400e-08  2.820000e-02
  5.311300e+06  4.063730e-08  2.959000e-02
  5.406100e+06  3.589680e-08  3.148000e-02
  5.501000e+06  3.086260e-08  3.421000e-02
  5.595800e+06  2.551170e-08  3.839000e-02
  5.690700e+06  1.979010e-08  4.550000e-02
  5.785500e+06  1.368300e-08  5.992000e-02
  5.880400e+06  7.143590e-09  1.032000e-01
  5.975200e+06  6.522180e-10  1.000000e+00
  6.070100e+06  5.654210e-10  1.000000e+00
  6.164900e+06  4.767360e-10  1.000000e+00
  6.259700e+06  3.859420e-10  1.000000e+00
  6.354600e+06  2.932410e-10  1.000000e+00
  6.449400e+06  1.986810e-10  1.000000e+00
  6.544300e+06  1.021930e-10  1.000000e+00
  6.639100e+06  3.819360e-12  1.000000e+00
  6.705490e+06  0.000000e+00  1.000000e+00
  1.250000e+07            73             0             2
  0.000000e+00  0.000000e+00  1.416000e-03
  9.738000e+04  1.852020e-08  1.416000e-03
  1.947600e+05  6.919040e-08  1.425000e-03
  2.921400e+05  1.500940e-07  1.405000e-03
  3.895200e+05  2.665490e-07  1.344000e-03
  4.869000e+05  4.307000e-07  1.224000e-03
  5.842800e+05  5.677660e-07  1.071000e-03
  6.816600e+05  4.836420e-07  1.414000e-03
  7.790400e+05  3.982790e-07  1.893000e-03
  8.764200e+05  3.445180e-07  2.378000e-03
  9.738000e+05  3.162040e-07  2.783000e-03
  1.071200e+06  3.003980e-07  3.117000e-03
  1.168600e+06  2.905470e-07  3.404000e-03
  1.265900e+06  2.833730e-07  3.660000e-03
  1.363300e+06  2.776290e-07  3.895000e-03
  1.460700e+06  2.727030e-07  4.116000e-03
  1.558100e+06  2.681870e-07  4.327000e-03
  1.655500e+06  2.634610e-07  4.535000e-03
  1.752800e+06  2.581360e-07  4.748000e-03
  1.850200e+06  2.519720e-07  4.975000e-03
  1.947600e+06  2.443790e-07  5.231000e-03
  2.045000e+06  2.349470e-07  5.538000e-03
  2.142400e+06  2.232480e-07  5.914000e-03
  2.239800e+06  2.117580e-07  6.314000e-03
  2.337100e+06  2.025270e-07  6.736000e-03
  2.434500e+06  1.950730e-07  7.209000e-03
  2.531900e+06  1.885290e-07  7.681000e-03
  2.629300e+06  1.823750e-07  8.164000e-03
  2.726700e+06  1.763200e-07  8.674000e-03
  2.824000e+06  1.701460e-07  9.222000e-03
  2.921400e+06  1.638020e-07  9.818000e-03
  3.018800e+06  1.573380e-07  1.047000e-02
  3.116200e+06  1.508330e-07  1.115000e-02
  3.213600e+06  1.442890e-07  1.181000e-02
  3.310900e+06  1.377850e-07  1.252000e-02
  3.408300e+06  1.313610e-07  1.328000e-02
  3.505700e+06  1.250670e-07  1.410000e-02
  3.603100e+06  1.189320e-07  1.497000e-02
  3.700500e+06  1.129980e-07  1.590000e-02
  3.797800e+06  1.073130e-07  1.689000e-02
  3.895200e+06  1.018980e-07  1.793000e-02
  3.992600e+06  9.674840e-08  1.902000e-02
  4.090000e+06  9.190580e-08  2.015000e-02
  4.187400e+06  8.737090e-08  2.133000e-02
  4.284700e+06  8.312270e-08  2.254000e-02
  4.382100e+06  7.920430e-08  2.379000e-02
  4.479500e+06  7.553160e-08  2.505000e-02
  4.576900e+06  7.212470e-08  2.635000e-02
  4.674300e+06  6.886260e-08  2.671000e-02
  4.771600e+06  6.572250e-08  2.698000e-02
  4.869000e+06  6.268620e-08  2.720000e-02
  4.966400e+06  5.962900e-08  2.741000e-02
  5.063800e+06  5.648890e-08  2.762000e-02
  5.161200e+06  5.322680e-08  2.787000e-02
  5.258500e+06  4.986190e-08  2.817000e-02
  5.355900e+06  4.635300e-08  2.854000e-02
  5.453300e+06  4.265940e-08  2.903000e-02
  5.550700e+06  3.882180e-08  2.993000e-02
  5.648100e+06  3.475950e-08  3.151000e-02
  5.745400e+06  3.049140e-08  3.370000e-02
  5.842800e+06  2.595650e-08  3.690000e-02
  5.940200e+06  2.113490e-08  4.191000e-02
  6.037600e+06  1.601550e-08  5.075000e-02
  6.135000e+06  1.053850e-08  6.996000e-02
  6.232400e+06  4.686560e-09  1.409000e-01
  6.329700e+06  5.811040e-10  1.000000e+00
  6.427100e+06  5.002570e-10  1.000000e+00
  6.524500e+06  4.175620e-10  1.000000e+00
  6.621900e+06  3.332280e-10  1.000000e+00
  6.719300e+06  2.472560e-10  1.000000e+00
  6.816600e+06  1.594560e-10  1.000000e+00
  6.914000e+06  6.997060e-11  1.000000e+00
  6.983140e+06  0.000000e+00  1.000000e+00
  1.300000e+07            75             0             2
  0.000000e+00  0.000000e+00  1.381000e-03
  9.979700e+04  1.823040e-08  1.381000e-03
  1.995900e+05  6.761640e-08  1.401000e-03
  2.993900e+05  1.446880e-07  1.401000e-03
  3.991900e+05  2.516910e-07  1.369000e-03
  4.989800e+05  3.954500e-07  1.282000e-03
  5.987800e+05  5.047700e-07  1.160000e-03
  6.985800e+05  4.108650e-07  1.602000e-03
  7.983800e+05  3.483920e-07  2.085000e-03
  8.981700e+05  3.161620e-07  2.497000e-03
  9.979700e+05  2.997370e-07  2.831000e-03
  1.097800e+06  2.899260e-07  3.115000e-03
  1.197600e+06  2.835220e-07  3.367000e-03
  1.297400e+06  2.783160e-07  3.599000e-03
  1.397200e+06  2.739100e-07  3.816000e-03
  1.497000e+06  2.699040e-07  4.023000e-03
  1.596800e+06  2.658980e-07  4.223000e-03
  1.696500e+06  2.617010e-07  4.422000e-03
  1.796300e+06  2.566960e-07  4.627000e-03
  1.896100e+06  2.506820e-07  4.850000e-03
  1.995900e+06  2.430780e-07  5.107000e-03
  2.095700e+06  2.334670e-07  5.414000e-03
  2.195500e+06  2.226570e-07  5.767000e-03
  2.295300e+06  2.120370e-07  6.135000e-03
  2.395100e+06  2.028350e-07  6.490000e-03
  2.494900e+06  1.949620e-07  6.815000e-03
  2.594700e+06  1.881190e-07  7.226000e-03
  2.694500e+06  1.818440e-07  7.687000e-03
  2.794300e+06  1.758800e-07  8.163000e-03
  2.894100e+06  1.699750e-07  8.666000e-03
  2.993900e+06  1.639710e-07  9.207000e-03
  3.093700e+06  1.578360e-07  9.794000e-03
  3.193500e+06  1.516120e-07  1.043000e-02
  3.293300e+06  1.453280e-07  1.113000e-02
  3.393100e+06  1.390330e-07  1.183000e-02
  3.492900e+06  1.327490e-07  1.254000e-02
  3.592700e+06  1.265650e-07  1.329000e-02
  3.692500e+06  1.205000e-07  1.410000e-02
  3.792300e+06  1.145660e-07  1.497000e-02
  3.892100e+06  1.088410e-07  1.589000e-02
  3.991900e+06  1.033160e-07  1.688000e-02
  4.091700e+06  9.805160e-08  1.792000e-02
  4.191500e+06  9.304520e-08  1.902000e-02
  4.291300e+06  8.830050e-08  2.016000e-02
  4.391100e+06  8.385560e-08  2.136000e-02
  4.490900e+06  7.971030e-08  2.259000e-02
  4.590700e+06  7.584590e-08  2.386000e-02
  4.690500e+06  7.224220e-08  2.515000e-02
  4.790300e+06  6.889820e-08  2.648000e-02
  4.890100e+06  6.575510e-08  2.759000e-02
  4.989800e+06  6.273080e-08  2.793000e-02
  5.089600e+06  5.984850e-08  2.820000e-02
  5.189400e+06  5.700500e-08  2.842000e-02
  5.289200e+06  5.414170e-08  2.864000e-02
  5.389000e+06  5.117840e-08  2.888000e-02
  5.488800e+06  4.813510e-08  2.916000e-02
  5.588600e+06  4.497100e-08  2.950000e-02
  5.688400e+06  4.166700e-08  2.992000e-02
  5.788200e+06  3.822320e-08  3.048000e-02
  5.888000e+06  3.461940e-08  3.167000e-02
  5.987800e+06  3.083490e-08  3.348000e-02
  6.087600e+06  2.683050e-08  3.601000e-02
  6.187400e+06  2.260540e-08  3.975000e-02
  6.287200e+06  1.811250e-08  4.578000e-02
  6.387000e+06  1.333280e-08  5.686000e-02
  6.486800e+06  8.237390e-09  8.318000e-02
  6.586600e+06  2.799150e-09  2.182000e-01
  6.686400e+06  5.346030e-10  1.000000e+00
  6.786200e+06  4.567140e-10  1.000000e+00
  6.886000e+06  3.772260e-10  1.000000e+00
  6.985800e+06  2.963400e-10  1.000000e+00
  7.085600e+06  2.136450e-10  1.000000e+00
  7.185400e+06  1.293220e-10  1.000000e+00
  7.285200e+06  4.350930e-11  1.000000e+00
  7.358050e+06  0.000000e+00  1.000000e+00
  1.350000e+07            77             0             2
  0.000000e+00  0.000000e+00  1.310000e-03
  1.021000e+05  1.759020e-08  1.310000e-03
  2.042000e+05  6.528830e-08  1.346000e-03
  3.063100e+05  1.399740e-07  1.349000e-03
  4.084100e+05  2.442400e-07  1.315000e-03
  5.105100e+05  3.855430e-07  1.227000e-03
  6.126100e+05  4.947450e-07  1.104000e-03
  7.147200e+05  4.113800e-07  1.494000e-03
  8.168200e+05  3.471880e-07  1.954000e-03
  9.189200e+05  3.123490e-07  2.363000e-03
  1.021000e+06  2.943450e-07  2.696000e-03
  1.123100e+06  2.837750e-07  2.978000e-03
  1.225200e+06  2.767310e-07  3.228000e-03
  1.327300e+06  2.712460e-07  3.459000e-03
  1.429400e+06  2.665500e-07  3.676000e-03
  1.531500e+06  2.620540e-07  3.884000e-03
  1.633600e+06  2.579380e-07  4.085000e-03
  1.735700e+06  2.536320e-07  4.283000e-03
  1.837800e+06  2.487460e-07  4.486000e-03
  1.939900e+06  2.430720e-07  4.701000e-03
  2.042000e+06  2.362180e-07  4.941000e-03
  2.144100e+06  2.278050e-07  5.225000e-03
  2.246300e+06  2.178240e-07  5.552000e-03
  2.348400e+06  2.080330e-07  5.895000e-03
  2.450500e+06  1.990310e-07  6.240000e-03
  2.552600e+06  1.903890e-07  6.592000e-03
  2.654700e+06  1.821660e-07  6.948000e-03
  2.756800e+06  1.748030e-07  7.290000e-03
  2.858900e+06  1.682090e-07  7.776000e-03
  2.961000e+06  1.621240e-07  8.278000e-03
  3.063100e+06  1.563290e-07  8.798000e-03
  3.165200e+06  1.506950e-07  9.347000e-03
  3.267300e+06  1.450400e-07  9.936000e-03
  3.369400e+06  1.393050e-07  1.057000e-02
  3.471500e+06  1.335300e-07  1.127000e-02
  3.573600e+06  1.277550e-07  1.202000e-02
  3.675700e+06  1.220200e-07  1.276000e-02
  3.777800e+06  1.163450e-07  1.352000e-02
  3.879900e+06  1.107700e-07  1.434000e-02
  3.982000e+06  1.053250e-07  1.521000e-02
  4.084100e+06  1.000500e-07  1.615000e-02
  4.186200e+06  9.495760e-08  1.714000e-02
  4.288300e+06  9.008400e-08  1.820000e-02
  4.390400e+06  8.544620e-08  1.931000e-02
  4.492500e+06  8.104220e-08  2.048000e-02
  4.594600e+06  7.691290e-08  2.171000e-02
  4.696700e+06  7.303830e-08  2.298000e-02
  4.798800e+06  6.941760e-08  2.429000e-02
  4.900900e+06  6.605160e-08  2.563000e-02
  5.003000e+06  6.291940e-08  2.701000e-02
  5.105100e+06  6.000410e-08  2.841000e-02
  5.207200e+06  5.722460e-08  2.930000e-02
  5.309300e+06  5.458290e-08  2.964000e-02
  5.411400e+06  5.201920e-08  2.991000e-02
  5.513500e+06  4.949450e-08  3.015000e-02
  5.615600e+06  4.693080e-08  3.039000e-02
  5.717700e+06  4.426920e-08  3.066000e-02
  5.819800e+06  4.154870e-08  3.098000e-02
  5.921900e+06  3.871120e-08  3.137000e-02
  6.024000e+06  3.575590e-08  3.187000e-02
  6.126100e+06  3.266360e-08  3.252000e-02
  6.228200e+06  2.945350e-08  3.405000e-02
  6.330300e+06  2.606860e-08  3.615000e-02
  6.432400e+06  2.250680e-08  3.912000e-02
  6.534500e+06  1.873920e-08  4.360000e-02
  6.636700e+06  1.474070e-08  5.101000e-02
  6.738800e+06  1.048960e-08  6.533000e-02
  6.840900e+06  5.965140e-09  1.035000e-01
  6.943000e+06  1.139580e-09  4.804000e-01
  7.045100e+06  4.761520e-10  1.000000e+00
  7.147200e+06  4.035470e-10  1.000000e+00
  7.249300e+06  3.293740e-10  1.000000e+00
  7.351400e+06  2.538320e-10  1.000000e+00
  7.453500e+06  1.769010e-10  1.000000e+00
  7.555600e+06  9.846050e-11  1.000000e+00
  7.657700e+06  1.862530e-11  1.000000e+00
  7.734280e+06  0.000000e+00  1.000000e+00
  1.400000e+07            78             0             2
  0.000000e+00  0.000000e+00  1.288000e-03
  1.043000e+05  1.638290e-08  1.288000e-03
  2.086100e+05  6.096270e-08  1.320000e-03
  3.129100e+05  1.312970e-07  1.330000e-03
  4.172200e+05  2.306720e-07  1.307000e-03
  5.215200e+05  3.666950e-07  1.210000e-03
  6.258200e+05  4.749420e-07  1.080000e-03
  7.301300e+05  4.040530e-07  1.429000e-03
  8.344300e+05  3.400680e-07  1.874000e-03
  9.387400e+05  3.027100e-07  2.291000e-03
  1.043000e+06  2.837360e-07  2.631000e-03
  1.147300e+06  2.730060e-07  2.913000e-03
  1.251600e+06  2.661120e-07  3.159000e-03
  1.356000e+06  2.611360e-07  3.384000e-03
  1.460300e+06  2.569190e-07  3.593000e-03
  1.564600e+06  2.530830e-07  3.792000e-03
  1.668900e+06  2.494460e-07  3.983000e-03
  1.773200e+06  2.458090e-07  4.171000e-03
  1.877500e+06  2.415930e-07  4.361000e-03
  1.981800e+06  2.369970e-07  4.561000e-03
  2.086100e+06  2.310520e-07  4.780000e-03
  2.190400e+06  2.237680e-07  5.035000e-03
  2.294700e+06  2.149550e-07  5.331000e-03
  2.399000e+06  2.057630e-07  5.649000e-03
  2.503300e+06  1.975300e-07  5.965000e-03
  2.607600e+06  1.896670e-07  6.281000e-03
  2.711900e+06  1.819540e-07  6.609000e-03
  2.816200e+06  1.740710e-07  6.962000e-03
  2.920500e+06  1.663970e-07  7.328000e-03
  3.024800e+06  1.593230e-07  7.727000e-03
  3.129100e+06  1.529290e-07  8.252000e-03
  3.233400e+06  1.470240e-07  8.789000e-03
  3.337700e+06  1.414290e-07  9.347000e-03
  3.442000e+06  1.360230e-07  9.936000e-03
  3.546300e+06  1.306380e-07  1.057000e-02
  3.650600e+06  1.252430e-07  1.125000e-02
  3.754900e+06  1.198370e-07  1.200000e-02
  3.859200e+06  1.144720e-07  1.280000e-02
  3.963500e+06  1.091460e-07  1.356000e-02
  4.067900e+06  1.039210e-07  1.437000e-02
  4.172200e+06  9.882020e-08  1.524000e-02
  4.276500e+06  9.387740e-08  1.617000e-02
  4.380800e+06  8.908750e-08  1.716000e-02
  4.485100e+06  8.448950e-08  1.822000e-02
  4.589400e+06  8.010220e-08  1.934000e-02
  4.693700e+06  7.594480e-08  2.051000e-02
  4.798000e+06  7.201720e-08  2.175000e-02
  4.902300e+06  6.831940e-08  2.303000e-02
  5.006600e+06  6.487130e-08  2.436000e-02
  5.110900e+06  6.165210e-08  2.574000e-02
  5.215200e+06  5.866360e-08  2.714000e-02
  5.319500e+06  5.588600e-08  2.858000e-02
  5.423800e+06  5.329930e-08  3.005000e-02
  5.528100e+06  5.080840e-08  3.068000e-02
  5.632400e+06  4.843340e-08  3.102000e-02
  5.736700e+06  4.611440e-08  3.129000e-02
  5.841000e+06  4.381540e-08  3.154000e-02
  5.945300e+06  4.145940e-08  3.180000e-02
  6.049600e+06  3.904550e-08  3.211000e-02
  6.153900e+06  3.655460e-08  3.247000e-02
  6.258200e+06  3.396780e-08  3.291000e-02
  6.362500e+06  3.126720e-08  3.348000e-02
  6.466800e+06  2.846960e-08  3.438000e-02
  6.571100e+06  2.553810e-08  3.614000e-02
  6.675500e+06  2.245370e-08  3.855000e-02
  6.779800e+06  1.921650e-08  4.200000e-02
  6.884100e+06  1.578640e-08  4.732000e-02
  6.988400e+06  1.215460e-08  5.640000e-02
  7.092700e+06  8.299480e-09  7.503000e-02
  7.197000e+06  4.199600e-09  1.330000e-01
  7.301300e+06  4.929470e-10  1.000000e+00
  7.405600e+06  4.260840e-10  1.000000e+00
  7.509900e+06  3.578830e-10  1.000000e+00
  7.614200e+06  2.883330e-10  1.000000e+00
  7.718500e+06  2.174530e-10  1.000000e+00
  7.822800e+06  1.452750e-10  1.000000e+00
  7.927100e+06  7.184530e-11  1.000000e+00
  8.006370e+06  0.000000e+00  1.000000e+00
  1.450000e+07            80             0             2
  0.000000e+00  0.000000e+00  1.277000e-03
  1.064100e+05  1.520470e-08  1.277000e-03
  2.128200e+05  5.673500e-08  1.306000e-03
  3.192300e+05  1.226900e-07  1.310000e-03
  4.256300e+05  2.167240e-07  1.280000e-03
  5.320400e+05  3.472480e-07  1.192000e-03
  6.384500e+05  4.531620e-07  1.067000e-03
  7.448600e+05  3.964480e-07  1.373000e-03
  8.512700e+05  3.346590e-07  1.797000e-03
  9.576800e+05  2.948510e-07  2.221000e-03
  1.064100e+06  2.741880e-07  2.570000e-03
  1.170500e+06  2.631070e-07  2.855000e-03
  1.276900e+06  2.565420e-07  3.100000e-03
  1.383300e+06  2.518460e-07  3.319000e-03
  1.489700e+06  2.480890e-07  3.522000e-03
  1.596100e+06  2.447020e-07  3.713000e-03
  1.702500e+06  2.417040e-07  3.897000e-03
  1.808900e+06  2.385070e-07  4.076000e-03
  1.915400e+06  2.349390e-07  4.257000e-03
  2.021800e+06  2.308130e-07  4.444000e-03
  2.128200e+06  2.257370e-07  4.646000e-03
  2.234600e+06  2.193520e-07  4.878000e-03
  2.341000e+06  2.116480e-07  5.149000e-03
  2.447400e+06  2.032050e-07  5.446000e-03
  2.553800e+06  1.953120e-07  5.743000e-03
  2.660200e+06  1.881770e-07  6.036000e-03
  2.766600e+06  1.810930e-07  6.333000e-03
  2.873000e+06  1.740690e-07  6.645000e-03
  2.979400e+06  1.668650e-07  6.980000e-03
  3.085900e+06  1.594110e-07  7.346000e-03
  3.192300e+06  1.520270e-07  7.734000e-03
  3.298700e+06  1.452320e-07  8.206000e-03
  3.405100e+06  1.390270e-07  8.769000e-03
  3.511500e+06  1.333220e-07  9.348000e-03
  3.617900e+06  1.279460e-07  9.950000e-03
  3.724300e+06  1.228000e-07  1.058000e-02
  3.830700e+06  1.177340e-07  1.126000e-02
  3.937100e+06  1.126590e-07  1.200000e-02
  4.043500e+06  1.076330e-07  1.279000e-02
  4.149900e+06  1.026570e-07  1.363000e-02
  4.256300e+06  9.775070e-08  1.443000e-02
  4.362800e+06  9.296160e-08  1.530000e-02
  4.469200e+06  8.830440e-08  1.623000e-02
  4.575600e+06  8.379700e-08  1.722000e-02
  4.682000e+06  7.947750e-08  1.827000e-02
  4.788400e+06  7.532690e-08  1.939000e-02
  4.894800e+06  7.138310e-08  2.058000e-02
  5.001200e+06  6.766510e-08  2.182000e-02
  5.107600e+06  6.413400e-08  2.312000e-02
  5.214000e+06  6.084760e-08  2.447000e-02
  5.320400e+06  5.776810e-08  2.587000e-02
  5.426800e+06  5.491350e-08  2.731000e-02
  5.533300e+06  5.224660e-08  2.878000e-02
  5.639700e+06  4.976760e-08  3.029000e-02
  5.746100e+06  4.745750e-08  3.177000e-02
  5.852500e+06  4.522230e-08  3.218000e-02
  5.958900e+06  4.306310e-08  3.251000e-02
  6.065300e+06  4.097880e-08  3.279000e-02
  6.171700e+06  3.887550e-08  3.305000e-02
  6.278100e+06  3.673420e-08  3.335000e-02
  6.384500e+06  3.451800e-08  3.368000e-02
  6.490900e+06  3.222690e-08  3.409000e-02
  6.597300e+06  2.986080e-08  3.459000e-02
  6.703700e+06  2.740080e-08  3.524000e-02
  6.810200e+06  2.484580e-08  3.645000e-02
  6.916600e+06  2.216100e-08  3.846000e-02
  7.023000e+06  1.936230e-08  4.123000e-02
  7.129400e+06  1.640070e-08  4.527000e-02
  7.235800e+06  1.327720e-08  5.163000e-02
  7.342200e+06  9.972310e-09  6.291000e-02
  7.448600e+06  6.467850e-09  8.781000e-02
  7.555000e+06  2.745670e-09  1.848000e-01
  7.661400e+06  4.454690e-10  1.000000e+00
  7.767800e+06  3.821800e-10  1.000000e+00
  7.874200e+06  3.179520e-10  1.000000e+00
  7.980700e+06  2.524050e-10  1.000000e+00
  8.087100e+06  1.855690e-10  1.000000e+00
  8.193500e+06  1.176350e-10  1.000000e+00
  8.299900e+06  4.852760e-11  1.000000e+00
  8.382900e+06  0.000000e+00  1.000000e+00
  1.500000e+07            82             0             2
  0.000000e+00  0.000000e+00  1.219000e-03
  1.084200e+05  1.506560e-08  1.219000e-03
  2.168500e+05  5.584510e-08  1.254000e-03
  3.252700e+05  1.193420e-07  1.274000e-03
  4.336900e+05  2.069800e-07  1.267000e-03
  5.421100e+05  3.232740e-07  1.211000e-03
  6.505400e+05  4.095230e-07  1.120000e-03
  7.589600e+05  3.428080e-07  1.529000e-03
  8.673800e+05  2.967360e-07  1.964000e-03
  9.758100e+05  2.735050e-07  2.321000e-03
  1.084200e+06  2.620850e-07  2.607000e-03
  1.192700e+06  2.558200e-07  2.849000e-03
  1.301100e+06  2.517630e-07  3.065000e-03
  1.409500e+06  2.486260e-07  3.264000e-03
  1.517900e+06  2.458680e-07  3.453000e-03
  1.626300e+06  2.431000e-07  3.635000e-03
  1.734800e+06  2.401530e-07  3.812000e-03
  1.843200e+06  2.370150e-07  3.988000e-03
  1.951600e+06  2.335180e-07  4.168000e-03
  2.060000e+06  2.290920e-07  4.359000e-03
  2.168500e+06  2.235660e-07  4.572000e-03
  2.276900e+06  2.165620e-07  4.820000e-03
  2.385300e+06  2.086390e-07  5.094000e-03
  2.493700e+06  2.010750e-07  5.373000e-03
  2.602200e+06  1.942600e-07  5.643000e-03
  2.710600e+06  1.878060e-07  5.913000e-03
  2.819000e+06  1.812810e-07  6.190000e-03
  2.927400e+06  1.747360e-07  6.481000e-03
  3.035800e+06  1.680320e-07  6.792000e-03
  3.144300e+06  1.610880e-07  7.129000e-03
  3.252700e+06  1.538440e-07  7.500000e-03
  3.361100e+06  1.466890e-07  7.894000e-03
  3.469500e+06  1.400350e-07  8.287000e-03
  3.578000e+06  1.339900e-07  8.814000e-03
  3.686400e+06  1.284040e-07  9.394000e-03
  3.794800e+06  1.232090e-07  9.994000e-03
  3.903200e+06  1.182330e-07  1.062000e-02
  4.011600e+06  1.133470e-07  1.130000e-02
  4.120100e+06  1.084810e-07  1.202000e-02
  4.228500e+06  1.036750e-07  1.281000e-02
  4.336900e+06  9.889870e-08  1.367000e-02
  4.445300e+06  9.419860e-08  1.453000e-02
  4.553800e+06  8.959140e-08  1.539000e-02
  4.662200e+06  8.511210e-08  1.632000e-02
  4.770600e+06  8.078160e-08  1.731000e-02
  4.879000e+06  7.659710e-08  1.837000e-02
  4.987500e+06  7.259830e-08  1.949000e-02
  5.095900e+06  6.878250e-08  2.068000e-02
  5.204300e+06  6.515250e-08  2.193000e-02
  5.312700e+06  6.174230e-08  2.324000e-02
  5.421100e+06  5.851690e-08  2.462000e-02
  5.529600e+06  5.551340e-08  2.604000e-02
  5.638000e+06  5.271170e-08  2.751000e-02
  5.746400e+06  5.011280e-08  2.902000e-02
  5.854800e+06  4.767980e-08  3.057000e-02
  5.963300e+06  4.541270e-08  3.216000e-02
  6.071700e+06  4.329340e-08  3.340000e-02
  6.180100e+06  4.122910e-08  3.380000e-02
  6.288500e+06  3.923880e-08  3.413000e-02
  6.397000e+06  3.730330e-08  3.442000e-02
  6.505400e+06  3.533100e-08  3.470000e-02
  6.613800e+06  3.332260e-08  3.503000e-02
  6.722200e+06  3.124030e-08  3.541000e-02
  6.830600e+06  2.910210e-08  3.587000e-02
  6.939100e+06  2.688990e-08  3.644000e-02
  7.047500e+06  2.458680e-08  3.718000e-02
  7.155900e+06  2.219080e-08  3.875000e-02
  7.264300e+06  1.968380e-08  4.104000e-02
  7.372800e+06  1.706500e-08  4.425000e-02
  7.481200e+06  1.430220e-08  4.901000e-02
  7.589600e+06  1.138960e-08  5.669000e-02
  7.698000e+06  8.308470e-09  7.090000e-02
  7.806500e+06  5.044460e-09  1.053000e-01
  7.914900e+06  1.579900e-09  2.991000e-01
  8.023300e+06  4.124810e-10  1.000000e+00
  8.131700e+06  3.512910e-10  1.000000e+00
  8.240100e+06  2.889930e-10  1.000000e+00
  8.348600e+06  2.255950e-10  1.000000e+00
  8.457000e+06  1.609880e-10  1.000000e+00
  8.565400e+06  9.532270e-11  1.000000e+00
  8.673800e+06  2.856750e-11  1.000000e+00
  8.760540e+06  0.000000e+00  1.000000e+00
