             5             3
            22
             0
             4
  1.180860e+07  0.000000e+00  1.460000e+07  1.207300e-07  1.480000e+07  4.526100e-07
  1.500000e+07  1.692600e-06
            22
             6
  9.926920e+00             3             1
  1.000000e+00  1.000000e+00             0             1
 -8.436260e+06 -8.436260e+06             2
             1
             2             2
  1.180860e+07  1.000000e+00  1.500000e+07  1.000000e+00
          5010             2             2             8
             1
             8            22
  1.180860e+07             3             0             2
  0.000000e+00  0.000000e+00  0.000000e+00
  5.000000e-01  2.000000e+00  0.000000e+00
  1.000000e+00  0.000000e+00  0.000000e+00
  1.200000e+07             6             0             2
  0.000000e+00  0.000000e+00  0.000000e+00
  6.050000e+03  2.420940e-05  0.000000e+00
  1.815000e+04  3.662920e-05  0.000000e+00
  3.025000e+04  2.253180e-05  0.000000e+00
  4.235000e+04  5.326620e-06  0.000000e+00
  5.445000e+04  0.000000e+00  0.000000e+00
  1.250000e+07             6             0             2
  0.000000e+00  0.000000e+00  0.000000e+00
  2.171000e+04  6.744580e-06  0.000000e+00
  6.512000e+04  1.020310e-05  0.000000e+00
  1.085900e+05  6.279370e-06  0.000000e+00
  1.519900e+05  1.484590e-06  0.000000e+00
  1.953900e+05  0.000000e+00  0.000000e+00
  1.300000e+07             6             0             2
  0.000000e+00  0.000000e+00  0.000000e+00
  3.736500e+04  3.918690e-06  0.000000e+00
  1.121350e+05  5.930870e-06  0.000000e+00
  1.868350e+05  3.648980e-06  0.000000e+00
  2.615350e+05  8.624270e-07  0.000000e+00
  3.363350e+05  0.000000e+00  0.000000e+00
  1.350000e+07             6             0             2
  0.000000e+00  0.000000e+00  0.000000e+00
  5.305000e+04  2.762110e-06  0.000000e+00
  1.590500e+05  4.179320e-06  0.000000e+00
  2.651500e+05  2.571180e-06  0.000000e+00
  3.711500e+05  6.077580e-07  0.000000e+00
  4.772500e+05  0.000000e+00  0.000000e+00
  1.400000e+07             6             0             2
  0.000000e+00  0.000000e+00  0.000000e+00
  6.870000e+04  2.131890e-06  0.000000e+00
  2.060000e+05  3.226580e-06  0.000000e+00
  3.434000e+05  1.985440e-06  0.000000e+00
  4.808000e+05  4.692020e-07  0.000000e+00
  6.181000e+05  0.000000e+00  0.000000e+00
  1.450000e+07             6             0             2
  0.000000e+00  0.000000e+00  0.000000e+00
  8.435000e+04  1.736020e-06  0.000000e+00
  2.530500e+05  2.627660e-06  0.000000e+00
  4.217500e+05  1.616450e-06  0.000000e+00
  5.903500e+05  3.821460e-07  0.000000e+00
  7.590500e+05  0.000000e+00  0.000000e+00
  1.500000e+07             6             0             2
  0.000000e+00  0.000000e+00  0.000000e+00
  1.000000e+05  1.464400e-06  0.000000e+00
  3.000000e+05  2.216060e-06  0.000000e+00
  5.000000e+05  1.363380e-06  0.000000e+00
  7.000000e+05  3.222610e-07  0.000000e+00
  9.000000e+05  0.000000e+00  0.000000e+00
