             5             3
            22
             0
            34
  6.468850e+06  0.000000e+00  8.600000e+06  0.000000e+00  8.800000e+06  1.555100e-09
  9.000000e+06  5.358000e-08  9.200000e+06  1.841200e-06  9.400000e+06  6.338100e-05
  9.600000e+06  6.976000e-04  9.800000e+06  2.455600e-03  1.000000e+07  8.578900e-03
  1.020000e+07  1.467300e-02  1.040000e+07  2.490900e-02  1.060000e+07  3.701600e-02
  1.080000e+07  4.849200e-02  1.100000e+07  6.287100e-02  1.120000e+07  7.419800e-02
  1.140000e+07  8.698300e-02  1.160000e+07  9.964000e-02  1.180000e+07  1.117200e-01
  1.200000e+07  1.246600e-01  1.220000e+07  1.359200e-01  1.240000e+07  1.476800e-01
  1.260000e+07  1.587500e-01  1.280000e+07  1.689400e-01  1.300000e+07  1.793600e-01
  1.320000e+07  1.881400e-01  1.340000e+07  1.970700e-01  1.360000e+07  2.057800e-01
  1.380000e+07  2.139200e-01  1.400000e+07  2.212600e-01  1.420000e+07  2.242200e-01
  1.440000e+07  2.268300e-01  1.460000e+07  2.311600e-01  1.480000e+07  2.376000e-01
  1.500000e+07  2.447800e-01
            22
             6
  1.289160e+01             3             1
  1.000000e+00  1.000000e+00             0             1
 -4.946310e+06 -4.946310e+06             2
             1
             2             2
  6.468850e+06  1.000000e+00  1.500000e+07  1.000000e+00
          6013             2             2            19
             1
            19            22
  6.468850e+06             3             0             2
  0.000000e+00  0.000000e+00  0.000000e+00
  5.000000e-01  2.000000e+00  0.000000e+00
  1.000000e+00  0.000000e+00  0.000000e+00
  6.500000e+06            10             0             2
  0.000000e+00  0.000000e+00  0.000000e+00
  6.955000e+02  2.375430e-04  0.000000e+00
  2.086500e+03  2.252530e-04  0.000000e+00
  3.477500e+03  1.653630e-04  0.000000e+00
  4.868500e+03  9.529240e-05  0.000000e+00
  6.259500e+03  3.848380e-05  0.000000e+00
  7.650500e+03  1.303280e-05  0.000000e+00
  9.041500e+03  3.021110e-06  0.000000e+00
  1.043450e+04  3.012850e-07  0.000000e+00
  1.182450e+04  0.000000e+00  0.000000e+00
  7.000000e+06            10             0             2
  0.000000e+00  0.000000e+00  0.000000e+00
  1.173000e+04  1.408140e-05  0.000000e+00
  3.519000e+04  1.335670e-05  0.000000e+00
  5.865000e+04  9.806550e-06  0.000000e+00
  8.210000e+04  5.649090e-06  0.000000e+00
  1.055700e+05  2.282390e-06  0.000000e+00
  1.290700e+05  7.729650e-07  0.000000e+00
  1.524700e+05  1.791600e-07  0.000000e+00
  1.759700e+05  1.787010e-08  0.000000e+00
  1.993700e+05  0.000000e+00  0.000000e+00
  7.500000e+06            10             0             2
  0.000000e+00  0.000000e+00  0.000000e+00
  2.276500e+04  7.257650e-06  0.000000e+00
  6.828500e+04  6.882470e-06  0.000000e+00
  1.138350e+05  5.053380e-06  0.000000e+00
  1.593350e+05  2.910580e-06  0.000000e+00
  2.048350e+05  1.175970e-06  0.000000e+00
  2.504350e+05  3.982900e-07  0.000000e+00
  2.959350e+05  9.228000e-08  0.000000e+00
  3.414350e+05  9.209650e-09  0.000000e+00
  3.869350e+05  0.000000e+00  0.000000e+00
  8.000000e+06            10             0             2
  0.000000e+00  0.000000e+00  0.000000e+00
  3.379500e+04  4.887660e-06  0.000000e+00
  1.014050e+05  4.635430e-06  0.000000e+00
  1.690050e+05  3.402740e-06  0.000000e+00
  2.366050e+05  1.960010e-06  0.000000e+00
  3.042050e+05  7.918940e-07  0.000000e+00
  3.718050e+05  2.681840e-07  0.000000e+00
  4.394050e+05  6.217570e-08  0.000000e+00
  5.070050e+05  6.201060e-09  0.000000e+00
  5.745050e+05  0.000000e+00  0.000000e+00
  8.500000e+06            10             0             2
  0.000000e+00  0.000000e+00  0.000000e+00
  4.483000e+04  3.685000e-06  0.000000e+00
  1.344700e+05  3.495110e-06  0.000000e+00
  2.241700e+05  2.565830e-06  0.000000e+00
  3.137700e+05  1.477850e-06  0.000000e+00
  4.034700e+05  5.971040e-07  0.000000e+00
  4.931700e+05  2.022760e-07  0.000000e+00
  5.827700e+05  4.687670e-08  0.000000e+00
  6.724700e+05  4.675740e-09  0.000000e+00
  7.621700e+05  0.000000e+00  0.000000e+00
  9.000000e+06            10             0             2
  0.000000e+00  0.000000e+00  0.000000e+00
  5.585000e+04  2.957150e-06  0.000000e+00
  1.676500e+05  2.803970e-06  0.000000e+00
  2.793500e+05  2.059180e-06  0.000000e+00
  3.910500e+05  1.185980e-06  0.000000e+00
  5.027500e+05  4.790690e-07  0.000000e+00
  6.145500e+05  1.622580e-07  0.000000e+00
  7.262500e+05  3.761560e-08  0.000000e+00
  8.379500e+05  3.751470e-09  0.000000e+00
  9.501500e+05  0.000000e+00  0.000000e+00
  9.500000e+06            10             0             2
  0.000000e+00  0.000000e+00  0.000000e+00
  6.690000e+04  2.469410e-06  0.000000e+00
  2.007000e+05  2.341910e-06  0.000000e+00
  3.345000e+05  1.719050e-06  0.000000e+00
  4.683000e+05  9.907010e-07  0.000000e+00
  6.021000e+05  4.001330e-07  0.000000e+00
  7.359000e+05  1.354880e-07  0.000000e+00
  8.697000e+05  3.141810e-08  0.000000e+00
  1.003100e+06  3.133550e-09  0.000000e+00
  1.137100e+06  0.000000e+00  0.000000e+00
  1.000000e+07            10             0             2
  0.000000e+00  0.000000e+00  0.000000e+00
  7.795000e+04  2.119870e-06  0.000000e+00
  2.337500e+05  2.010720e-06  0.000000e+00
  3.896500e+05  1.475930e-06  0.000000e+00
  5.455500e+05  8.501510e-07  0.000000e+00
  7.013500e+05  3.434360e-07  0.000000e+00
  8.572500e+05  1.163130e-07  0.000000e+00
  1.013050e+06  2.696850e-08  0.000000e+00
  1.169050e+06  2.689520e-09  0.000000e+00
  1.325050e+06  0.000000e+00  0.000000e+00
  1.050000e+07            10             0             2
  0.000000e+00  0.000000e+00  0.000000e+00
  8.895000e+04  1.856220e-06  0.000000e+00
  2.669500e+05  1.760840e-06  0.000000e+00
  4.448500e+05  1.293120e-06  0.000000e+00
  6.227500e+05  7.445990e-07  0.000000e+00
  8.007500e+05  3.008110e-07  0.000000e+00
  9.790500e+05  1.018910e-07  0.000000e+00
  1.157050e+06  2.361550e-08  0.000000e+00
  1.334050e+06  2.355130e-09  0.000000e+00
  1.512050e+06  0.000000e+00  0.000000e+00
  1.100000e+07            10             0             2
  0.000000e+00  0.000000e+00  0.000000e+00
  1.000000e+05  1.652030e-06  0.000000e+00
  3.000000e+05  1.566720e-06  0.000000e+00
  5.000000e+05  1.150270e-06  0.000000e+00
  7.000000e+05  6.625540e-07  0.000000e+00
  9.000000e+05  2.676630e-07  0.000000e+00
  1.100000e+06  9.065520e-08  0.000000e+00
  1.300000e+06  2.101500e-08  0.000000e+00
  1.500000e+06  2.095990e-09  0.000000e+00
  1.700000e+06  0.000000e+00  0.000000e+00
  1.150000e+07            12             0             2
  0.000000e+00  0.000000e+00  0.000000e+00
  1.000000e+05  1.011990e-06  0.000000e+00
  3.000000e+05  1.108820e-06  0.000000e+00
  5.000000e+05  1.081290e-06  0.000000e+00
  7.000000e+05  9.449660e-07  0.000000e+00
  9.000000e+05  5.897260e-07  0.000000e+00
  1.100000e+06  3.127100e-07  0.000000e+00
  1.300000e+06  1.399320e-07  0.000000e+00
  1.500000e+06  5.050450e-08  0.000000e+00
  1.700000e+06  1.194260e-08  0.000000e+00
  1.900000e+06  1.116420e-09  0.000000e+00
  2.100000e+06  0.000000e+00  0.000000e+00
  1.200000e+07            14             0             2
  0.000000e+00  0.000000e+00  0.000000e+00
  1.000000e+05  6.817590e-07  0.000000e+00
  3.000000e+05  7.997970e-07  0.000000e+00
  5.000000e+05  8.664470e-07  0.000000e+00
  7.000000e+05  8.877940e-07  0.000000e+00
  9.000000e+05  7.109310e-07  0.000000e+00
  1.100000e+06  5.401530e-07  0.000000e+00
  1.300000e+06  3.609710e-07  0.000000e+00
  1.500000e+06  1.988870e-07  0.000000e+00
  1.700000e+06  8.761060e-08  0.000000e+00
  1.900000e+06  2.921000e-08  0.000000e+00
  2.100000e+06  6.306610e-09  0.000000e+00
  2.300000e+06  5.750230e-10  0.000000e+00
  2.500000e+06  0.000000e+00  0.000000e+00
  1.250000e+07            16             0             2
  0.000000e+00  0.000000e+00  0.000000e+00
  1.000000e+05  4.917000e-07  0.000000e+00
  3.000000e+05  6.059190e-07  0.000000e+00
  5.000000e+05  6.992650e-07  0.000000e+00
  7.000000e+05  7.722250e-07  0.000000e+00
  9.000000e+05  6.765380e-07  0.000000e+00
  1.100000e+06  5.855330e-07  0.000000e+00
  1.300000e+06  4.868230e-07  0.000000e+00
  1.500000e+06  3.723110e-07  0.000000e+00
  1.700000e+06  2.403390e-07  0.000000e+00
  1.900000e+06  1.221200e-07  0.000000e+00
  2.100000e+06  4.973570e-08  0.000000e+00
  2.300000e+06  1.640620e-08  0.000000e+00
  2.500000e+06  3.662630e-09  0.000000e+00
  2.700000e+06  3.463650e-10  0.000000e+00
  2.900000e+06  0.000000e+00  0.000000e+00
  1.300000e+07            18             0             2
  0.000000e+00  0.000000e+00  0.000000e+00
  1.000000e+05  3.811800e-07  0.000000e+00
  3.000000e+05  4.869220e-07  0.000000e+00
  5.000000e+05  5.859930e-07  0.000000e+00
  7.000000e+05  6.753540e-07  0.000000e+00
  9.000000e+05  6.180690e-07  0.000000e+00
  1.100000e+06  5.632360e-07  0.000000e+00
  1.300000e+06  5.024200e-07  0.000000e+00
  1.500000e+06  4.298330e-07  0.000000e+00
  1.700000e+06  3.414530e-07  0.000000e+00
  1.900000e+06  2.427740e-07  0.000000e+00
  2.100000e+06  1.480190e-07  0.000000e+00
  2.300000e+06  7.491180e-08  0.000000e+00
  2.500000e+06  3.162440e-08  0.000000e+00
  2.700000e+06  1.079000e-08  0.000000e+00
  2.900000e+06  2.476790e-09  0.000000e+00
  3.100000e+06  2.397330e-10  0.000000e+00
  3.300000e+06  0.000000e+00  0.000000e+00
  1.350000e+07            20             0             2
  0.000000e+00  0.000000e+00  0.000000e+00
  1.000000e+05  3.106930e-07  0.000000e+00
  3.000000e+05  4.080550e-07  0.000000e+00
  5.000000e+05  5.060080e-07  0.000000e+00
  7.000000e+05  5.999250e-07  0.000000e+00
  9.000000e+05  5.634020e-07  0.000000e+00
  1.100000e+06  5.278630e-07  0.000000e+00
  1.300000e+06  4.867130e-07  0.000000e+00
  1.500000e+06  4.356200e-07  0.000000e+00
  1.700000e+06  3.710400e-07  0.000000e+00
  1.900000e+06  2.971080e-07  0.000000e+00
  2.100000e+06  2.252430e-07  0.000000e+00
  2.300000e+06  1.601700e-07  0.000000e+00
  2.500000e+06  1.005130e-07  0.000000e+00
  2.700000e+06  5.255990e-08  0.000000e+00
  2.900000e+06  2.280970e-08  0.000000e+00
  3.100000e+06  7.935670e-09  0.000000e+00
  3.300000e+06  1.841910e-09  0.000000e+00
  3.500000e+06  1.743460e-10  0.000000e+00
  3.700000e+06  0.000000e+00  0.000000e+00
  1.400000e+07            22             0             2
  0.000000e+00  0.000000e+00  0.000000e+00
  1.000000e+05  2.602690e-07  0.000000e+00
  3.000000e+05  3.500850e-07  0.000000e+00
  5.000000e+05  4.449340e-07  0.000000e+00
  7.000000e+05  5.390930e-07  0.000000e+00
  9.000000e+05  5.156020e-07  0.000000e+00
  1.100000e+06  4.920130e-07  0.000000e+00
  1.300000e+06  4.628970e-07  0.000000e+00
  1.500000e+06  4.248980e-07  0.000000e+00
  1.700000e+06  3.749570e-07  0.000000e+00
  1.900000e+06  3.160330e-07  0.000000e+00
  2.100000e+06  2.582950e-07  0.000000e+00
  2.300000e+06  2.072670e-07  0.000000e+00
  2.500000e+06  1.611750e-07  0.000000e+00
  2.700000e+06  1.174520e-07  0.000000e+00
  2.900000e+06  7.521830e-08  0.000000e+00
  3.100000e+06  3.995330e-08  0.000000e+00
  3.300000e+06  1.744010e-08  0.000000e+00
  3.500000e+06  5.969300e-09  0.000000e+00
  3.700000e+06  1.381780e-09  0.000000e+00
  3.900000e+06  1.341320e-10  0.000000e+00
  4.100000e+06  0.000000e+00  0.000000e+00
  1.450000e+07            23             0             2
  0.000000e+00  0.000000e+00  0.000000e+00
  1.000000e+05  2.481780e-07  0.000000e+00
  3.000000e+05  3.434790e-07  0.000000e+00
  5.000000e+05  4.441140e-07  0.000000e+00
  7.000000e+05  5.419830e-07  0.000000e+00
  9.000000e+05  5.181820e-07  0.000000e+00
  1.100000e+06  4.911220e-07  0.000000e+00
  1.300000e+06  4.553720e-07  0.000000e+00
  1.500000e+06  4.077710e-07  0.000000e+00
  1.700000e+06  3.511830e-07  0.000000e+00
  1.900000e+06  2.958780e-07  0.000000e+00
  2.100000e+06  2.481780e-07  0.000000e+00
  2.300000e+06  2.064040e-07  0.000000e+00
  2.500000e+06  1.682830e-07  0.000000e+00
  2.700000e+06  1.319400e-07  0.000000e+00
  2.900000e+06  9.640730e-08  0.000000e+00
  3.100000e+06  6.147670e-08  0.000000e+00
  3.300000e+06  3.207650e-08  0.000000e+00
  3.500000e+06  1.395450e-08  0.000000e+00
  3.700000e+06  4.837160e-09  0.000000e+00
  3.900000e+06  1.116950e-09  0.000000e+00
  4.100000e+06  1.081400e-10  0.000000e+00
  4.300000e+06  0.000000e+00  0.000000e+00
  1.500000e+07            25             0             2
  0.000000e+00  0.000000e+00  0.000000e+00
  1.000000e+05  2.137850e-07  0.000000e+00
  3.000000e+05  3.036120e-07  0.000000e+00
  5.000000e+05  4.013530e-07  0.000000e+00
  7.000000e+05  4.981060e-07  0.000000e+00
  9.000000e+05  4.820790e-07  0.000000e+00
  1.100000e+06  4.618980e-07  0.000000e+00
  1.300000e+06  4.331100e-07  0.000000e+00
  1.500000e+06  3.935380e-07  0.000000e+00
  1.700000e+06  3.450630e-07  0.000000e+00
  1.900000e+06  2.971820e-07  0.000000e+00
  2.100000e+06  2.561260e-07  0.000000e+00
  2.300000e+06  2.209080e-07  0.000000e+00
  2.500000e+06  1.892500e-07  0.000000e+00
  2.700000e+06  1.596710e-07  0.000000e+00
  2.900000e+06  1.311790e-07  0.000000e+00
  3.100000e+06  1.029850e-07  0.000000e+00
  3.300000e+06  7.471090e-08  0.000000e+00
  3.500000e+06  4.777260e-08  0.000000e+00
  3.700000e+06  2.529610e-08  0.000000e+00
  3.900000e+06  1.102060e-08  0.000000e+00
  4.100000e+06  3.829530e-09  0.000000e+00
  4.300000e+06  8.860050e-10  0.000000e+00
  4.500000e+06  8.607780e-11  0.000000e+00
  4.700000e+06  0.000000e+00  0.000000e+00
