             5             3
            22
             0
             9
  1.356990e+07  0.000000e+00  1.479000e+07  1.069900e-10  1.482000e+07  3.980500e-10
  1.485000e+07  1.481200e-09  1.488000e+07  5.512300e-09  1.491000e+07  2.051900e-08
  1.494000e+07  7.640100e-08  1.497000e+07  2.845300e-07  1.500000e+07  1.059900e-06
            22
             6
  1.388280e+01             3             1
  1.000000e+00  1.000000e+00             0             1
 -1.055340e+07 -1.055340e+07             2
             1
             2             2
  1.356990e+07  1.000000e+00  1.500000e+07  1.000000e+00
          7014             2             2             2
             1
             2            22
  1.356990e+07             3             0             2
  0.000000e+00  0.000000e+00  0.000000e+00
  5.000000e-01  2.000000e+00  0.000000e+00
  1.000000e+00  0.000000e+00  0.000000e+00
  1.500000e+07             6             0             2
  0.000000e+00  0.000000e+00  0.000000e+00
  4.877000e+04  3.003180e-06  0.000000e+00
  1.463300e+05  4.544620e-06  0.000000e+00
  2.438300e+05  2.795550e-06  0.000000e+00
  3.413300e+05  6.608840e-07  0.000000e+00
  4.389300e+05  0.000000e+00  0.000000e+00
