             5             3
            22
             0
             5
  1.372400e+07  0.000000e+00  1.479000e+07  3.015300e-09  1.486000e+07  1.443100e-07
  1.493000e+07  5.954900e-06  1.500000e+07  2.132700e-04
            22
             6
  1.487130e+01             3             1
  1.000000e+00  1.000000e+00             0             1
 -1.083330e+07 -1.083330e+07             2
             1
             2             2
  1.372400e+07  1.000000e+00  1.500000e+07  1.000000e+00
          7015             2             2             2
             1
             2            22
  1.372400e+07             3             0             2
  0.000000e+00  0.000000e+00  0.000000e+00
  5.000000e-01  2.000000e+00  0.000000e+00
  1.000000e+00  0.000000e+00  0.000000e+00
  1.500000e+07             6             0             2
  0.000000e+00  0.000000e+00  0.000000e+00
  4.416500e+04  3.316040e-06  0.000000e+00
  1.325350e+05  5.017620e-06  0.000000e+00
  2.208350e+05  3.087130e-06  0.000000e+00
  3.091350e+05  7.296590e-07  0.000000e+00
  3.974350e+05  0.000000e+00  0.000000e+00
