             5             3
            22
             0
            42
  5.118910e+06  0.000000e+00  7.000000e+06  1.068100e-09  7.200000e+06  4.567700e-07
  7.400000e+06  1.957800e-04  7.600000e+06  5.840800e-03  7.800000e+06  1.232700e-02
  8.000000e+06  2.552900e-02  8.200000e+06  3.480200e-02  8.400000e+06  4.715300e-02
  8.600000e+06  6.015000e-02  8.800000e+06  7.256800e-02  9.000000e+06  8.730500e-02
  9.200000e+06  1.055700e-01  9.400000e+06  1.267400e-01  9.600000e+06  1.454700e-01
  9.800000e+06  1.601400e-01  1.000000e+07  1.751500e-01  1.020000e+07  1.880700e-01
  1.040000e+07  2.007900e-01  1.060000e+07  2.126500e-01  1.080000e+07  2.237200e-01
  1.100000e+07  2.347800e-01  1.120000e+07  2.447000e-01  1.140000e+07  2.546700e-01
  1.160000e+07  2.640400e-01  1.180000e+07  2.727500e-01  1.200000e+07  2.813600e-01
  1.220000e+07  2.887200e-01  1.240000e+07  2.959300e-01  1.260000e+07  3.025900e-01
  1.280000e+07  3.086800e-01  1.300000e+07  3.146700e-01  1.320000e+07  3.197900e-01
  1.340000e+07  3.248000e-01  1.360000e+07  3.293900e-01  1.380000e+07  3.335500e-01
  1.400000e+07  3.376000e-01  1.420000e+07  3.411600e-01  1.440000e+07  3.446000e-01
  1.460000e+07  3.476800e-01  1.480000e+07  3.503800e-01  1.500000e+07  3.529500e-01
            22
             6
  1.685310e+01             3             1
  1.000000e+00  1.000000e+00             0             1
 -4.143330e+06 -4.143330e+06             2
             1
             2             2
  5.118910e+06  1.000000e+00  1.500000e+07  1.000000e+00
          8017             2             2            21
             1
            21            22
  5.118910e+06             3             0             2
  0.000000e+00  0.000000e+00  0.000000e+00
  5.000000e-01  2.000000e+00  0.000000e+00
  1.000000e+00  0.000000e+00  0.000000e+00
  5.500000e+06            10             0             2
  0.000000e+00  0.000000e+00  0.000000e+00
  9.885000e+03  2.521060e-05  0.000000e+00
  2.965500e+04  1.193120e-05  0.000000e+00
  4.942500e+04  8.344870e-06  0.000000e+00
  6.920500e+04  6.083800e-06  0.000000e+00
  8.897500e+04  3.390300e-06  0.000000e+00
  1.087150e+05  1.459240e-06  0.000000e+00
  1.285150e+05  4.136980e-07  0.000000e+00
  1.483150e+05  4.896800e-08  0.000000e+00
  1.680150e+05  0.000000e+00  0.000000e+00
  6.000000e+06            10             0             2
  0.000000e+00  0.000000e+00  0.000000e+00
  2.276000e+04  1.095040e-05  0.000000e+00
  6.828000e+04  5.180200e-06  0.000000e+00
  1.138400e+05  3.624740e-06  0.000000e+00
  1.593400e+05  2.642620e-06  0.000000e+00
  2.048400e+05  1.472300e-06  0.000000e+00
  2.503400e+05  6.338260e-07  0.000000e+00
  2.958400e+05  1.797050e-07  0.000000e+00
  3.413400e+05  2.127050e-08  0.000000e+00
  3.869400e+05  0.000000e+00  0.000000e+00
  6.500000e+06            10             0             2
  0.000000e+00  0.000000e+00  0.000000e+00
  3.563500e+04  6.994770e-06  0.000000e+00
  1.068650e+05  3.309160e-06  0.000000e+00
  1.781650e+05  2.315540e-06  0.000000e+00
  2.494650e+05  1.687850e-06  0.000000e+00
  3.206650e+05  9.410980e-07  0.000000e+00
  3.919650e+05  4.048910e-07  0.000000e+00
  4.632650e+05  1.147700e-07  0.000000e+00
  5.344650e+05  1.358680e-08  0.000000e+00
  6.057650e+05  0.000000e+00  0.000000e+00
  7.000000e+06            10             0             2
  0.000000e+00  0.000000e+00  0.000000e+00
  4.850500e+04  5.137780e-06  0.000000e+00
  1.454950e+05  2.431010e-06  0.000000e+00
  2.424950e+05  1.700920e-06  0.000000e+00
  3.394950e+05  1.240460e-06  0.000000e+00
  4.365950e+05  6.910490e-07  0.000000e+00
  5.335950e+05  2.974640e-07  0.000000e+00
  6.305950e+05  8.431950e-08  0.000000e+00
  7.275950e+05  9.979680e-09  0.000000e+00
  8.245950e+05  0.000000e+00  0.000000e+00
  7.500000e+06            10             0             2
  0.000000e+00  0.000000e+00  0.000000e+00
  6.140000e+04  4.060750e-06  0.000000e+00
  1.841000e+05  1.921810e-06  0.000000e+00
  3.069000e+05  1.343950e-06  0.000000e+00
  4.296000e+05  9.797270e-07  0.000000e+00
  5.524000e+05  5.461610e-07  0.000000e+00
  6.752000e+05  2.350820e-07  0.000000e+00
  7.979000e+05  6.664600e-08  0.000000e+00
  9.207000e+05  7.888600e-09  0.000000e+00
  1.043600e+06  0.000000e+00  0.000000e+00
  8.000000e+06            10             0             2
  0.000000e+00  0.000000e+00  0.000000e+00
  7.425000e+04  3.356440e-06  0.000000e+00
  2.227500e+05  1.588050e-06  0.000000e+00
  3.712500e+05  1.110930e-06  0.000000e+00
  5.197500e+05  8.100440e-07  0.000000e+00
  6.682500e+05  4.514640e-07  0.000000e+00
  8.167500e+05  1.942600e-07  0.000000e+00
  9.657500e+05  5.508270e-08  0.000000e+00
  1.113750e+06  6.520280e-09  0.000000e+00
  1.262750e+06  0.000000e+00  0.000000e+00
  8.500000e+06            10             0             2
  0.000000e+00  0.000000e+00  0.000000e+00
  8.715000e+04  2.860390e-06  0.000000e+00
  2.613500e+05  1.353170e-06  0.000000e+00
  4.356500e+05  9.470440e-07  0.000000e+00
  6.098500e+05  6.902390e-07  0.000000e+00
  7.841500e+05  3.846820e-07  0.000000e+00
  9.588500e+05  1.656010e-07  0.000000e+00
  1.132850e+06  4.693210e-08  0.000000e+00
  1.306850e+06  5.555350e-09  0.000000e+00
  1.480850e+06  0.000000e+00  0.000000e+00
  9.000000e+06            10             0             2
  0.000000e+00  0.000000e+00  0.000000e+00
  1.000000e+05  2.492250e-06  0.000000e+00
  3.000000e+05  1.179160e-06  0.000000e+00
  5.000000e+05  8.249730e-07  0.000000e+00
  7.000000e+05  6.014850e-07  0.000000e+00
  9.000000e+05  3.351890e-07  0.000000e+00
  1.100000e+06  1.442650e-07  0.000000e+00
  1.300000e+06  4.089850e-08  0.000000e+00
  1.500000e+06  4.840940e-09  0.000000e+00
  1.700000e+06  0.000000e+00  0.000000e+00
  9.500000e+06            13             0             2
  0.000000e+00  0.000000e+00  0.000000e+00
  1.000000e+05  1.805110e-06  0.000000e+00
  3.000000e+05  1.478480e-06  0.000000e+00
  5.000000e+05  1.015380e-06  0.000000e+00
  7.000000e+05  5.179690e-07  0.000000e+00
  9.000000e+05  2.471110e-07  0.000000e+00
  1.100000e+06  1.594030e-07  0.000000e+00
  1.300000e+06  1.161860e-07  0.000000e+00
  1.500000e+06  6.982070e-08  0.000000e+00
  1.700000e+06  3.169870e-08  0.000000e+00
  1.900000e+06  9.107450e-09  0.000000e+00
  2.100000e+06  1.011740e-09  0.000000e+00
  2.300000e+06  0.000000e+00  0.000000e+00
  1.000000e+07            15             0             2
  0.000000e+00  0.000000e+00  0.000000e+00
  1.000000e+05  1.259550e-06  0.000000e+00
  3.000000e+05  1.233310e-06  0.000000e+00
  5.000000e+05  1.079610e-06  0.000000e+00
  7.000000e+05  7.469190e-07  0.000000e+00
  9.000000e+05  4.429970e-07  0.000000e+00
  1.100000e+06  2.352280e-07  0.000000e+00
  1.300000e+06  1.235180e-07  0.000000e+00
  1.500000e+06  8.246100e-08  0.000000e+00
  1.700000e+06  5.934120e-08  0.000000e+00
  1.900000e+06  3.381280e-08  0.000000e+00
  2.100000e+06  1.400120e-08  0.000000e+00
  2.300000e+06  3.729910e-09  0.000000e+00
  2.500000e+06  4.127270e-10  0.000000e+00
  2.700000e+06  0.000000e+00  0.000000e+00
  1.050000e+07            17             0             2
  0.000000e+00  0.000000e+00  0.000000e+00
  1.000000e+05  9.003710e-07  0.000000e+00
  3.000000e+05  9.865120e-07  0.000000e+00
  5.000000e+05  9.893770e-07  0.000000e+00
  7.000000e+05  8.032480e-07  0.000000e+00
  9.000000e+05  5.835980e-07  0.000000e+00
  1.100000e+06  4.016720e-07  0.000000e+00
  1.300000e+06  2.522150e-07  0.000000e+00
  1.500000e+06  1.385700e-07  0.000000e+00
  1.700000e+06  7.142420e-08  0.000000e+00
  1.900000e+06  4.395850e-08  0.000000e+00
  2.100000e+06  2.931840e-08  0.000000e+00
  2.300000e+06  1.603440e-08  0.000000e+00
  2.500000e+06  6.737500e-09  0.000000e+00
  2.700000e+06  1.851740e-09  0.000000e+00
  2.900000e+06  2.064700e-10  0.000000e+00
  3.100000e+06  0.000000e+00  0.000000e+00
  1.100000e+07            19             0             2
  0.000000e+00  0.000000e+00  0.000000e+00
  1.000000e+05  6.506200e-07  0.000000e+00
  3.000000e+05  7.771640e-07  0.000000e+00
  5.000000e+05  8.584310e-07  0.000000e+00
  7.000000e+05  7.693280e-07  0.000000e+00
  9.000000e+05  6.261430e-07  0.000000e+00
  1.100000e+06  4.972770e-07  0.000000e+00
  1.300000e+06  3.776980e-07  0.000000e+00
  1.500000e+06  2.663430e-07  0.000000e+00
  1.700000e+06  1.653400e-07  0.000000e+00
  1.900000e+06  8.428550e-08  0.000000e+00
  2.100000e+06  3.863090e-08  0.000000e+00
  2.300000e+06  2.274510e-08  0.000000e+00
  2.500000e+06  1.540200e-08  0.000000e+00
  2.700000e+06  8.563030e-09  0.000000e+00
  2.900000e+06  3.592200e-09  0.000000e+00
  3.100000e+06  9.819770e-10  0.000000e+00
  3.300000e+06  1.105810e-10  0.000000e+00
  3.500000e+06  0.000000e+00  0.000000e+00
  1.150000e+07            21             0             2
  0.000000e+00  0.000000e+00  0.000000e+00
  1.000000e+05  4.859020e-07  0.000000e+00
  3.000000e+05  6.247450e-07  0.000000e+00
  5.000000e+05  7.411470e-07  0.000000e+00
  7.000000e+05  7.091440e-07  0.000000e+00
  9.000000e+05  6.178180e-07  0.000000e+00
  1.100000e+06  5.304920e-07  0.000000e+00
  1.300000e+06  4.428730e-07  0.000000e+00
  1.500000e+06  3.529130e-07  0.000000e+00
  1.700000e+06  2.592450e-07  0.000000e+00
  1.900000e+06  1.676260e-07  0.000000e+00
  2.100000e+06  9.333610e-08  0.000000e+00
  2.300000e+06  4.533130e-08  0.000000e+00
  2.500000e+06  2.151430e-08  0.000000e+00
  2.700000e+06  1.300620e-08  0.000000e+00
  2.900000e+06  8.779410e-09  0.000000e+00
  3.100000e+06  4.886340e-09  0.000000e+00
  3.300000e+06  2.074350e-09  0.000000e+00
  3.500000e+06  5.753740e-10  0.000000e+00
  3.700000e+06  6.560650e-11  0.000000e+00
  3.900000e+06  0.000000e+00  0.000000e+00
  1.200000e+07            23             0             2
  0.000000e+00  0.000000e+00  0.000000e+00
  1.000000e+05  3.783050e-07  0.000000e+00
  3.000000e+05  5.190900e-07  0.000000e+00
  5.000000e+05  6.512420e-07  0.000000e+00
  7.000000e+05  6.517320e-07  0.000000e+00
  9.000000e+05  5.921810e-07  0.000000e+00
  1.100000e+06  5.317460e-07  0.000000e+00
  1.300000e+06  4.674850e-07  0.000000e+00
  1.500000e+06  3.963570e-07  0.000000e+00
  1.700000e+06  3.157120e-07  0.000000e+00
  1.900000e+06  2.294750e-07  0.000000e+00
  2.100000e+06  1.526560e-07  0.000000e+00
  2.300000e+06  9.520410e-08  0.000000e+00
  2.500000e+06  5.458740e-08  0.000000e+00
  2.700000e+06  2.739180e-08  0.000000e+00
  2.900000e+06  1.313670e-08  0.000000e+00
  3.100000e+06  8.008570e-09  0.000000e+00
  3.300000e+06  5.462660e-09  0.000000e+00
  3.500000e+06  3.076670e-09  0.000000e+00
  3.700000e+06  1.317590e-09  0.000000e+00
  3.900000e+06  3.674150e-10  0.000000e+00
  4.100000e+06  4.194120e-11  0.000000e+00
  4.300000e+06  0.000000e+00  0.000000e+00
  1.250000e+07            25             0             2
  0.000000e+00  0.000000e+00  0.000000e+00
  1.000000e+05  3.052700e-07  0.000000e+00
  3.000000e+05  4.442170e-07  0.000000e+00
  5.000000e+05  5.836560e-07  0.000000e+00
  7.000000e+05  6.038440e-07  0.000000e+00
  9.000000e+05  5.641590e-07  0.000000e+00
  1.100000e+06  5.206330e-07  0.000000e+00
  1.300000e+06  4.714940e-07  0.000000e+00
  1.500000e+06  4.139850e-07  0.000000e+00
  1.700000e+06  3.446600e-07  0.000000e+00
  1.900000e+06  2.664710e-07  0.000000e+00
  2.100000e+06  1.940930e-07  0.000000e+00
  2.300000e+06  1.373710e-07  0.000000e+00
  2.500000e+06  9.393450e-08  0.000000e+00
  2.700000e+06  5.986250e-08  0.000000e+00
  2.900000e+06  3.437730e-08  0.000000e+00
  3.100000e+06  1.742990e-08  0.000000e+00
  3.300000e+06  8.611570e-09  0.000000e+00
  3.500000e+06  5.351090e-09  0.000000e+00
  3.700000e+06  3.668160e-09  0.000000e+00
  3.900000e+06  2.070910e-09  0.000000e+00
  4.100000e+06  8.855780e-10  0.000000e+00
  4.300000e+06  2.452990e-10  0.000000e+00
  4.500000e+06  2.765150e-11  0.000000e+00
  4.700000e+06  0.000000e+00  0.000000e+00
  1.300000e+07            27             0             2
  0.000000e+00  0.000000e+00  0.000000e+00
  1.000000e+05  2.536460e-07  0.000000e+00
  3.000000e+05  3.894040e-07  0.000000e+00
  5.000000e+05  5.317770e-07  0.000000e+00
  7.000000e+05  5.647540e-07  0.000000e+00
  9.000000e+05  5.384910e-07  0.000000e+00
  1.100000e+06  5.063040e-07  0.000000e+00
  1.300000e+06  4.670080e-07  0.000000e+00
  1.500000e+06  4.185300e-07  0.000000e+00
  1.700000e+06  3.574140e-07  0.000000e+00
  1.900000e+06  2.863260e-07  0.000000e+00
  2.100000e+06  2.192860e-07  0.000000e+00
  2.300000e+06  1.661680e-07  0.000000e+00
  2.500000e+06  1.243050e-07  0.000000e+00
  2.700000e+06  8.958060e-08  0.000000e+00
  2.900000e+06  6.133310e-08  0.000000e+00
  3.100000e+06  3.942420e-08  0.000000e+00
  3.300000e+06  2.312330e-08  0.000000e+00
  3.500000e+06  1.198620e-08  0.000000e+00
  3.700000e+06  6.012850e-09  0.000000e+00
  3.900000e+06  3.749890e-09  0.000000e+00
  4.100000e+06  2.561140e-09  0.000000e+00
  4.300000e+06  1.434590e-09  0.000000e+00
  4.500000e+06  6.068140e-10  0.000000e+00
  4.700000e+06  1.660690e-10  0.000000e+00
  4.900000e+06  1.862110e-11  0.000000e+00
  5.100000e+06  0.000000e+00  0.000000e+00
  1.350000e+07            29             0             2
  0.000000e+00  0.000000e+00  0.000000e+00
  1.000000e+05  2.155540e-07  0.000000e+00
  3.000000e+05  3.474190e-07  0.000000e+00
  5.000000e+05  4.903640e-07  0.000000e+00
  7.000000e+05  5.321100e-07  0.000000e+00
  9.000000e+05  5.156880e-07  0.000000e+00
  1.100000e+06  4.916500e-07  0.000000e+00
  1.300000e+06  4.594010e-07  0.000000e+00
  1.500000e+06  4.172590e-07  0.000000e+00
  1.700000e+06  3.618620e-07  0.000000e+00
  1.900000e+06  2.960780e-07  0.000000e+00
  2.100000e+06  2.338550e-07  0.000000e+00
  2.300000e+06  1.843930e-07  0.000000e+00
  2.500000e+06  1.451210e-07  0.000000e+00
  2.700000e+06  1.118830e-07  0.000000e+00
  2.900000e+06  8.392670e-08  0.000000e+00
  3.100000e+06  6.115450e-08  0.000000e+00
  3.300000e+06  4.271520e-08  0.000000e+00
  3.500000e+06  2.792610e-08  0.000000e+00
  3.700000e+06  1.655980e-08  0.000000e+00
  3.900000e+06  8.622180e-09  0.000000e+00
  4.100000e+06  4.314060e-09  0.000000e+00
  4.300000e+06  2.668960e-09  0.000000e+00
  4.500000e+06  1.806340e-09  0.000000e+00
  4.700000e+06  1.003080e-09  0.000000e+00
  4.900000e+06  4.230960e-10  0.000000e+00
  5.100000e+06  1.166310e-10  0.000000e+00
  5.300000e+06  1.326560e-11  0.000000e+00
  5.500000e+06  0.000000e+00  0.000000e+00
  1.400000e+07            31             0             2
  0.000000e+00  0.000000e+00  0.000000e+00
  1.000000e+05  1.864480e-07  0.000000e+00
  3.000000e+05  3.139500e-07  0.000000e+00
  5.000000e+05  4.560150e-07  0.000000e+00
  7.000000e+05  5.039650e-07  0.000000e+00
  9.000000e+05  4.951470e-07  0.000000e+00
  1.100000e+06  4.773150e-07  0.000000e+00
  1.300000e+06  4.506650e-07  0.000000e+00
  1.500000e+06  4.133160e-07  0.000000e+00
  1.700000e+06  3.624940e-07  0.000000e+00
  1.900000e+06  3.008730e-07  0.000000e+00
  2.100000e+06  2.423230e-07  0.000000e+00
  2.300000e+06  1.958600e-07  0.000000e+00
  2.500000e+06  1.588080e-07  0.000000e+00
  2.700000e+06  1.274030e-07  0.000000e+00
  2.900000e+06  1.007530e-07  0.000000e+00
  3.100000e+06  7.864110e-08  0.000000e+00
  3.300000e+06  6.016470e-08  0.000000e+00
  3.500000e+06  4.453160e-08  0.000000e+00
  3.700000e+06  3.138510e-08  0.000000e+00
  3.900000e+06  2.058660e-08  0.000000e+00
  4.100000e+06  1.218550e-08  0.000000e+00
  4.300000e+06  6.299810e-09  0.000000e+00
  4.500000e+06  3.124640e-09  0.000000e+00
  4.700000e+06  1.922930e-09  0.000000e+00
  4.900000e+06  1.300780e-09  0.000000e+00
  5.100000e+06  7.274650e-10  0.000000e+00
  5.300000e+06  3.101850e-10  0.000000e+00
  5.500000e+06  8.635860e-11  0.000000e+00
  5.700000e+06  9.906910e-12  0.000000e+00
  5.900000e+06  0.000000e+00  0.000000e+00
  1.450000e+07            33             0             2
  0.000000e+00  0.000000e+00  0.000000e+00
  1.000000e+05  1.636500e-07  0.000000e+00
  3.000000e+05  2.866360e-07  0.000000e+00
  5.000000e+05  4.268790e-07  0.000000e+00
  7.000000e+05  4.791470e-07  0.000000e+00
  9.000000e+05  4.761720e-07  0.000000e+00
  1.100000e+06  4.635760e-07  0.000000e+00
  1.300000e+06  4.413590e-07  0.000000e+00
  1.500000e+06  4.081330e-07  0.000000e+00
  1.700000e+06  3.610220e-07  0.000000e+00
  1.900000e+06  3.031000e-07  0.000000e+00
  2.100000e+06  2.476570e-07  0.000000e+00
  2.300000e+06  2.036200e-07  0.000000e+00
  2.500000e+06  1.683120e-07  0.000000e+00
  2.700000e+06  1.382600e-07  0.000000e+00
  2.900000e+06  1.127700e-07  0.000000e+00
  3.100000e+06  9.163410e-08  0.000000e+00
  3.300000e+06  7.385080e-08  0.000000e+00
  3.500000e+06  5.849750e-08  0.000000e+00
  3.700000e+06  4.509800e-08  0.000000e+00
  3.900000e+06  3.345400e-08  0.000000e+00
  4.100000e+06  2.351600e-08  0.000000e+00
  4.300000e+06  1.533350e-08  0.000000e+00
  4.500000e+06  9.003730e-09  0.000000e+00
  4.700000e+06  4.636750e-09  0.000000e+00
  4.900000e+06  2.313910e-09  0.000000e+00
  5.100000e+06  1.438140e-09  0.000000e+00
  5.300000e+06  9.803130e-10  0.000000e+00
  5.500000e+06  5.522450e-10  0.000000e+00
  5.700000e+06  2.370450e-10  0.000000e+00
  5.900000e+06  6.638240e-11  0.000000e+00
  6.100000e+06  7.656840e-12  0.000000e+00
  6.300000e+06  0.000000e+00  0.000000e+00
  1.500000e+07            35             0             2
  0.000000e+00  0.000000e+00  0.000000e+00
  1.000000e+05  1.454350e-07  0.000000e+00
  3.000000e+05  2.639660e-07  0.000000e+00
  5.000000e+05  4.015590e-07  0.000000e+00
  7.000000e+05  4.568540e-07  0.000000e+00
  9.000000e+05  4.585410e-07  0.000000e+00
  1.100000e+06  4.502020e-07  0.000000e+00
  1.300000e+06  4.318370e-07  0.000000e+00
  1.500000e+06  4.021540e-07  0.000000e+00
  1.700000e+06  3.584740e-07  0.000000e+00
  1.900000e+06  3.037750e-07  0.000000e+00
  2.100000e+06  2.512600e-07  0.000000e+00
  2.300000e+06  2.093660e-07  0.000000e+00
  2.500000e+06  1.755140e-07  0.000000e+00
  2.700000e+06  1.465270e-07  0.000000e+00
  2.900000e+06  1.218080e-07  0.000000e+00
  3.100000e+06  1.013580e-07  0.000000e+00
  3.300000e+06  8.418330e-08  0.000000e+00
  3.500000e+06  6.933210e-08  0.000000e+00
  3.700000e+06  5.623810e-08  0.000000e+00
  3.900000e+06  4.461320e-08  0.000000e+00
  4.100000e+06  3.430870e-08  0.000000e+00
  4.300000e+06  2.530460e-08  0.000000e+00
  4.500000e+06  1.767060e-08  0.000000e+00
  4.700000e+06  1.146600e-08  0.000000e+00
  4.900000e+06  6.748570e-09  0.000000e+00
  5.100000e+06  3.517240e-09  0.000000e+00
  5.300000e+06  1.783930e-09  0.000000e+00
  5.500000e+06  1.118800e-09  0.000000e+00
  5.700000e+06  7.659890e-10  0.000000e+00
  5.900000e+06  4.334250e-10  0.000000e+00
  6.100000e+06  1.867320e-10  0.000000e+00
  6.300000e+06  5.246570e-11  0.000000e+00
  6.500000e+06  6.068550e-12  0.000000e+00
  6.700000e+06  0.000000e+00  0.000000e+00
