             5             3
            22
             0
            18
  9.833270e+06  0.000000e+00  1.180000e+07  2.502100e-08  1.200000e+07  1.055300e-05
  1.220000e+07  2.876300e-05  1.240000e+07  7.824800e-05  1.260000e+07  1.682200e-04
  1.280000e+07  2.858400e-04  1.300000e+07  4.847800e-04  1.320000e+07  6.732700e-04
  1.340000e+07  9.335200e-04  1.360000e+07  1.284700e-03  1.380000e+07  1.755200e-03
  1.400000e+07  2.395400e-03  1.420000e+07  3.187600e-03  1.440000e+07  4.237500e-03
  1.460000e+07  5.469300e-03  1.480000e+07  6.854100e-03  1.500000e+07  8.580700e-03
            22
             6
  1.784450e+01             3             1
  1.000000e+00  1.000000e+00             0             1
 -8.044380e+06 -8.044380e+06             2
             1
             2             2
  9.833270e+06  1.000000e+00  1.500000e+07  1.000000e+00
          8018             2             2            12
             1
            12            22
  9.833270e+06             3             0             2
  0.000000e+00  0.000000e+00  0.000000e+00
  5.000000e-01  2.000000e+00  0.000000e+00
  1.000000e+00  0.000000e+00  0.000000e+00
  1.000000e+07            10             0             2
  0.000000e+00  0.000000e+00  0.000000e+00
  4.463500e+03  1.495360e-05  0.000000e+00
  1.338650e+04  2.035690e-05  0.000000e+00
  2.231650e+04  2.304410e-05  0.000000e+00
  3.124650e+04  2.416540e-05  0.000000e+00
  4.016650e+04  1.827870e-05  0.000000e+00
  4.909650e+04  1.027510e-05  0.000000e+00
  5.802650e+04  3.935090e-06  0.000000e+00
  6.694650e+04  7.529940e-07  0.000000e+00
  7.587650e+04  0.000000e+00  0.000000e+00
  1.050000e+07            10             0             2
  0.000000e+00  0.000000e+00  0.000000e+00
  1.811000e+04  3.686060e-06  0.000000e+00
  5.434000e+04  5.016250e-06  0.000000e+00
  9.059000e+04  5.679410e-06  0.000000e+00
  1.267900e+05  5.956850e-06  0.000000e+00
  1.629900e+05  4.503890e-06  0.000000e+00
  1.991900e+05  2.531810e-06  0.000000e+00
  2.354900e+05  9.696080e-07  0.000000e+00
  2.716900e+05  1.856080e-07  0.000000e+00
  3.078900e+05  0.000000e+00  0.000000e+00
  1.100000e+07            10             0             2
  0.000000e+00  0.000000e+00  0.000000e+00
  3.176000e+04  2.101680e-06  0.000000e+00
  9.524000e+04  2.860560e-06  0.000000e+00
  1.588400e+05  3.238550e-06  0.000000e+00
  2.223400e+05  3.397100e-06  0.000000e+00
  2.858400e+05  2.568610e-06  0.000000e+00
  3.493400e+05  1.443330e-06  0.000000e+00
  4.128400e+05  5.530670e-07  0.000000e+00
  4.764400e+05  1.058570e-07  0.000000e+00
  5.399400e+05  0.000000e+00  0.000000e+00
  1.150000e+07            10             0             2
  0.000000e+00  0.000000e+00  0.000000e+00
  4.541000e+04  1.470190e-06  0.000000e+00
  1.361900e+05  2.000850e-06  0.000000e+00
  2.269900e+05  2.264730e-06  0.000000e+00
  3.178900e+05  2.375890e-06  0.000000e+00
  4.086900e+05  1.795930e-06  0.000000e+00
  4.994900e+05  1.010090e-06  0.000000e+00
  5.902900e+05  3.868300e-07  0.000000e+00
  6.810900e+05  7.401200e-08  0.000000e+00
  7.718900e+05  0.000000e+00  0.000000e+00
  1.200000e+07            10             0             2
  0.000000e+00  0.000000e+00  0.000000e+00
  5.905000e+04  1.129970e-06  0.000000e+00
  1.771500e+05  1.537890e-06  0.000000e+00
  2.952500e+05  1.741840e-06  0.000000e+00
  4.133500e+05  1.826910e-06  0.000000e+00
  5.315500e+05  1.381290e-06  0.000000e+00
  6.496500e+05  7.762900e-07  0.000000e+00
  7.677500e+05  2.974280e-07  0.000000e+00
  8.858500e+05  5.691440e-08  0.000000e+00
  1.003950e+06  0.000000e+00  0.000000e+00
  1.250000e+07            10             0             2
  0.000000e+00  0.000000e+00  0.000000e+00
  7.270000e+04  9.182210e-07  0.000000e+00
  2.181000e+05  1.249880e-06  0.000000e+00
  3.635000e+05  1.414210e-06  0.000000e+00
  5.089000e+05  1.483810e-06  0.000000e+00
  6.543000e+05  1.122280e-06  0.000000e+00
  7.997000e+05  6.306430e-07  0.000000e+00
  9.453000e+05  2.415660e-07  0.000000e+00
  1.090300e+06  4.622520e-08  0.000000e+00
  1.236300e+06  0.000000e+00  0.000000e+00
  1.300000e+07            10             0             2
  0.000000e+00  0.000000e+00  0.000000e+00
  8.635000e+04  7.732720e-07  0.000000e+00
  2.590500e+05  1.051910e-06  0.000000e+00
  4.317500e+05  1.191140e-06  0.000000e+00
  6.044500e+05  1.249150e-06  0.000000e+00
  7.771500e+05  9.448850e-07  0.000000e+00
  9.496500e+05  5.310810e-07  0.000000e+00
  1.122650e+06  2.034210e-07  0.000000e+00
  1.295650e+06  3.893430e-08  0.000000e+00
  1.467650e+06  0.000000e+00  0.000000e+00
  1.350000e+07            10             0             2
  0.000000e+00  0.000000e+00  0.000000e+00
  1.000000e+05  6.675790e-07  0.000000e+00
  3.000000e+05  9.084720e-07  0.000000e+00
  5.000000e+05  1.028530e-06  0.000000e+00
  7.000000e+05  1.078800e-06  0.000000e+00
  9.000000e+05  8.157690e-07  0.000000e+00
  1.100000e+06  4.584890e-07  0.000000e+00
  1.300000e+06  1.756430e-07  0.000000e+00
  1.500000e+06  3.361100e-08  0.000000e+00
  1.700000e+06  0.000000e+00  0.000000e+00
  1.400000e+07            12             0             2
  0.000000e+00  0.000000e+00  0.000000e+00
  1.000000e+05  6.640940e-07  0.000000e+00
  3.000000e+05  1.207530e-06  0.000000e+00
  5.000000e+05  1.144690e-06  0.000000e+00
  7.000000e+05  6.714420e-07  0.000000e+00
  9.000000e+05  4.755680e-07  0.000000e+00
  1.100000e+06  4.338030e-07  0.000000e+00
  1.300000e+06  3.165300e-07  0.000000e+00
  1.500000e+06  1.742170e-07  0.000000e+00
  1.700000e+06  6.572300e-08  0.000000e+00
  1.900000e+06  1.242340e-08  0.000000e+00
  2.100000e+06  0.000000e+00  0.000000e+00
  1.450000e+07            14             0             2
  0.000000e+00  0.000000e+00  0.000000e+00
  1.000000e+05  4.707550e-07  0.000000e+00
  3.000000e+05  1.025290e-06  0.000000e+00
  5.000000e+05  1.242070e-06  0.000000e+00
  7.000000e+05  9.234450e-07  0.000000e+00
  9.000000e+05  5.488720e-07  0.000000e+00
  1.100000e+06  2.946000e-07  0.000000e+00
  1.300000e+06  2.038860e-07  0.000000e+00
  1.500000e+06  1.799630e-07  0.000000e+00
  1.700000e+06  1.285030e-07  0.000000e+00
  1.900000e+06  6.958300e-08  0.000000e+00
  2.100000e+06  2.589590e-08  0.000000e+00
  2.300000e+06  4.830580e-09  0.000000e+00
  2.500000e+06  0.000000e+00  0.000000e+00
  1.500000e+07            16             0             2
  0.000000e+00  0.000000e+00  0.000000e+00
  1.000000e+05  3.298440e-07  0.000000e+00
  3.000000e+05  7.937300e-07  0.000000e+00
  5.000000e+05  1.094560e-06  0.000000e+00
  7.000000e+05  9.628800e-07  0.000000e+00
  9.000000e+05  7.137770e-07  0.000000e+00
  1.100000e+06  4.737200e-07  0.000000e+00
  1.300000e+06  2.754600e-07  0.000000e+00
  1.500000e+06  1.462370e-07  0.000000e+00
  1.700000e+06  9.952350e-08  0.000000e+00
  1.900000e+06  8.601120e-08  0.000000e+00
  2.100000e+06  6.042220e-08  0.000000e+00
  2.300000e+06  3.225660e-08  0.000000e+00
  2.500000e+06  1.185040e-08  0.000000e+00
  2.700000e+06  2.187160e-09  0.000000e+00
  2.900000e+06  0.000000e+00  0.000000e+00
