             9             3
            28
             0
            66
  6.313170e+06  0.000000e+00  8.600000e+06  1.564200e-10  8.700000e+06  9.729900e-10
  8.800000e+06  6.048600e-09  8.900000e+06  3.745700e-08  9.000000e+06  2.303300e-07
  9.100000e+06  1.450700e-06  9.200000e+06  9.034300e-06  9.300000e+06  5.560800e-05
  9.400000e+06  3.370800e-04  9.500000e+06  1.984400e-03  9.600000e+06  7.408200e-03
  9.700000e+06  2.202100e-02  9.800000e+06  4.187400e-02  9.900000e+06  5.452900e-02
  1.000000e+07  5.958300e-02  1.010000e+07  6.049000e-02  1.020000e+07  6.022400e-02
  1.030000e+07  5.945800e-02  1.040000e+07  5.885600e-02  1.050000e+07  5.810400e-02
  1.060000e+07  5.903800e-02  1.070000e+07  5.991900e-02  1.080000e+07  6.125800e-02
  1.090000e+07  6.253700e-02  1.100000e+07  6.365400e-02  1.110000e+07  6.424100e-02
  1.120000e+07  6.393300e-02  1.130000e+07  6.309700e-02  1.140000e+07  6.151800e-02
  1.150000e+07  5.988700e-02  1.160000e+07  5.910700e-02  1.170000e+07  5.882500e-02
  1.180000e+07  5.900600e-02  1.190000e+07  5.945000e-02  1.200000e+07  5.964900e-02
  1.210000e+07  5.844500e-02  1.220000e+07  5.701100e-02  1.230000e+07  5.548300e-02
  1.240000e+07  5.432300e-02  1.250000e+07  5.319600e-02  1.260000e+07  5.301400e-02
  1.270000e+07  5.288700e-02  1.280000e+07  5.294900e-02  1.290000e+07  5.317800e-02
  1.300000e+07  5.359700e-02  1.310000e+07  5.405700e-02  1.320000e+07  5.466900e-02
  1.330000e+07  5.544400e-02  1.340000e+07  5.603700e-02  1.350000e+07  5.627500e-02
  1.360000e+07  5.665900e-02  1.370000e+07  5.676100e-02  1.380000e+07  5.675700e-02
  1.390000e+07  5.689600e-02  1.400000e+07  5.718000e-02  1.410000e+07  5.730100e-02
  1.420000e+07  5.752700e-02  1.430000e+07  5.785400e-02  1.440000e+07  5.822600e-02
  1.450000e+07  5.863000e-02  1.460000e+07  5.971500e-02  1.470000e+07  6.083100e-02
  1.480000e+07  6.197800e-02  1.490000e+07  6.312400e-02  1.500000e+07  6.429100e-02
            28
             6
  5.963450e+00             3             1
  1.000000e+00  1.000000e+00             0             1
 -3.790730e+06 -3.790730e+06             2
             1
             2             2
  6.313170e+06  1.000000e+00  1.500000e+07  1.000000e+00
          3006             2             2            19
             1
            19            22
  6.313170e+06             3             0             2
  0.000000e+00  0.000000e+00  0.000000e+00
  5.000000e-01  2.000000e+00  0.000000e+00
  1.000000e+00  0.000000e+00  0.000000e+00
  6.500000e+06            10             0             2
  0.000000e+00  0.000000e+00  0.000000e+00
  5.945000e+03  3.558390e-07  1.000000e+00
  1.784500e+04  1.330280e-06  1.000000e+00
  2.973500e+04  2.896250e-06  1.000000e+00
  4.163500e+04  5.217240e-06  1.000000e+00
  5.352500e+04  8.710710e-06  1.000000e+00
  6.542500e+04  1.413170e-05  1.000000e+00
  7.731500e+04  2.158200e-05  1.000000e+00
  8.921500e+04  2.992120e-05  1.000000e+00
  1.011150e+05  0.000000e+00  1.000000e+00
  7.000000e+06            10             0             2
  0.000000e+00  0.000000e+00  0.000000e+00
  2.162500e+04  9.784420e-08  1.000000e+00
  6.486500e+04  3.659170e-07  1.000000e+00
  1.080750e+05  7.965320e-07  1.000000e+00
  1.513750e+05  1.434720e-06  1.000000e+00
  1.945750e+05  2.395190e-06  1.000000e+00
  2.378750e+05  3.884820e-06  1.000000e+00
  2.810750e+05  5.933550e-06  1.000000e+00
  3.243750e+05  8.227900e-06  1.000000e+00
  3.676750e+05  0.000000e+00  1.000000e+00
  7.500000e+06            10             0             2
  0.000000e+00  0.000000e+00  0.000000e+00
  3.730000e+04  5.674360e-08  1.000000e+00
  1.119000e+05  2.121520e-07  1.000000e+00
  1.865000e+05  4.619600e-07  1.000000e+00
  2.611000e+05  8.320270e-07  1.000000e+00
  3.357000e+05  1.389370e-06  1.000000e+00
  4.103000e+05  2.253360e-06  1.000000e+00
  4.849000e+05  3.440970e-06  1.000000e+00
  5.595000e+05  4.772420e-06  1.000000e+00
  6.341000e+05  0.000000e+00  1.000000e+00
  8.000000e+06            10             0             2
  0.000000e+00  0.000000e+00  0.000000e+00
  5.295000e+04  3.994890e-08  1.000000e+00
  1.589500e+05  1.494090e-07  1.000000e+00
  2.648500e+05  3.251840e-07  1.000000e+00
  3.708500e+05  5.857500e-07  1.000000e+00
  4.767500e+05  9.779480e-07  1.000000e+00
  5.827500e+05  1.585970e-06  1.000000e+00
  6.886500e+05  2.422900e-06  1.000000e+00
  7.946500e+05  3.359700e-06  1.000000e+00
  9.006500e+05  0.000000e+00  1.000000e+00
  8.500000e+06            10             0             2
  0.000000e+00  0.000000e+00  0.000000e+00
  6.865000e+04  3.087660e-08  1.000000e+00
  2.059500e+05  1.154250e-07  1.000000e+00
  3.432500e+05  2.513540e-07  1.000000e+00
  4.805500e+05  4.526970e-07  1.000000e+00
  6.178500e+05  7.557620e-07  1.000000e+00
  7.551500e+05  1.226260e-06  1.000000e+00
  8.924500e+05  1.872400e-06  1.000000e+00
  1.029350e+06  2.596550e-06  1.000000e+00
  1.166250e+06  0.000000e+00  1.000000e+00
  9.000000e+06            10             0             2
  0.000000e+00  0.000000e+00  0.000000e+00
  8.430000e+04  2.513620e-08  1.000000e+00
  2.530000e+05  9.399310e-08  1.000000e+00
  4.216000e+05  2.046500e-07  1.000000e+00
  5.903000e+05  3.685910e-07  1.000000e+00
  7.589000e+05  6.152510e-07  1.000000e+00
  9.277000e+05  9.980450e-07  1.000000e+00
  1.096700e+06  1.524370e-06  1.000000e+00
  1.264700e+06  2.113520e-06  1.000000e+00
  1.432700e+06  0.000000e+00  1.000000e+00
  9.500000e+06            10             0             2
  0.000000e+00  0.000000e+00  0.000000e+00
  1.000000e+05  2.116700e-08  1.000000e+00
  3.000000e+05  7.915400e-08  1.000000e+00
  5.000000e+05  1.723130e-07  1.000000e+00
  7.000000e+05  3.103630e-07  1.000000e+00
  9.000000e+05  5.181370e-07  1.000000e+00
  1.100000e+06  8.404870e-07  1.000000e+00
  1.300000e+06  1.283610e-06  1.000000e+00
  1.500000e+06  1.780070e-06  1.000000e+00
  1.700000e+06  0.000000e+00  1.000000e+00
  1.000000e+07            11             0             2
  0.000000e+00  0.000000e+00  0.000000e+00
  1.000000e+05  1.950000e-08  1.000000e+00
  3.000000e+05  7.290530e-08  1.000000e+00
  5.000000e+05  1.587370e-07  1.000000e+00
  7.000000e+05  2.859070e-07  1.000000e+00
  9.000000e+05  4.773110e-07  1.000000e+00
  1.100000e+06  7.742070e-07  1.000000e+00
  1.300000e+06  1.182790e-06  1.000000e+00
  1.500000e+06  1.639320e-06  1.000000e+00
  1.700000e+06  3.941960e-07  1.000000e+00
  1.900000e+06  0.000000e+00  0.000000e+00
  1.050000e+07            12             0             2
  0.000000e+00  0.000000e+00  0.000000e+00
  1.000000e+05  2.109990e-08  1.000000e+00
  3.000000e+05  7.835530e-08  1.000000e+00
  5.000000e+05  1.680400e-07  1.000000e+00
  7.000000e+05  2.948190e-07  1.000000e+00
  9.000000e+05  4.750470e-07  1.000000e+00
  1.100000e+06  7.401940e-07  1.000000e+00
  1.300000e+06  1.086960e-06  1.000000e+00
  1.500000e+06  1.457610e-06  1.000000e+00
  1.700000e+06  5.511740e-07  1.000000e+00
  1.900000e+06  1.319740e-07  1.000000e+00
  2.100000e+06  0.000000e+00  0.000000e+00
  1.100000e+07            14             0             2
  0.000000e+00  0.000000e+00  0.000000e+00
  1.000000e+05  1.771420e-08  1.000000e+00
  3.000000e+05  6.593140e-08  1.000000e+00
  5.000000e+05  1.420740e-07  1.000000e+00
  7.000000e+05  2.509770e-07  1.000000e+00
  9.000000e+05  4.084370e-07  1.000000e+00
  1.100000e+06  6.437270e-07  1.000000e+00
  1.300000e+06  9.559500e-07  1.000000e+00
  1.500000e+06  1.293850e-06  1.000000e+00
  1.700000e+06  7.188610e-07  1.000000e+00
  1.900000e+06  3.456930e-07  1.000000e+00
  2.100000e+06  1.304840e-07  1.000000e+00
  2.300000e+06  3.073270e-08  1.000000e+00
  2.500000e+06  0.000000e+00  0.000000e+00
  1.150000e+07            15             0             2
  0.000000e+00  0.000000e+00  0.000000e+00
  1.000000e+05  1.904100e-08  1.000000e+00
  3.000000e+05  7.052970e-08  1.000000e+00
  5.000000e+05  1.502500e-07  1.000000e+00
  7.000000e+05  2.602410e-07  1.000000e+00
  9.000000e+05  4.113900e-07  1.000000e+00
  1.100000e+06  6.262760e-07  1.000000e+00
  1.300000e+06  8.973050e-07  1.000000e+00
  1.500000e+06  1.175830e-06  1.000000e+00
  1.700000e+06  7.221800e-07  1.000000e+00
  1.900000e+06  3.975040e-07  1.000000e+00
  2.100000e+06  1.881120e-07  1.000000e+00
  2.300000e+06  6.986030e-08  1.000000e+00
  2.500000e+06  1.624380e-08  1.000000e+00
  2.700000e+06  0.000000e+00  0.000000e+00
  1.200000e+07            17             0             2
  0.000000e+00  0.000000e+00  0.000000e+00
  1.000000e+05  1.599580e-08  1.000000e+00
  3.000000e+05  5.934750e-08  1.000000e+00
  5.000000e+05  1.267880e-07  1.000000e+00
  7.000000e+05  2.205050e-07  1.000000e+00
  9.000000e+05  3.507890e-07  1.000000e+00
  1.100000e+06  5.376240e-07  1.000000e+00
  1.300000e+06  7.758130e-07  1.000000e+00
  1.500000e+06  1.023090e-06  1.000000e+00
  1.700000e+06  7.639240e-07  1.000000e+00
  1.900000e+06  5.229370e-07  1.000000e+00
  2.100000e+06  3.187180e-07  1.000000e+00
  2.300000e+06  1.723470e-07  1.000000e+00
  2.500000e+06  8.006910e-08  1.000000e+00
  2.700000e+06  2.930410e-08  1.000000e+00
  2.900000e+06  6.743030e-09  1.000000e+00
  3.100000e+06  0.000000e+00  0.000000e+00
  1.250000e+07            18             0             2
  0.000000e+00  0.000000e+00  0.000000e+00
  1.000000e+05  1.694530e-08  1.000000e+00
  3.000000e+05  6.263580e-08  1.000000e+00
  5.000000e+05  1.326850e-07  1.000000e+00
  7.000000e+05  2.271040e-07  1.000000e+00
  9.000000e+05  3.526950e-07  1.000000e+00
  1.100000e+06  5.242470e-07  1.000000e+00
  1.300000e+06  7.312670e-07  1.000000e+00
  1.500000e+06  9.330930e-07  1.000000e+00
  1.700000e+06  7.245730e-07  1.000000e+00
  1.900000e+06  5.334390e-07  1.000000e+00
  2.100000e+06  3.586900e-07  1.000000e+00
  2.300000e+06  2.152140e-07  1.000000e+00
  2.500000e+06  1.150010e-07  1.000000e+00
  2.700000e+06  5.295420e-08  1.000000e+00
  2.900000e+06  1.927330e-08  1.000000e+00
  3.100000e+06  4.421180e-09  1.000000e+00
  3.300000e+06  0.000000e+00  0.000000e+00
  1.300000e+07            20             0             2
  0.000000e+00  0.000000e+00  0.000000e+00
  1.000000e+05  1.444920e-08  1.000000e+00
  3.000000e+05  5.348010e-08  1.000000e+00
  5.000000e+05  1.136150e-07  1.000000e+00
  7.000000e+05  1.954540e-07  1.000000e+00
  9.000000e+05  3.054720e-07  1.000000e+00
  1.100000e+06  4.577580e-07  1.000000e+00
  1.300000e+06  6.441190e-07  1.000000e+00
  1.500000e+06  8.284810e-07  1.000000e+00
  1.700000e+06  6.858880e-07  1.000000e+00
  1.900000e+06  5.502890e-07  1.000000e+00
  2.100000e+06  4.222850e-07  1.000000e+00
  2.300000e+06  3.052720e-07  1.000000e+00
  2.500000e+06  2.018490e-07  1.000000e+00
  2.700000e+06  1.195110e-07  1.000000e+00
  2.900000e+06  6.332270e-08  1.000000e+00
  3.100000e+06  2.912830e-08  1.000000e+00
  3.300000e+06  1.071200e-08  1.000000e+00
  3.500000e+06  2.526110e-09  1.000000e+00
  3.700000e+06  0.000000e+00  0.000000e+00
  1.350000e+07            21             0             2
  0.000000e+00  0.000000e+00  0.000000e+00
  1.000000e+05  1.525830e-08  1.000000e+00
  3.000000e+05  5.635670e-08  1.000000e+00
  5.000000e+05  1.190090e-07  1.000000e+00
  7.000000e+05  2.023440e-07  1.000000e+00
  9.000000e+05  3.105610e-07  1.000000e+00
  1.100000e+06  4.541510e-07  1.000000e+00
  1.300000e+06  6.212220e-07  1.000000e+00
  1.500000e+06  7.765030e-07  1.000000e+00
  1.700000e+06  6.491010e-07  1.000000e+00
  1.900000e+06  5.293930e-07  1.000000e+00
  2.100000e+06  4.172790e-07  1.000000e+00
  2.300000e+06  3.151580e-07  1.000000e+00
  2.500000e+06  2.250270e-07  1.000000e+00
  2.700000e+06  1.475870e-07  1.000000e+00
  2.900000e+06  8.712300e-08  1.000000e+00
  3.100000e+06  4.625440e-08  1.000000e+00
  3.300000e+06  2.151350e-08  1.000000e+00
  3.500000e+06  8.051810e-09  1.000000e+00
  3.700000e+06  1.921520e-09  1.000000e+00
  3.900000e+06  0.000000e+00  0.000000e+00
  1.400000e+07            23             0             2
  0.000000e+00  0.000000e+00  0.000000e+00
  1.000000e+05  1.324130e-08  1.000000e+00
  3.000000e+05  4.897790e-08  1.000000e+00
  5.000000e+05  1.037320e-07  1.000000e+00
  7.000000e+05  1.772840e-07  1.000000e+00
  9.000000e+05  2.742210e-07  1.000000e+00
  1.100000e+06  4.050350e-07  1.000000e+00
  1.300000e+06  5.602330e-07  1.000000e+00
  1.500000e+06  7.079370e-07  1.000000e+00
  1.700000e+06  6.122990e-07  1.000000e+00
  1.900000e+06  5.188600e-07  1.000000e+00
  2.100000e+06  4.282200e-07  1.000000e+00
  2.300000e+06  3.433750e-07  1.000000e+00
  2.500000e+06  2.667250e-07  1.000000e+00
  2.700000e+06  1.994690e-07  1.000000e+00
  2.900000e+06  1.419070e-07  1.000000e+00
  3.100000e+06  9.342880e-08  1.000000e+00
  3.300000e+06  5.605330e-08  1.000000e+00
  3.500000e+06  3.063990e-08  1.000000e+00
  3.700000e+06  1.468040e-08  1.000000e+00
  3.900000e+06  5.624320e-09  1.000000e+00
  4.100000e+06  1.366110e-09  1.000000e+00
  4.300000e+06  0.000000e+00  0.000000e+00
  1.450000e+07            24             0             2
  0.000000e+00  0.000000e+00  0.000000e+00
  1.000000e+05  1.394050e-08  1.000000e+00
  3.000000e+05  5.148500e-08  1.000000e+00
  5.000000e+05  1.085260e-07  1.000000e+00
  7.000000e+05  1.837750e-07  1.000000e+00
  9.000000e+05  2.801090e-07  1.000000e+00
  1.100000e+06  4.054240e-07  1.000000e+00
  1.300000e+06  5.473270e-07  1.000000e+00
  1.500000e+06  6.740410e-07  1.000000e+00
  1.700000e+06  5.846020e-07  1.000000e+00
  1.900000e+06  4.983610e-07  1.000000e+00
  2.100000e+06  4.155170e-07  1.000000e+00
  2.300000e+06  3.383700e-07  1.000000e+00
  2.500000e+06  2.686170e-07  1.000000e+00
  2.700000e+06  2.074590e-07  1.000000e+00
  2.900000e+06  1.547950e-07  1.000000e+00
  3.100000e+06  1.104250e-07  1.000000e+00
  3.300000e+06  7.348000e-08  1.000000e+00
  3.500000e+06  4.475950e-08  1.000000e+00
  3.700000e+06  2.475320e-08  1.000000e+00
  3.900000e+06  1.197190e-08  1.000000e+00
  4.100000e+06  4.618860e-09  1.000000e+00
  4.300000e+06  1.128230e-09  1.000000e+00
  4.500000e+06  0.000000e+00  0.000000e+00
  1.500000e+07            26             0             2
  0.000000e+00  0.000000e+00  0.000000e+00
  1.000000e+05  1.223240e-08  1.000000e+00
  3.000000e+05  4.523170e-08  1.000000e+00
  5.000000e+05  9.560020e-08  1.000000e+00
  7.000000e+05  1.627980e-07  1.000000e+00
  9.000000e+05  2.500440e-07  1.000000e+00
  1.100000e+06  3.655710e-07  1.000000e+00
  1.300000e+06  4.992880e-07  1.000000e+00
  1.500000e+06  6.223110e-07  1.000000e+00
  1.700000e+06  5.525550e-07  1.000000e+00
  1.900000e+06  4.827980e-07  1.000000e+00
  2.100000e+06  4.135410e-07  1.000000e+00
  2.300000e+06  3.472830e-07  1.000000e+00
  2.500000e+06  2.861210e-07  1.000000e+00
  2.700000e+06  2.315550e-07  1.000000e+00
  2.900000e+06  1.839850e-07  1.000000e+00
  3.100000e+06  1.431110e-07  1.000000e+00
  3.300000e+06  1.087320e-07  1.000000e+00
  3.500000e+06  7.951030e-08  1.000000e+00
  3.700000e+06  5.426610e-08  1.000000e+00
  3.900000e+06  3.373890e-08  1.000000e+00
  4.100000e+06  1.896810e-08  1.000000e+00
  4.300000e+06  9.299190e-09  1.000000e+00
  4.500000e+06  3.625730e-09  1.000000e+00
  4.700000e+06  8.930420e-10  1.000000e+00
  4.900000e+06  0.000000e+00  0.000000e+00
