             9             3
            28
             0
           115
  1.238240e+06  0.000000e+00  2.480000e+06  4.540700e-06  2.520000e+06  3.301200e-05
  2.560000e+06  3.722300e-05  2.600000e+06  4.455200e-05  2.640000e+06  5.634800e-05
  2.680000e+06  7.497300e-05  2.720000e+06  1.041800e-04  2.760000e+06  1.485300e-04
  2.800000e+06  2.091900e-04  2.840000e+06  2.792200e-04  2.880000e+06  3.582200e-04
  2.920000e+06  4.679900e-04  2.960000e+06  6.003700e-04  3.000000e+06  1.314700e-03
  3.040000e+06  1.189400e-03  3.080000e+06  1.011500e-03  3.120000e+06  8.903200e-04
  3.160000e+06  8.357800e-04  3.200000e+06  8.356200e-04  3.240000e+06  8.802900e-04
  3.280000e+06  9.653100e-04  3.320000e+06  1.089400e-03  3.360000e+06  1.253000e-03
  3.400000e+06  1.455300e-03  3.440000e+06  1.693000e-03  3.480000e+06  1.957100e-03
  3.520000e+06  2.204300e-03  3.560000e+06  2.406200e-03  3.600000e+06  2.571400e-03
  3.640000e+06  2.691600e-03  3.680000e+06  2.771400e-03  3.720000e+06  2.827900e-03
  3.760000e+06  2.886900e-03  3.800000e+06  2.978200e-03  3.840000e+06  3.133600e-03
  3.880000e+06  3.381800e-03  3.920000e+06  3.740000e-03  3.960000e+06  4.194700e-03
  4.000000e+06  4.681900e-03  4.040000e+06  5.510200e-03  4.080000e+06  6.300200e-03
  4.120000e+06  7.101400e-03  4.160000e+06  8.061400e-03  4.200000e+06  9.342600e-03
  4.240000e+06  1.105600e-02  4.280000e+06  1.319900e-02  4.320000e+06  1.560300e-02
  4.360000e+06  1.794700e-02  4.400000e+06  1.992300e-02  4.440000e+06  2.145900e-02
  4.480000e+06  2.276000e-02  4.520000e+06  2.360000e-02  4.560000e+06  2.418600e-02
  4.600000e+06  2.504100e-02  4.640000e+06  2.594000e-02  4.680000e+06  2.656100e-02
  4.720000e+06  2.664100e-02  4.760000e+06  2.612200e-02  4.800000e+06  2.511800e-02
  4.840000e+06  2.384000e-02  4.880000e+06  2.249200e-02  4.920000e+06  2.121700e-02
  4.960000e+06  2.151000e-02  5.000000e+06  2.938700e-02  5.200000e+06  3.931800e-02
  5.400000e+06  4.247400e-02  5.600000e+06  4.488700e-02  5.800000e+06  4.672200e-02
  6.000000e+06  4.827900e-02  6.200000e+06  4.953200e-02  6.400000e+06  5.070400e-02
  6.600000e+06  5.151200e-02  6.800000e+06  5.195700e-02  7.000000e+06  5.230000e-02
  7.200000e+06  5.296400e-02  7.400000e+06  5.347500e-02  7.600000e+06  5.373800e-02
  7.800000e+06  5.368900e-02  8.000000e+06  5.332100e-02  8.200000e+06  5.254600e-02
  8.400000e+06  5.155800e-02  8.600000e+06  5.040800e-02  8.800000e+06  4.928000e-02
  9.000000e+06  4.847900e-02  9.200000e+06  4.834100e-02  9.400000e+06  4.856100e-02
  9.600000e+06  4.897300e-02  9.800000e+06  4.943400e-02  1.000000e+07  4.981100e-02
  1.020000e+07  4.994100e-02  1.040000e+07  4.976800e-02  1.060000e+07  4.921900e-02
  1.080000e+07  4.822200e-02  1.100000e+07  4.672900e-02  1.120000e+07  4.460100e-02
  1.140000e+07  4.213200e-02  1.160000e+07  3.957600e-02  1.180000e+07  3.713700e-02
  1.200000e+07  3.498000e-02  1.220000e+07  3.326000e-02  1.240000e+07  3.196900e-02
  1.260000e+07  3.104300e-02  1.280000e+07  3.041400e-02  1.300000e+07  3.002000e-02
  1.320000e+07  2.979700e-02  1.340000e+07  2.973200e-02  1.360000e+07  2.979300e-02
  1.380000e+07  2.996900e-02  1.400000e+07  3.027000e-02  1.420000e+07  3.071800e-02
  1.440000e+07  3.123300e-02  1.460000e+07  3.176800e-02  1.480000e+07  3.227600e-02
  1.500000e+07  3.271000e-02
            28
             6
  9.926920e+00             3             1
  1.000000e+00  1.000000e+00             0             1
 -8.846200e+05 -8.846200e+05             2
             1
             2             2
  1.238240e+06  1.000000e+00  1.500000e+07  1.000000e+00
          5010             2             2            29
             1
            29            22
  1.238240e+06             3             0             2
  0.000000e+00  0.000000e+00  0.000000e+00
  5.000000e-01  2.000000e+00  0.000000e+00
  1.000000e+00  0.000000e+00  0.000000e+00
  1.500000e+06            12             0             2
  0.000000e+00  0.000000e+00  0.000000e+00
  7.015000e+03  1.665740e-05  0.000000e+00
  2.104500e+04  1.612070e-05  0.000000e+00
  3.507500e+04  1.412440e-05  0.000000e+00
  4.910500e+04  1.167620e-05  0.000000e+00
  6.313500e+04  8.356020e-06  0.000000e+00
  7.715500e+04  4.848450e-06  0.000000e+00
  9.118500e+04  2.399270e-06  0.000000e+00
  1.051850e+05  9.538710e-07  0.000000e+00
  1.192850e+05  2.705300e-07  0.000000e+00
  1.332850e+05  3.885170e-08  0.000000e+00
  1.472850e+05  0.000000e+00  0.000000e+00
  2.000000e+06            12             0             2
  0.000000e+00  0.000000e+00  0.000000e+00
  2.030000e+04  5.756690e-06  0.000000e+00
  6.089000e+04  5.571210e-06  0.000000e+00
  1.015000e+05  4.880100e-06  0.000000e+00
  1.421000e+05  4.033640e-06  0.000000e+00
  1.827000e+05  2.887760e-06  0.000000e+00
  2.233000e+05  1.675030e-06  0.000000e+00
  2.639000e+05  8.289490e-07  0.000000e+00
  3.045000e+05  3.295460e-07  0.000000e+00
  3.451000e+05  9.346860e-08  0.000000e+00
  3.857000e+05  1.342660e-08  0.000000e+00
  4.263000e+05  0.000000e+00  0.000000e+00
  2.500000e+06            12             0             2
  0.000000e+00  0.000000e+00  0.000000e+00
  3.358000e+04  3.479360e-06  0.000000e+00
  1.007200e+05  3.367310e-06  0.000000e+00
  1.679200e+05  2.950160e-06  0.000000e+00
  2.351200e+05  2.437910e-06  0.000000e+00
  3.022200e+05  1.745800e-06  0.000000e+00
  3.694200e+05  1.013210e-06  0.000000e+00
  4.365200e+05  5.010470e-07  0.000000e+00
  5.037200e+05  1.992510e-07  0.000000e+00
  5.709200e+05  5.649840e-08  0.000000e+00
  6.380200e+05  8.115060e-09  0.000000e+00
  7.052200e+05  0.000000e+00  0.000000e+00
  3.000000e+06            12             0             2
  0.000000e+00  0.000000e+00  0.000000e+00
  4.686500e+04  2.493260e-06  0.000000e+00
  1.406350e+05  2.413220e-06  0.000000e+00
  2.343350e+05  2.113810e-06  0.000000e+00
  3.280350e+05  1.747540e-06  0.000000e+00
  4.218350e+05  1.250390e-06  0.000000e+00
  5.155350e+05  7.256620e-07  0.000000e+00
  6.092350e+05  3.590180e-07  0.000000e+00
  7.029350e+05  1.427410e-07  0.000000e+00
  7.967350e+05  4.048720e-08  0.000000e+00
  8.904350e+05  5.814150e-09  0.000000e+00
  9.841350e+05  0.000000e+00  0.000000e+00
  3.500000e+06            12             0             2
  0.000000e+00  0.000000e+00  0.000000e+00
  6.015000e+04  1.942460e-06  0.000000e+00
  1.804500e+05  1.880320e-06  0.000000e+00
  3.007500e+05  1.646810e-06  0.000000e+00
  4.210500e+05  1.361510e-06  0.000000e+00
  5.413500e+05  9.745250e-07  0.000000e+00
  6.616500e+05  5.654130e-07  0.000000e+00
  7.819500e+05  2.797400e-07  0.000000e+00
  9.022500e+05  1.111990e-07  0.000000e+00
  1.022850e+06  3.154260e-08  0.000000e+00
  1.142850e+06  4.529890e-09  0.000000e+00
  1.262850e+06  0.000000e+00  0.000000e+00
  4.000000e+06            12             0             2
  0.000000e+00  0.000000e+00  0.000000e+00
  7.345000e+04  1.591260e-06  0.000000e+00
  2.202500e+05  1.540420e-06  0.000000e+00
  3.671500e+05  1.349280e-06  0.000000e+00
  5.140500e+05  1.114830e-06  0.000000e+00
  6.608500e+05  7.981750e-07  0.000000e+00
  8.077500e+05  4.631620e-07  0.000000e+00
  9.545500e+05  2.291800e-07  0.000000e+00
  1.101550e+06  9.110700e-08  0.000000e+00
  1.248550e+06  2.583690e-08  0.000000e+00
  1.395550e+06  3.710750e-09  0.000000e+00
  1.542550e+06  0.000000e+00  0.000000e+00
  4.500000e+06            12             0             2
  0.000000e+00  0.000000e+00  0.000000e+00
  8.670000e+04  1.347370e-06  0.000000e+00
  2.602000e+05  1.304060e-06  0.000000e+00
  4.336000e+05  1.142110e-06  0.000000e+00
  6.070000e+05  9.443810e-07  0.000000e+00
  7.805000e+05  6.759430e-07  0.000000e+00
  9.543000e+05  3.921580e-07  0.000000e+00
  1.127300e+06  1.940550e-07  0.000000e+00
  1.300300e+06  7.714170e-08  0.000000e+00
  1.474300e+06  2.188180e-08  0.000000e+00
  1.647300e+06  3.141970e-09  0.000000e+00
  1.821300e+06  0.000000e+00  0.000000e+00
  5.000000e+06            12             0             2
  0.000000e+00  0.000000e+00  0.000000e+00
  1.000000e+05  1.168580e-06  0.000000e+00
  3.000000e+05  1.130920e-06  0.000000e+00
  5.000000e+05  9.906130e-07  0.000000e+00
  7.000000e+05  8.188560e-07  0.000000e+00
  9.000000e+05  5.861750e-07  0.000000e+00
  1.100000e+06  3.401230e-07  0.000000e+00
  1.300000e+06  1.682720e-07  0.000000e+00
  1.500000e+06  6.690400e-08  0.000000e+00
  1.700000e+06  1.897420e-08  0.000000e+00
  1.900000e+06  2.725130e-09  0.000000e+00
  2.100000e+06  0.000000e+00  0.000000e+00
  5.500000e+06            14             0             2
  0.000000e+00  0.000000e+00  0.000000e+00
  1.000000e+05  8.980480e-07  0.000000e+00
  3.000000e+05  9.193460e-07  0.000000e+00
  5.000000e+05  8.679640e-07  0.000000e+00
  7.000000e+05  7.907950e-07  0.000000e+00
  9.000000e+05  6.462930e-07  0.000000e+00
  1.100000e+06  4.591000e-07  0.000000e+00
  1.300000e+06  3.096320e-07  0.000000e+00
  1.500000e+06  1.870970e-07  0.000000e+00
  1.700000e+06  9.503860e-08  0.000000e+00
  1.900000e+06  3.850830e-08  0.000000e+00
  2.100000e+06  1.107880e-08  0.000000e+00
  2.300000e+06  1.610240e-09  0.000000e+00
  2.500000e+06  0.000000e+00  0.000000e+00
  6.000000e+06            16             0             2
  0.000000e+00  0.000000e+00  0.000000e+00
  1.000000e+05  7.143500e-07  0.000000e+00
  3.000000e+05  7.620830e-07  0.000000e+00
  5.000000e+05  7.574540e-07  0.000000e+00
  7.000000e+05  7.337320e-07  0.000000e+00
  9.000000e+05  6.446310e-07  0.000000e+00
  1.100000e+06  5.007590e-07  0.000000e+00
  1.300000e+06  3.819570e-07  0.000000e+00
  1.500000e+06  2.801280e-07  0.000000e+00
  1.700000e+06  1.923770e-07  0.000000e+00
  1.900000e+06  1.177400e-07  0.000000e+00
  2.100000e+06  6.046130e-08  0.000000e+00
  2.300000e+06  2.470530e-08  0.000000e+00
  2.500000e+06  7.161820e-09  0.000000e+00
  2.700000e+06  1.047220e-09  0.000000e+00
  2.900000e+06  0.000000e+00  0.000000e+00
  6.500000e+06            18             0             2
  0.000000e+00  0.000000e+00  0.000000e+00
  1.000000e+05  5.820530e-07  0.000000e+00
  3.000000e+05  6.412780e-07  0.000000e+00
  5.000000e+05  6.629290e-07  0.000000e+00
  7.000000e+05  6.710840e-07  0.000000e+00
  9.000000e+05  6.185590e-07  0.000000e+00
  1.100000e+06  5.071970e-07  0.000000e+00
  1.300000e+06  4.131170e-07  0.000000e+00
  1.500000e+06  3.298140e-07  0.000000e+00
  1.700000e+06  2.553460e-07  0.000000e+00
  1.900000e+06  1.890340e-07  0.000000e+00
  2.100000e+06  1.305860e-07  0.000000e+00
  2.300000e+06  8.036120e-08  0.000000e+00
  2.500000e+06  4.145730e-08  0.000000e+00
  2.700000e+06  1.701980e-08  0.000000e+00
  2.900000e+06  4.952550e-09  0.000000e+00
  3.100000e+06  7.270080e-10  0.000000e+00
  3.300000e+06  0.000000e+00  0.000000e+00
  7.000000e+06            19             0             2
  0.000000e+00  0.000000e+00  0.000000e+00
  1.000000e+05  5.361310e-07  0.000000e+00
  3.000000e+05  6.008490e-07  0.000000e+00
  5.000000e+05  6.309200e-07  0.000000e+00
  7.000000e+05  6.481460e-07  0.000000e+00
  9.000000e+05  6.056170e-07  0.000000e+00
  1.100000e+06  5.032380e-07  0.000000e+00
  1.300000e+06  4.164290e-07  0.000000e+00
  1.500000e+06  3.394490e-07  0.000000e+00
  1.700000e+06  2.702550e-07  0.000000e+00
  1.900000e+06  2.083600e-07  0.000000e+00
  2.100000e+06  1.533750e-07  0.000000e+00
  2.300000e+06  1.053970e-07  0.000000e+00
  2.500000e+06  6.457130e-08  0.000000e+00
  2.700000e+06  3.318580e-08  0.000000e+00
  2.900000e+06  1.358580e-08  0.000000e+00
  3.100000e+06  3.944350e-09  0.000000e+00
  3.300000e+06  5.782710e-10  0.000000e+00
  3.500000e+06  0.000000e+00  0.000000e+00
  7.500000e+06            21             0             2
  0.000000e+00  0.000000e+00  0.000000e+00
  1.000000e+05  4.484230e-07  0.000000e+00
  3.000000e+05  5.154860e-07  0.000000e+00
  5.000000e+05  5.575230e-07  0.000000e+00
  7.000000e+05  5.909570e-07  0.000000e+00
  9.000000e+05  5.699390e-07  0.000000e+00
  1.100000e+06  4.893850e-07  0.000000e+00
  1.300000e+06  4.197800e-07  0.000000e+00
  1.500000e+06  3.565290e-07  0.000000e+00
  1.700000e+06  2.983620e-07  0.000000e+00
  1.900000e+06  2.447900e-07  0.000000e+00
  2.100000e+06  1.958120e-07  0.000000e+00
  2.300000e+06  1.514300e-07  0.000000e+00
  2.500000e+06  1.117390e-07  0.000000e+00
  2.700000e+06  7.701500e-08  0.000000e+00
  2.900000e+06  4.727650e-08  0.000000e+00
  3.100000e+06  2.436170e-08  0.000000e+00
  3.300000e+06  9.991030e-09  0.000000e+00
  3.500000e+06  2.896620e-09  0.000000e+00
  3.700000e+06  4.096130e-10  0.000000e+00
  3.900000e+06  0.000000e+00  0.000000e+00
  8.000000e+06            23             0             2
  0.000000e+00  0.000000e+00  0.000000e+00
  1.000000e+05  3.798410e-07  0.000000e+00
  3.000000e+05  4.464500e-07  0.000000e+00
  5.000000e+05  4.955000e-07  0.000000e+00
  7.000000e+05  5.391540e-07  0.000000e+00
  9.000000e+05  5.333660e-07  0.000000e+00
  1.100000e+06  4.696020e-07  0.000000e+00
  1.300000e+06  4.135870e-07  0.000000e+00
  1.500000e+06  3.615940e-07  0.000000e+00
  1.700000e+06  3.128390e-07  0.000000e+00
  1.900000e+06  2.670260e-07  0.000000e+00
  2.100000e+06  2.240590e-07  0.000000e+00
  2.300000e+06  1.842310e-07  0.000000e+00
  2.500000e+06  1.475410e-07  0.000000e+00
  2.700000e+06  1.141880e-07  0.000000e+00
  2.900000e+06  8.434580e-08  0.000000e+00
  3.100000e+06  5.810420e-08  0.000000e+00
  3.300000e+06  3.561010e-08  0.000000e+00
  3.500000e+06  1.822690e-08  0.000000e+00
  3.700000e+06  7.286820e-09  0.000000e+00
  3.900000e+06  2.103250e-09  0.000000e+00
  4.100000e+06  3.063640e-10  0.000000e+00
  4.300000e+06  0.000000e+00  0.000000e+00
  8.500000e+06            25             0             2
  0.000000e+00  0.000000e+00  0.000000e+00
  1.000000e+05  3.249340e-07  0.000000e+00
  3.000000e+05  3.897640e-07  0.000000e+00
  5.000000e+05  4.425910e-07  0.000000e+00
  7.000000e+05  4.926640e-07  0.000000e+00
  9.000000e+05  4.978780e-07  0.000000e+00
  1.100000e+06  4.474120e-07  0.000000e+00
  1.300000e+06  4.022570e-07  0.000000e+00
  1.500000e+06  3.594640e-07  0.000000e+00
  1.700000e+06  3.185400e-07  0.000000e+00
  1.900000e+06  2.792880e-07  0.000000e+00
  2.100000e+06  2.420040e-07  0.000000e+00
  2.300000e+06  2.067850e-07  0.000000e+00
  2.500000e+06  1.736330e-07  0.000000e+00
  2.700000e+06  1.427430e-07  0.000000e+00
  2.900000e+06  1.143120e-07  0.000000e+00
  3.100000e+06  8.847890e-08  0.000000e+00
  3.300000e+06  6.527210e-08  0.000000e+00
  3.500000e+06  4.482970e-08  0.000000e+00
  3.700000e+06  2.727950e-08  0.000000e+00
  3.900000e+06  1.368400e-08  0.000000e+00
  4.100000e+06  5.575920e-09  0.000000e+00
  4.300000e+06  1.610410e-09  0.000000e+00
  4.500000e+06  2.346250e-10  0.000000e+00
  4.700000e+06  0.000000e+00  0.000000e+00
  9.000000e+06            26             0             2
  0.000000e+00  0.000000e+00  0.000000e+00
  1.000000e+05  3.073080e-07  0.000000e+00
  3.000000e+05  3.742640e-07  0.000000e+00
  5.000000e+05  4.301920e-07  0.000000e+00
  7.000000e+05  4.832640e-07  0.000000e+00
  9.000000e+05  4.911410e-07  0.000000e+00
  1.100000e+06  4.426970e-07  0.000000e+00
  1.300000e+06  3.988800e-07  0.000000e+00
  1.500000e+06  3.571310e-07  0.000000e+00
  1.700000e+06  3.170560e-07  0.000000e+00
  1.900000e+06  2.789500e-07  0.000000e+00
  2.100000e+06  2.430110e-07  0.000000e+00
  2.300000e+06  2.091390e-07  0.000000e+00
  2.500000e+06  1.774330e-07  0.000000e+00
  2.700000e+06  1.479920e-07  0.000000e+00
  2.900000e+06  1.208160e-07  0.000000e+00
  3.100000e+06  9.594390e-08  0.000000e+00
  3.300000e+06  7.345460e-08  0.000000e+00
  3.500000e+06  5.341700e-08  0.000000e+00
  3.700000e+06  3.588050e-08  0.000000e+00
  3.900000e+06  2.177050e-08  0.000000e+00
  4.100000e+06  1.109700e-08  0.000000e+00
  4.300000e+06  4.503770e-09  0.000000e+00
  4.500000e+06  1.296780e-09  0.000000e+00
  4.700000e+06  1.884610e-10  0.000000e+00
  4.900000e+06  0.000000e+00  0.000000e+00
  9.500000e+06            28             0             2
  0.000000e+00  0.000000e+00  0.000000e+00
  1.000000e+05  2.667050e-07  0.000000e+00
  3.000000e+05  3.314320e-07  0.000000e+00
  5.000000e+05  3.893520e-07  0.000000e+00
  7.000000e+05  4.462840e-07  0.000000e+00
  9.000000e+05  4.616770e-07  0.000000e+00
  1.100000e+06  4.227020e-07  0.000000e+00
  1.300000e+06  3.864900e-07  0.000000e+00
  1.500000e+06  3.511660e-07  0.000000e+00
  1.700000e+06  3.165330e-07  0.000000e+00
  1.900000e+06  2.830840e-07  0.000000e+00
  2.100000e+06  2.512140e-07  0.000000e+00
  2.300000e+06  2.208230e-07  0.000000e+00
  2.500000e+06  1.922090e-07  0.000000e+00
  2.700000e+06  1.651730e-07  0.000000e+00
  2.900000e+06  1.399140e-07  0.000000e+00
  3.100000e+06  1.163320e-07  0.000000e+00
  3.300000e+06  9.459490e-08  0.000000e+00
  3.500000e+06  7.463390e-08  0.000000e+00
  3.700000e+06  5.652800e-08  0.000000e+00
  3.900000e+06  4.126380e-08  0.000000e+00
  4.100000e+06  2.810120e-08  0.000000e+00
  4.300000e+06  1.706000e-08  0.000000e+00
  4.500000e+06  8.701700e-09  0.000000e+00
  4.700000e+06  3.534360e-09  0.000000e+00
  4.900000e+06  1.019260e-09  0.000000e+00
  5.100000e+06  1.483010e-10  0.000000e+00
  5.300000e+06  0.000000e+00  0.000000e+00
  1.000000e+07            30             0             2
  0.000000e+00  0.000000e+00  0.000000e+00
  1.000000e+05  2.329490e-07  0.000000e+00
  3.000000e+05  2.952130e-07  0.000000e+00
  5.000000e+05  3.540190e-07  0.000000e+00
  7.000000e+05  4.134170e-07  0.000000e+00
  9.000000e+05  4.344690e-07  0.000000e+00
  1.100000e+06  4.032380e-07  0.000000e+00
  1.300000e+06  3.733900e-07  0.000000e+00
  1.500000e+06  3.434440e-07  0.000000e+00
  1.700000e+06  3.133990e-07  0.000000e+00
  1.900000e+06  2.840450e-07  0.000000e+00
  2.100000e+06  2.555810e-07  0.000000e+00
  2.300000e+06  2.282050e-07  0.000000e+00
  2.500000e+06  2.021130e-07  0.000000e+00
  2.700000e+06  1.774050e-07  0.000000e+00
  2.900000e+06  1.540800e-07  0.000000e+00
  3.100000e+06  1.320410e-07  0.000000e+00
  3.300000e+06  1.113840e-07  0.000000e+00
  3.500000e+06  9.219120e-08  0.000000e+00
  3.700000e+06  7.434200e-08  0.000000e+00
  3.900000e+06  5.882520e-08  0.000000e+00
  4.100000e+06  4.498870e-08  0.000000e+00
  4.300000e+06  3.284210e-08  0.000000e+00
  4.500000e+06  2.237570e-08  0.000000e+00
  4.700000e+06  1.358950e-08  0.000000e+00
  4.900000e+06  6.938060e-09  0.000000e+00
  5.100000e+06  2.820690e-09  0.000000e+00
  5.300000e+06  8.140850e-10  0.000000e+00
  5.500000e+06  1.186980e-10  0.000000e+00
  5.700000e+06  0.000000e+00  0.000000e+00
  1.050000e+07            32             0             2
  0.000000e+00  0.000000e+00  0.000000e+00
  1.000000e+05  2.046950e-07  0.000000e+00
  3.000000e+05  2.643810e-07  0.000000e+00
  5.000000e+05  3.232750e-07  0.000000e+00
  7.000000e+05  3.839510e-07  0.000000e+00
  9.000000e+05  4.093890e-07  0.000000e+00
  1.100000e+06  3.845450e-07  0.000000e+00
  1.300000e+06  3.600960e-07  0.000000e+00
  1.500000e+06  3.347570e-07  0.000000e+00
  1.700000e+06  3.087240e-07  0.000000e+00
  1.900000e+06  2.828900e-07  0.000000e+00
  2.100000e+06  2.573530e-07  0.000000e+00
  2.300000e+06  2.326070e-07  0.000000e+00
  2.500000e+06  2.087530e-07  0.000000e+00
  2.700000e+06  1.859870e-07  0.000000e+00
  2.900000e+06  1.643100e-07  0.000000e+00
  3.100000e+06  1.438210e-07  0.000000e+00
  3.300000e+06  1.245190e-07  0.000000e+00
  3.500000e+06  1.062080e-07  0.000000e+00
  3.700000e+06  8.908370e-08  0.000000e+00
  3.900000e+06  7.386030e-08  0.000000e+00
  4.100000e+06  5.998300e-08  0.000000e+00
  4.300000e+06  4.746180e-08  0.000000e+00
  4.500000e+06  3.630660e-08  0.000000e+00
  4.700000e+06  2.650730e-08  0.000000e+00
  4.900000e+06  1.807410e-08  0.000000e+00
  5.100000e+06  1.098700e-08  0.000000e+00
  5.300000e+06  5.611280e-09  0.000000e+00
  5.500000e+06  2.283510e-09  0.000000e+00
  5.700000e+06  6.598130e-10  0.000000e+00
  5.900000e+06  9.631930e-11  0.000000e+00
  6.100000e+06  0.000000e+00  0.000000e+00
  1.100000e+07            34             0             2
  0.000000e+00  0.000000e+00  0.000000e+00
  1.000000e+05  1.807470e-07  0.000000e+00
  3.000000e+05  2.372300e-07  0.000000e+00
  5.000000e+05  2.951010e-07  0.000000e+00
  7.000000e+05  3.560430e-07  0.000000e+00
  9.000000e+05  3.847810e-07  0.000000e+00
  1.100000e+06  3.659530e-07  0.000000e+00
  1.300000e+06  3.465300e-07  0.000000e+00
  1.500000e+06  3.256220e-07  0.000000e+00
  1.700000e+06  3.034250e-07  0.000000e+00
  1.900000e+06  2.807320e-07  0.000000e+00
  2.100000e+06  2.579410e-07  0.000000e+00
  2.300000e+06  2.354460e-07  0.000000e+00
  2.500000e+06  2.136460e-07  0.000000e+00
  2.700000e+06  1.925390e-07  0.000000e+00
  2.900000e+06  1.724230e-07  0.000000e+00
  3.100000e+06  1.532980e-07  0.000000e+00
  3.300000e+06  1.350650e-07  0.000000e+00
  3.500000e+06  1.179210e-07  0.000000e+00
  3.700000e+06  1.016700e-07  0.000000e+00
  3.900000e+06  8.627090e-08  0.000000e+00
  4.100000e+06  7.271490e-08  0.000000e+00
  4.300000e+06  6.027860e-08  0.000000e+00
  4.500000e+06  4.895230e-08  0.000000e+00
  4.700000e+06  3.873570e-08  0.000000e+00
  4.900000e+06  2.963890e-08  0.000000e+00
  5.100000e+06  2.165200e-08  0.000000e+00
  5.300000e+06  1.476490e-08  0.000000e+00
  5.500000e+06  8.982840e-09  0.000000e+00
  5.700000e+06  4.592990e-09  0.000000e+00
  5.900000e+06  1.870890e-09  0.000000e+00
  6.100000e+06  5.410510e-10  0.000000e+00
  6.300000e+06  7.906680e-11  0.000000e+00
  6.500000e+06  0.000000e+00  0.000000e+00
  1.150000e+07            35             0             2
  0.000000e+00  0.000000e+00  0.000000e+00
  1.000000e+05  1.743580e-07  0.000000e+00
  3.000000e+05  2.321470e-07  0.000000e+00
  5.000000e+05  2.917200e-07  0.000000e+00
  7.000000e+05  3.543660e-07  0.000000e+00
  9.000000e+05  3.842020e-07  0.000000e+00
  1.100000e+06  3.658640e-07  0.000000e+00
  1.300000e+06  3.465350e-07  0.000000e+00
  1.500000e+06  3.255210e-07  0.000000e+00
  1.700000e+06  3.032180e-07  0.000000e+00
  1.900000e+06  2.802210e-07  0.000000e+00
  2.100000e+06  2.572250e-07  0.000000e+00
  2.300000e+06  2.345260e-07  0.000000e+00
  2.500000e+06  2.125200e-07  0.000000e+00
  2.700000e+06  1.913080e-07  0.000000e+00
  2.900000e+06  1.710870e-07  0.000000e+00
  3.100000e+06  1.518570e-07  0.000000e+00
  3.300000e+06  1.338160e-07  0.000000e+00
  3.500000e+06  1.167670e-07  0.000000e+00
  3.700000e+06  1.007090e-07  0.000000e+00
  3.900000e+06  8.662380e-08  0.000000e+00
  4.100000e+06  7.367830e-08  0.000000e+00
  4.300000e+06  6.183310e-08  0.000000e+00
  4.500000e+06  5.104850e-08  0.000000e+00
  4.700000e+06  4.130470e-08  0.000000e+00
  4.900000e+06  3.257190e-08  0.000000e+00
  5.100000e+06  2.484030e-08  0.000000e+00
  5.300000e+06  1.809000e-08  0.000000e+00
  5.500000e+06  1.230120e-08  0.000000e+00
  5.700000e+06  7.462990e-09  0.000000e+00
  5.900000e+06  3.808310e-09  0.000000e+00
  6.100000e+06  1.549300e-09  0.000000e+00
  6.300000e+06  4.473430e-10  0.000000e+00
  6.500000e+06  6.533210e-11  0.000000e+00
  6.700000e+06  0.000000e+00  0.000000e+00
  1.200000e+07            37             0             2
  0.000000e+00  0.000000e+00  0.000000e+00
  1.000000e+05  1.556800e-07  0.000000e+00
  3.000000e+05  2.107480e-07  0.000000e+00
  5.000000e+05  2.692890e-07  0.000000e+00
  7.000000e+05  3.316010e-07  0.000000e+00
  9.000000e+05  3.636490e-07  0.000000e+00
  1.100000e+06  3.496590e-07  0.000000e+00
  1.300000e+06  3.340810e-07  0.000000e+00
  1.500000e+06  3.164200e-07  0.000000e+00
  1.700000e+06  2.970710e-07  0.000000e+00
  1.900000e+06  2.768300e-07  0.000000e+00
  2.100000e+06  2.561920e-07  0.000000e+00
  2.300000e+06  2.355540e-07  0.000000e+00
  2.500000e+06  2.152130e-07  0.000000e+00
  2.700000e+06  1.954680e-07  0.000000e+00
  2.900000e+06  1.765160e-07  0.000000e+00
  3.100000e+06  1.582590e-07  0.000000e+00
  3.300000e+06  1.410940e-07  0.000000e+00
  3.500000e+06  1.247220e-07  0.000000e+00
  3.700000e+06  1.093430e-07  0.000000e+00
  3.900000e+06  9.561050e-08  0.000000e+00
  4.100000e+06  8.298950e-08  0.000000e+00
  4.300000e+06  7.138050e-08  0.000000e+00
  4.500000e+06  6.072400e-08  0.000000e+00
  4.700000e+06  5.098040e-08  0.000000e+00
  4.900000e+06  4.210990e-08  0.000000e+00
  5.100000e+06  3.409280e-08  0.000000e+00
  5.300000e+06  2.690910e-08  0.000000e+00
  5.500000e+06  2.053900e-08  0.000000e+00
  5.700000e+06  1.496270e-08  0.000000e+00
  5.900000e+06  1.018020e-08  0.000000e+00
  6.100000e+06  6.182540e-09  0.000000e+00
  6.300000e+06  3.158240e-09  0.000000e+00
  6.500000e+06  1.285920e-09  0.000000e+00
  6.700000e+06  3.716860e-10  0.000000e+00
  6.900000e+06  5.432420e-11  0.000000e+00
  7.100000e+06  0.000000e+00  0.000000e+00
  1.250000e+07            39             0             2
  0.000000e+00  0.000000e+00  0.000000e+00
  1.000000e+05  1.396100e-07  0.000000e+00
  3.000000e+05  1.920380e-07  0.000000e+00
  5.000000e+05  2.492320e-07  0.000000e+00
  7.000000e+05  3.109940e-07  0.000000e+00
  9.000000e+05  3.446550e-07  0.000000e+00
  1.100000e+06  3.342290e-07  0.000000e+00
  1.300000e+06  3.219170e-07  0.000000e+00
  1.500000e+06  3.071210e-07  0.000000e+00
  1.700000e+06  2.905390e-07  0.000000e+00
  1.900000e+06  2.727650e-07  0.000000e+00
  2.100000e+06  2.542960e-07  0.000000e+00
  2.300000e+06  2.355290e-07  0.000000e+00
  2.500000e+06  2.168620e-07  0.000000e+00
  2.700000e+06  1.984920e-07  0.000000e+00
  2.900000e+06  1.806190e-07  0.000000e+00
  3.100000e+06  1.634410e-07  0.000000e+00
  3.300000e+06  1.469580e-07  0.000000e+00
  3.500000e+06  1.312690e-07  0.000000e+00
  3.700000e+06  1.164740e-07  0.000000e+00
  3.900000e+06  1.031680e-07  0.000000e+00
  4.100000e+06  9.079590e-08  0.000000e+00
  4.300000e+06  7.942660e-08  0.000000e+00
  4.500000e+06  6.895090e-08  0.000000e+00
  4.700000e+06  5.932910e-08  0.000000e+00
  4.900000e+06  5.050180e-08  0.000000e+00
  5.100000e+06  4.241910e-08  0.000000e+00
  5.300000e+06  3.506130e-08  0.000000e+00
  5.500000e+06  2.840850e-08  0.000000e+00
  5.700000e+06  2.243090e-08  0.000000e+00
  5.900000e+06  1.712850e-08  0.000000e+00
  6.100000e+06  1.249140e-08  0.000000e+00
  6.300000e+06  8.506660e-09  0.000000e+00
  6.500000e+06  5.169330e-09  0.000000e+00
  6.700000e+06  2.642260e-09  0.000000e+00
  6.900000e+06  1.076360e-09  0.000000e+00
  7.100000e+06  3.114900e-10  0.000000e+00
  7.300000e+06  4.553700e-11  0.000000e+00
  7.500000e+06  0.000000e+00  0.000000e+00
  1.300000e+07            41             0             2
  0.000000e+00  0.000000e+00  0.000000e+00
  1.000000e+05  1.255050e-07  0.000000e+00
  3.000000e+05  1.754880e-07  0.000000e+00
  5.000000e+05  2.312350e-07  0.000000e+00
  7.000000e+05  2.920500e-07  0.000000e+00
  9.000000e+05  3.268300e-07  0.000000e+00
  1.100000e+06  3.194760e-07  0.000000e+00
  1.300000e+06  3.099370e-07  0.000000e+00
  1.500000e+06  2.978130e-07  0.000000e+00
  1.700000e+06  2.837030e-07  0.000000e+00
  1.900000e+06  2.681020e-07  0.000000e+00
  2.100000e+06  2.517050e-07  0.000000e+00
  2.300000e+06  2.347130e-07  0.000000e+00
  2.500000e+06  2.175220e-07  0.000000e+00
  2.700000e+06  2.005300e-07  0.000000e+00
  2.900000e+06  1.838350e-07  0.000000e+00
  3.100000e+06  1.675390e-07  0.000000e+00
  3.300000e+06  1.519370e-07  0.000000e+00
  3.500000e+06  1.369330e-07  0.000000e+00
  3.700000e+06  1.226230e-07  0.000000e+00
  3.900000e+06  1.096060e-07  0.000000e+00
  4.100000e+06  9.754210e-08  0.000000e+00
  4.300000e+06  8.637280e-08  0.000000e+00
  4.500000e+06  7.605820e-08  0.000000e+00
  4.700000e+06  6.654840e-08  0.000000e+00
  4.900000e+06  5.780380e-08  0.000000e+00
  5.100000e+06  4.976470e-08  0.000000e+00
  5.300000e+06  4.239150e-08  0.000000e+00
  5.500000e+06  3.563430e-08  0.000000e+00
  5.700000e+06  2.947330e-08  0.000000e+00
  5.900000e+06  2.388870e-08  0.000000e+00
  6.100000e+06  1.888040e-08  0.000000e+00
  6.300000e+06  1.442860e-08  0.000000e+00
  6.500000e+06  1.053330e-08  0.000000e+00
  6.700000e+06  7.173550e-09  0.000000e+00
  6.900000e+06  4.361370e-09  0.000000e+00
  7.100000e+06  2.230870e-09  0.000000e+00
  7.300000e+06  9.085440e-10  0.000000e+00
  7.500000e+06  2.625370e-10  0.000000e+00
  7.700000e+06  3.828740e-11  0.000000e+00
  7.900000e+06  0.000000e+00  0.000000e+00
  1.350000e+07            43             0             2
  0.000000e+00  0.000000e+00  0.000000e+00
  1.000000e+05  1.129610e-07  0.000000e+00
  3.000000e+05  1.601940e-07  0.000000e+00
  5.000000e+05  2.139900e-07  0.000000e+00
  7.000000e+05  2.735530e-07  0.000000e+00
  9.000000e+05  3.091510e-07  0.000000e+00
  1.100000e+06  3.048760e-07  0.000000e+00
  1.300000e+06  2.982130e-07  0.000000e+00
  1.500000e+06  2.887670e-07  0.000000e+00
  1.700000e+06  2.770330e-07  0.000000e+00
  1.900000e+06  2.635090e-07  0.000000e+00
  2.100000e+06  2.488920e-07  0.000000e+00
  2.300000e+06  2.335790e-07  0.000000e+00
  2.500000e+06  2.179670e-07  0.000000e+00
  2.700000e+06  2.021570e-07  0.000000e+00
  2.900000e+06  1.865450e-07  0.000000e+00
  3.100000e+06  1.712310e-07  0.000000e+00
  3.300000e+06  1.564150e-07  0.000000e+00
  3.500000e+06  1.420960e-07  0.000000e+00
  3.700000e+06  1.283740e-07  0.000000e+00
  3.900000e+06  1.152480e-07  0.000000e+00
  4.100000e+06  1.034150e-07  0.000000e+00
  4.300000e+06  9.244710e-08  0.000000e+00
  4.500000e+06  8.227460e-08  0.000000e+00
  4.700000e+06  7.286780e-08  0.000000e+00
  4.900000e+06  6.418690e-08  0.000000e+00
  5.100000e+06  5.620210e-08  0.000000e+00
  5.300000e+06  4.885370e-08  0.000000e+00
  5.500000e+06  4.208200e-08  0.000000e+00
  5.700000e+06  3.586710e-08  0.000000e+00
  5.900000e+06  3.016930e-08  0.000000e+00
  6.100000e+06  2.496880e-08  0.000000e+00
  6.300000e+06  2.025540e-08  0.000000e+00
  6.500000e+06  1.601940e-08  0.000000e+00
  6.700000e+06  1.224080e-08  0.000000e+00
  6.900000e+06  8.937450e-09  0.000000e+00
  7.100000e+06  6.090550e-09  0.000000e+00
  7.300000e+06  3.701070e-09  0.000000e+00
  7.500000e+06  1.889310e-09  0.000000e+00
  7.700000e+06  7.676580e-10  0.000000e+00
  7.900000e+06  2.211490e-10  0.000000e+00
  8.100000e+06  3.212830e-11  0.000000e+00
  8.300000e+06  0.000000e+00  0.000000e+00
  1.400000e+07            44             0             2
  0.000000e+00  0.000000e+00  0.000000e+00
  1.000000e+05  1.100900e-07  0.000000e+00
  3.000000e+05  1.580250e-07  0.000000e+00
  5.000000e+05  2.127220e-07  0.000000e+00
  7.000000e+05  2.729880e-07  0.000000e+00
  9.000000e+05  3.090880e-07  0.000000e+00
  1.100000e+06  3.051100e-07  0.000000e+00
  1.300000e+06  2.984470e-07  0.000000e+00
  1.500000e+06  2.889000e-07  0.000000e+00
  1.700000e+06  2.770650e-07  0.000000e+00
  1.900000e+06  2.634410e-07  0.000000e+00
  2.100000e+06  2.488220e-07  0.000000e+00
  2.300000e+06  2.334070e-07  0.000000e+00
  2.500000e+06  2.176940e-07  0.000000e+00
  2.700000e+06  2.017820e-07  0.000000e+00
  2.900000e+06  1.860690e-07  0.000000e+00
  3.100000e+06  1.706550e-07  0.000000e+00
  3.300000e+06  1.556380e-07  0.000000e+00
  3.500000e+06  1.411180e-07  0.000000e+00
  3.700000e+06  1.271960e-07  0.000000e+00
  3.900000e+06  1.145650e-07  0.000000e+00
  4.100000e+06  1.028300e-07  0.000000e+00
  4.300000e+06  9.188110e-08  0.000000e+00
  4.500000e+06  8.177710e-08  0.000000e+00
  4.700000e+06  7.246860e-08  0.000000e+00
  4.900000e+06  6.391600e-08  0.000000e+00
  5.100000e+06  5.608940e-08  0.000000e+00
  5.300000e+06  4.892900e-08  0.000000e+00
  5.500000e+06  4.238520e-08  0.000000e+00
  5.700000e+06  3.640840e-08  0.000000e+00
  5.900000e+06  3.093860e-08  0.000000e+00
  6.100000e+06  2.595620e-08  0.000000e+00
  6.300000e+06  2.143130e-08  0.000000e+00
  6.500000e+06  1.733400e-08  0.000000e+00
  6.700000e+06  1.367430e-08  0.000000e+00
  6.900000e+06  1.042230e-08  0.000000e+00
  7.100000e+06  7.578030e-09  0.000000e+00
  7.300000e+06  5.141520e-09  0.000000e+00
  7.500000e+06  3.108780e-09  0.000000e+00
  7.700000e+06  1.579250e-09  0.000000e+00
  7.900000e+06  6.386630e-10  0.000000e+00
  8.100000e+06  1.833840e-10  0.000000e+00
  8.300000e+06  2.665240e-11  0.000000e+00
  8.500000e+06  0.000000e+00  0.000000e+00
  1.450000e+07            46             0             2
  0.000000e+00  0.000000e+00  0.000000e+00
  1.000000e+05  9.959940e-08  0.000000e+00
  3.000000e+05  1.453690e-07  0.000000e+00
  5.000000e+05  1.984030e-07  0.000000e+00
  7.000000e+05  2.574060e-07  0.000000e+00
  9.000000e+05  2.939230e-07  0.000000e+00
  1.100000e+06  2.920320e-07  0.000000e+00
  1.300000e+06  2.874550e-07  0.000000e+00
  1.500000e+06  2.798930e-07  0.000000e+00
  1.700000e+06  2.699430e-07  0.000000e+00
  1.900000e+06  2.583020e-07  0.000000e+00
  2.100000e+06  2.452670e-07  0.000000e+00
  2.300000e+06  2.314370e-07  0.000000e+00
  2.500000e+06  2.171090e-07  0.000000e+00
  2.700000e+06  2.024820e-07  0.000000e+00
  2.900000e+06  1.877560e-07  0.000000e+00
  3.100000e+06  1.732290e-07  0.000000e+00
  3.300000e+06  1.590010e-07  0.000000e+00
  3.500000e+06  1.451700e-07  0.000000e+00
  3.700000e+06  1.318370e-07  0.000000e+00
  3.900000e+06  1.195990e-07  0.000000e+00
  4.100000e+06  1.080570e-07  0.000000e+00
  4.300000e+06  9.724120e-08  0.000000e+00
  4.500000e+06  8.722160e-08  0.000000e+00
  4.700000e+06  7.794820e-08  0.000000e+00
  4.900000e+06  6.939120e-08  0.000000e+00
  5.100000e+06  6.153070e-08  0.000000e+00
  5.300000e+06  5.430700e-08  0.000000e+00
  5.500000e+06  4.770020e-08  0.000000e+00
  5.700000e+06  4.164070e-08  0.000000e+00
  5.900000e+06  3.609850e-08  0.000000e+00
  6.100000e+06  3.102410e-08  0.000000e+00
  6.300000e+06  2.637740e-08  0.000000e+00
  6.500000e+06  2.213870e-08  0.000000e+00
  6.700000e+06  1.827810e-08  0.000000e+00
  6.900000e+06  1.477570e-08  0.000000e+00
  7.100000e+06  1.164150e-08  0.000000e+00
  7.300000e+06  8.858470e-09  0.000000e+00
  7.500000e+06  6.428690e-09  0.000000e+00
  7.700000e+06  4.351130e-09  0.000000e+00
  7.900000e+06  2.625800e-09  0.000000e+00
  8.100000e+06  1.333300e-09  0.000000e+00
  8.300000e+06  5.398860e-10  0.000000e+00
  8.500000e+06  1.554190e-10  0.000000e+00
  8.700000e+06  2.264620e-11  0.000000e+00
  8.900000e+06  0.000000e+00  0.000000e+00
  1.500000e+07            48             0             2
  0.000000e+00  0.000000e+00  0.000000e+00
  1.000000e+05  9.041200e-08  0.000000e+00
  3.000000e+05  1.339950e-07  0.000000e+00
  5.000000e+05  1.852640e-07  0.000000e+00
  7.000000e+05  2.429040e-07  0.000000e+00
  9.000000e+05  2.795390e-07  0.000000e+00
  1.100000e+06  2.796380e-07  0.000000e+00
  1.300000e+06  2.767510e-07  0.000000e+00
  1.500000e+06  2.710770e-07  0.000000e+00
  1.700000e+06  2.628140e-07  0.000000e+00
  1.900000e+06  2.528590e-07  0.000000e+00
  2.100000e+06  2.414110e-07  0.000000e+00
  2.300000e+06  2.290660e-07  0.000000e+00
  2.500000e+06  2.159260e-07  0.000000e+00
  2.700000e+06  2.024860e-07  0.000000e+00
  2.900000e+06  1.888480e-07  0.000000e+00
  3.100000e+06  1.752090e-07  0.000000e+00
  3.300000e+06  1.617700e-07  0.000000e+00
  3.500000e+06  1.486290e-07  0.000000e+00
  3.700000e+06  1.357870e-07  0.000000e+00
  3.900000e+06  1.239410e-07  0.000000e+00
  4.100000e+06  1.126910e-07  0.000000e+00
  4.300000e+06  1.021390e-07  0.000000e+00
  4.500000e+06  9.219400e-08  0.000000e+00
  4.700000e+06  8.297560e-08  0.000000e+00
  4.900000e+06  7.442410e-08  0.000000e+00
  5.100000e+06  6.652980e-08  0.000000e+00
  5.300000e+06  5.926260e-08  0.000000e+00
  5.500000e+06  5.258270e-08  0.000000e+00
  5.700000e+06  4.645040e-08  0.000000e+00
  5.900000e+06  4.083570e-08  0.000000e+00
  6.100000e+06  3.567900e-08  0.000000e+00
  6.300000e+06  3.096030e-08  0.000000e+00
  6.500000e+06  2.661990e-08  0.000000e+00
  6.700000e+06  2.264780e-08  0.000000e+00
  6.900000e+06  1.901420e-08  0.000000e+00
  7.100000e+06  1.569920e-08  0.000000e+00
  7.300000e+06  1.269270e-08  0.000000e+00
  7.500000e+06  9.994900e-09  0.000000e+00
  7.700000e+06  7.605680e-09  0.000000e+00
  7.900000e+06  5.518100e-09  0.000000e+00
  8.100000e+06  3.736140e-09  0.000000e+00
  8.300000e+06  2.256820e-09  0.000000e+00
  8.500000e+06  1.147820e-09  0.000000e+00
  8.700000e+06  4.657980e-10  0.000000e+00
  8.900000e+06  1.342940e-10  0.000000e+00
  9.100000e+06  1.960150e-11  0.000000e+00
  9.300000e+06  0.000000e+00  0.000000e+00
