             9             3
            28
             0
            79
  1.008000e+07  0.000000e+00  1.115000e+07  6.666200e-10  1.120000e+07  4.587300e-09
  1.125000e+07  3.156600e-08  1.130000e+07  2.171600e-07  1.135000e+07  1.493600e-06
  1.140000e+07  1.026700e-05  1.145000e+07  7.050900e-05  1.150000e+07  4.821500e-04
  1.155000e+07  6.051000e-04  1.160000e+07  7.586600e-04  1.165000e+07  9.502700e-04
  1.170000e+07  1.189000e-03  1.175000e+07  1.486100e-03  1.180000e+07  1.855000e-03
  1.185000e+07  2.312500e-03  1.190000e+07  2.878300e-03  1.195000e+07  3.576800e-03
  1.200000e+07  4.436200e-03  1.205000e+07  4.953800e-03  1.210000e+07  5.527500e-03
  1.215000e+07  6.162800e-03  1.220000e+07  6.865800e-03  1.225000e+07  7.642700e-03
  1.230000e+07  8.501700e-03  1.235000e+07  9.450000e-03  1.240000e+07  1.049500e-02
  1.245000e+07  1.164900e-02  1.250000e+07  1.291800e-02  1.255000e+07  1.339400e-02
  1.260000e+07  1.388900e-02  1.265000e+07  1.440500e-02  1.270000e+07  1.494200e-02
  1.275000e+07  1.550200e-02  1.280000e+07  1.608600e-02  1.285000e+07  1.669600e-02
  1.290000e+07  1.733200e-02  1.295000e+07  1.799600e-02  1.300000e+07  1.869000e-02
  1.305000e+07  1.967800e-02  1.310000e+07  2.071800e-02  1.315000e+07  2.181100e-02
  1.320000e+07  2.295900e-02  1.325000e+07  2.416400e-02  1.330000e+07  2.542700e-02
  1.335000e+07  2.675000e-02  1.340000e+07  2.813200e-02  1.345000e+07  2.957300e-02
  1.350000e+07  3.107600e-02  1.355000e+07  3.222000e-02  1.360000e+07  3.339700e-02
  1.365000e+07  3.459800e-02  1.370000e+07  3.582600e-02  1.375000e+07  3.707700e-02
  1.380000e+07  3.835000e-02  1.385000e+07  3.964400e-02  1.390000e+07  4.095500e-02
  1.395000e+07  4.227900e-02  1.400000e+07  4.361900e-02  1.405000e+07  4.462300e-02
  1.410000e+07  4.562100e-02  1.415000e+07  4.661200e-02  1.420000e+07  4.758600e-02
  1.425000e+07  4.855500e-02  1.430000e+07  4.951300e-02  1.435000e+07  5.045800e-02
  1.440000e+07  5.139100e-02  1.445000e+07  5.230700e-02  1.450000e+07  5.321300e-02
  1.455000e+07  5.379000e-02  1.460000e+07  5.435200e-02  1.465000e+07  5.488800e-02
  1.470000e+07  5.541000e-02  1.475000e+07  5.591300e-02  1.480000e+07  5.639600e-02
  1.485000e+07  5.687200e-02  1.490000e+07  5.733400e-02  1.495000e+07  5.778300e-02
  1.500000e+07  5.822200e-02
            28
             6
  1.091470e+01             3             1
  1.000000e+00  1.000000e+00             0             1
 -7.392410e+06 -7.392410e+06             2
             1
             2             2
  1.008000e+07  1.000000e+00  1.500000e+07  1.000000e+00
          5011             2             2            11
             1
            11            22
  1.008000e+07             3             0             2
  0.000000e+00  0.000000e+00  0.000000e+00
  5.000000e-01  2.000000e+00  0.000000e+00
  1.000000e+00  0.000000e+00  0.000000e+00
  1.050000e+07            10             0             2
  0.000000e+00  0.000000e+00  0.000000e+00
  1.229000e+04  1.350010e-05  0.000000e+00
  3.688000e+04  1.195940e-05  0.000000e+00
  6.146000e+04  8.916330e-06  0.000000e+00
  8.605000e+04  5.755900e-06  0.000000e+00
  1.106100e+05  2.700940e-06  0.000000e+00
  1.352100e+05  9.547310e-07  0.000000e+00
  1.598100e+05  2.366190e-07  0.000000e+00
  1.844100e+05  2.767900e-08  0.000000e+00
  2.090100e+05  0.000000e+00  0.000000e+00
  1.100000e+07            10             0             2
  0.000000e+00  0.000000e+00  0.000000e+00
  2.691000e+04  6.167680e-06  0.000000e+00
  8.069000e+04  5.462520e-06  0.000000e+00
  1.345900e+05  4.072360e-06  0.000000e+00
  1.883900e+05  2.629010e-06  0.000000e+00
  2.421900e+05  1.233350e-06  0.000000e+00
  2.959900e+05  4.362130e-07  0.000000e+00
  3.497900e+05  1.081130e-07  0.000000e+00
  4.036900e+05  1.264530e-08  0.000000e+00
  4.574900e+05  0.000000e+00  0.000000e+00
  1.150000e+07            10             0             2
  0.000000e+00  0.000000e+00  0.000000e+00
  4.153000e+04  3.996360e-06  0.000000e+00
  1.245700e+05  3.539680e-06  0.000000e+00
  2.076700e+05  2.639170e-06  0.000000e+00
  2.906700e+05  1.703820e-06  0.000000e+00
  3.737700e+05  7.993630e-07  0.000000e+00
  4.567700e+05  2.826250e-07  0.000000e+00
  5.398700e+05  7.004170e-08  0.000000e+00
  6.229700e+05  8.192630e-09  0.000000e+00
  7.059700e+05  0.000000e+00  0.000000e+00
  1.200000e+07            10             0             2
  0.000000e+00  0.000000e+00  0.000000e+00
  5.615000e+04  2.956410e-06  0.000000e+00
  1.684500e+05  2.618040e-06  0.000000e+00
  2.807500e+05  1.951380e-06  0.000000e+00
  3.930500e+05  1.259960e-06  0.000000e+00
  5.053500e+05  5.911910e-07  0.000000e+00
  6.176500e+05  2.090760e-07  0.000000e+00
  7.298500e+05  5.181060e-08  0.000000e+00
  8.421500e+05  6.059550e-09  0.000000e+00
  9.548500e+05  0.000000e+00  0.000000e+00
  1.250000e+07            10             0             2
  0.000000e+00  0.000000e+00  0.000000e+00
  7.075000e+04  2.345630e-06  0.000000e+00
  2.123500e+05  2.076960e-06  0.000000e+00
  3.538500e+05  1.548780e-06  0.000000e+00
  4.953500e+05  9.995060e-07  0.000000e+00
  6.368500e+05  4.691260e-07  0.000000e+00
  7.784500e+05  1.658810e-07  0.000000e+00
  9.199500e+05  4.109900e-08  0.000000e+00
  1.061250e+06  4.807720e-09  0.000000e+00
  1.203250e+06  0.000000e+00  0.000000e+00
  1.300000e+07            10             0             2
  0.000000e+00  0.000000e+00  0.000000e+00
  8.540000e+04  1.944050e-06  0.000000e+00
  2.561000e+05  1.721220e-06  0.000000e+00
  4.269000e+05  1.283810e-06  0.000000e+00
  5.977000e+05  8.286060e-07  0.000000e+00
  7.684000e+05  3.888100e-07  0.000000e+00
  9.396000e+05  1.374590e-07  0.000000e+00
  1.109600e+06  3.406670e-08  0.000000e+00
  1.280600e+06  3.984390e-09  0.000000e+00
  1.451600e+06  0.000000e+00  0.000000e+00
  1.350000e+07            10             0             2
  0.000000e+00  0.000000e+00  0.000000e+00
  1.000000e+05  1.659810e-06  0.000000e+00
  3.000000e+05  1.469990e-06  0.000000e+00
  5.000000e+05  1.095840e-06  0.000000e+00
  7.000000e+05  7.074830e-07  0.000000e+00
  9.000000e+05  3.319620e-07  0.000000e+00
  1.100000e+06  1.173790e-07  0.000000e+00
  1.300000e+06  2.908790e-08  0.000000e+00
  1.500000e+06  3.402150e-09  0.000000e+00
  1.700000e+06  0.000000e+00  0.000000e+00
  1.400000e+07            12             0             2
  0.000000e+00  0.000000e+00  0.000000e+00
  1.000000e+05  1.226820e-06  0.000000e+00
  3.000000e+05  1.188330e-06  0.000000e+00
  5.000000e+05  1.014680e-06  0.000000e+00
  7.000000e+05  8.175640e-07  0.000000e+00
  9.000000e+05  5.400050e-07  0.000000e+00
  1.100000e+06  3.049670e-07  0.000000e+00
  1.300000e+06  1.449280e-07  0.000000e+00
  1.500000e+06  5.392550e-08  0.000000e+00
  1.700000e+06  1.382630e-08  0.000000e+00
  1.900000e+06  1.659530e-09  0.000000e+00
  2.100000e+06  0.000000e+00  0.000000e+00
  1.450000e+07            14             0             2
  0.000000e+00  0.000000e+00  0.000000e+00
  1.000000e+05  9.587270e-07  0.000000e+00
  3.000000e+05  9.834800e-07  0.000000e+00
  5.000000e+05  9.055070e-07  0.000000e+00
  7.000000e+05  8.060160e-07  0.000000e+00
  9.000000e+05  6.081770e-07  0.000000e+00
  1.100000e+06  4.213830e-07  0.000000e+00
  1.300000e+06  2.763840e-07  0.000000e+00
  1.500000e+06  1.621360e-07  0.000000e+00
  1.700000e+06  7.908780e-08  0.000000e+00
  1.900000e+06  3.001850e-08  0.000000e+00
  2.100000e+06  7.815480e-09  0.000000e+00
  2.300000e+06  9.499680e-10  0.000000e+00
  2.500000e+06  0.000000e+00  0.000000e+00
  1.500000e+07            16             0             2
  0.000000e+00  0.000000e+00  0.000000e+00
  1.000000e+05  7.767110e-07  0.000000e+00
  3.000000e+05  8.292860e-07  0.000000e+00
  5.000000e+05  8.043920e-07  0.000000e+00
  7.000000e+05  7.618130e-07  0.000000e+00
  9.000000e+05  6.179280e-07  0.000000e+00
  1.100000e+06  4.686600e-07  0.000000e+00
  1.300000e+06  3.485160e-07  0.000000e+00
  1.500000e+06  2.488440e-07  0.000000e+00
  1.700000e+06  1.662800e-07  0.000000e+00
  1.900000e+06  9.880700e-08  0.000000e+00
  2.100000e+06  4.876910e-08  0.000000e+00
  2.300000e+06  1.867530e-08  0.000000e+00
  2.500000e+06  4.897100e-09  0.000000e+00
  2.700000e+06  5.986090e-10  0.000000e+00
  2.900000e+06  0.000000e+00  0.000000e+00
