             9             3
            28
             0
             7
  1.296280e+07  0.000000e+00  1.400000e+07  0.000000e+00  1.420000e+07  1.077700e-10
  1.440000e+07  5.507400e-08  1.460000e+07  2.347700e-06  1.480000e+07  8.358200e-06
  1.500000e+07  2.982500e-05
            28
             6
  1.289160e+01             3             1
  1.000000e+00  1.000000e+00             0             1
 -9.911810e+06 -9.911810e+06             2
             1
             2             2
  1.296280e+07  1.000000e+00  1.500000e+07  1.000000e+00
          6013             2             2             6
             1
             6            22
  1.296280e+07             3             0             2
  0.000000e+00  0.000000e+00  0.000000e+00
  5.000000e-01  2.000000e+00  0.000000e+00
  1.000000e+00  0.000000e+00  0.000000e+00
  1.300000e+07             5             0             2
  0.000000e+00  0.000000e+00  0.000000e+00
  1.810500e+03  2.526480e-04  0.000000e+00
  5.431500e+03  7.610300e-05  0.000000e+00
  9.049500e+03  1.061510e-05  0.000000e+00
  1.266950e+04  0.000000e+00  0.000000e+00
  1.350000e+07             5             0             2
  0.000000e+00  0.000000e+00  0.000000e+00
  2.636000e+04  1.735730e-05  0.000000e+00
  7.904000e+04  5.229580e-06  0.000000e+00
  1.317400e+05  7.297170e-07  0.000000e+00
  1.845400e+05  0.000000e+00  0.000000e+00
  1.400000e+07             5             0             2
  0.000000e+00  0.000000e+00  0.000000e+00
  5.090000e+04  8.986260e-06  0.000000e+00
  1.527000e+05  2.705910e-06  0.000000e+00
  2.545000e+05  3.775770e-07  0.000000e+00
  3.563000e+05  0.000000e+00  0.000000e+00
  1.450000e+07             5             0             2
  0.000000e+00  0.000000e+00  0.000000e+00
  7.545000e+04  6.061630e-06  0.000000e+00
  2.263500e+05  1.825890e-06  0.000000e+00
  3.772500e+05  2.547920e-07  0.000000e+00
  5.281500e+05  0.000000e+00  0.000000e+00
  1.500000e+07             5             0             2
  0.000000e+00  0.000000e+00  0.000000e+00
  1.000000e+05  4.573470e-06  0.000000e+00
  3.000000e+05  1.377670e-06  0.000000e+00
  5.000000e+05  1.922260e-07  0.000000e+00
  7.000000e+05  0.000000e+00  0.000000e+00
