             9             3
            28
             0
           232
  6.859900e+06  0.000000e+00  8.000000e+06  0.000000e+00  8.130000e+06  3.521800e-10
  8.160000e+06  1.271000e-09  8.190000e+06  4.392400e-09  8.220000e+06  1.425900e-08
  8.250000e+06  4.452700e-08  8.280000e+06  1.382000e-07  8.310000e+06  4.336900e-07
  8.340000e+06  1.385700e-06  8.370000e+06  4.514800e-06  8.400000e+06  1.498600e-05
  8.430000e+06  5.057700e-05  8.460000e+06  1.729700e-04  8.490000e+06  5.965100e-04
  8.520000e+06  1.083600e-03  8.550000e+06  1.420200e-03  8.580000e+06  1.840500e-03
  8.610000e+06  2.347800e-03  8.640000e+06  2.941600e-03  8.670000e+06  3.624100e-03
  8.700000e+06  4.402400e-03  8.730000e+06  5.293700e-03  8.760000e+06  6.326200e-03
  8.790000e+06  7.540900e-03  8.820000e+06  8.992300e-03  8.850000e+06  1.075500e-02
  8.880000e+06  1.292900e-02  8.910000e+06  1.565400e-02  8.940000e+06  1.912500e-02
  8.970000e+06  2.362600e-02  9.000000e+06  2.955800e-02  9.030000e+06  3.202200e-02
  9.060000e+06  3.524000e-02  9.090000e+06  3.918000e-02  9.120000e+06  4.373400e-02
  9.150000e+06  4.854200e-02  9.180000e+06  5.306400e-02  9.210000e+06  5.673900e-02
  9.240000e+06  5.925900e-02  9.270000e+06  6.069100e-02  9.300000e+06  6.134600e-02
  9.330000e+06  6.160700e-02  9.360000e+06  6.190300e-02  9.390000e+06  6.304200e-02
  9.420000e+06  6.701000e-02  9.450000e+06  7.206200e-02  9.480000e+06  7.297700e-02
  9.510000e+06  7.248600e-02  9.540000e+06  7.121000e-02  9.570000e+06  7.058100e-02
  9.600000e+06  7.040800e-02  9.630000e+06  7.054900e-02  9.660000e+06  7.089200e-02
  9.690000e+06  7.133000e-02  9.720000e+06  7.176000e-02  9.750000e+06  7.206900e-02
  9.780000e+06  7.213800e-02  9.810000e+06  1.016000e-01  9.840000e+06  7.206800e-02
  9.870000e+06  7.109900e-02  9.900000e+06  6.988100e-02  9.930000e+06  6.831900e-02
  9.960000e+06  6.638200e-02  9.990000e+06  6.403000e-02  1.002000e+07  6.081700e-02
  1.005000e+07  5.699400e-02  1.008000e+07  5.308900e-02  1.011000e+07  5.050700e-02
  1.014000e+07  5.251400e-02  1.017000e+07  6.074900e-02  1.020000e+07  6.968200e-02
  1.023000e+07  7.491600e-02  1.026000e+07  7.687100e-02  1.029000e+07  7.731100e-02
  1.032000e+07  7.724100e-02  1.035000e+07  7.712900e-02  1.038000e+07  7.723400e-02
  1.041000e+07  7.765300e-02  1.044000e+07  7.853500e-02  1.047000e+07  8.046000e-02
  1.050000e+07  8.366900e-02  1.053000e+07  8.683300e-02  1.056000e+07  8.729600e-02
  1.059000e+07  8.408000e-02  1.062000e+07  7.998000e-02  1.065000e+07  7.690200e-02
  1.068000e+07  7.511300e-02  1.071000e+07  7.448200e-02  1.074000e+07  7.500200e-02
  1.077000e+07  7.686800e-02  1.080000e+07  8.049600e-02  1.083000e+07  8.644700e-02
  1.086000e+07  9.516800e-02  1.089000e+07  1.059900e-01  1.092000e+07  1.157300e-01
  1.095000e+07  1.192400e-01  1.098000e+07  1.140700e-01  1.101000e+07  1.029500e-01
  1.104000e+07  9.019600e-02  1.107000e+07  7.885700e-02  1.110000e+07  7.065800e-02
  1.113000e+07  6.758700e-02  1.116000e+07  7.243300e-02  1.119000e+07  8.651800e-02
  1.122000e+07  1.057000e-01  1.125000e+07  1.211300e-01  1.128000e+07  1.285500e-01
  1.131000e+07  1.298200e-01  1.134000e+07  1.279600e-01  1.137000e+07  1.249200e-01
  1.140000e+07  1.216600e-01  1.143000e+07  1.178200e-01  1.146000e+07  1.143100e-01
  1.149000e+07  1.111700e-01  1.152000e+07  1.082600e-01  1.155000e+07  1.056000e-01
  1.158000e+07  1.032100e-01  1.161000e+07  1.010300e-01  1.164000e+07  9.901700e-02
  1.167000e+07  9.718400e-02  1.170000e+07  9.550300e-02  1.173000e+07  9.393500e-02
  1.176000e+07  9.238900e-02  1.179000e+07  1.233500e-01  1.182000e+07  9.412000e-02
  1.185000e+07  9.229200e-02  1.188000e+07  9.210100e-02  1.191000e+07  9.295000e-02
  1.194000e+07  9.518200e-02  1.197000e+07  9.946900e-02  1.200000e+07  1.062200e-01
  1.203000e+07  1.131600e-01  1.206000e+07  1.142000e-01  1.209000e+07  1.071100e-01
  1.212000e+07  9.779500e-02  1.215000e+07  9.025500e-02  1.218000e+07  8.483300e-02
  1.221000e+07  8.107900e-02  1.224000e+07  7.858100e-02  1.227000e+07  7.672500e-02
  1.230000e+07  7.534100e-02  1.233000e+07  7.439600e-02  1.236000e+07  7.409700e-02
  1.239000e+07  7.537400e-02  1.242000e+07  8.206600e-02  1.245000e+07  9.530300e-02
  1.248000e+07  8.348300e-02  1.251000e+07  7.508500e-02  1.254000e+07  7.136000e-02
  1.257000e+07  6.924400e-02  1.260000e+07  6.778400e-02  1.263000e+07  6.693000e-02
  1.266000e+07  6.627500e-02  1.269000e+07  6.576600e-02  1.272000e+07  6.537400e-02
  1.275000e+07  6.508700e-02  1.278000e+07  6.491400e-02  1.281000e+07  6.477000e-02
  1.284000e+07  6.459900e-02  1.287000e+07  6.457100e-02  1.290000e+07  6.471100e-02
  1.293000e+07  6.505900e-02  1.296000e+07  6.564900e-02  1.299000e+07  6.653400e-02
  1.302000e+07  6.788200e-02  1.305000e+07  6.965700e-02  1.308000e+07  7.173400e-02
  1.311000e+07  7.397900e-02  1.314000e+07  7.614300e-02  1.317000e+07  7.794300e-02
  1.320000e+07  7.915800e-02  1.323000e+07  7.955700e-02  1.326000e+07  7.942100e-02
  1.329000e+07  7.896700e-02  1.332000e+07  7.841800e-02  1.335000e+07  7.797800e-02
  1.338000e+07  7.779800e-02  1.341000e+07  7.802600e-02  1.344000e+07  7.886300e-02
  1.347000e+07  8.080700e-02  1.350000e+07  8.479300e-02  1.353000e+07  9.275200e-02
  1.356000e+07  1.073900e-01  1.359000e+07  1.236800e-01  1.362000e+07  1.237300e-01
  1.365000e+07  1.129400e-01  1.368000e+07  1.046000e-01  1.371000e+07  1.002300e-01
  1.374000e+07  9.847300e-02  1.377000e+07  9.832600e-02  1.380000e+07  9.923200e-02
  1.383000e+07  1.006400e-01  1.386000e+07  1.026000e-01  1.389000e+07  1.050300e-01
  1.392000e+07  1.078300e-01  1.395000e+07  1.109600e-01  1.398000e+07  1.143600e-01
  1.401000e+07  1.178200e-01  1.404000e+07  1.211100e-01  1.407000e+07  1.244800e-01
  1.410000e+07  1.278800e-01  1.413000e+07  1.312300e-01  1.416000e+07  1.344900e-01
  1.419000e+07  1.376000e-01  1.422000e+07  1.402500e-01  1.425000e+07  1.425000e-01
  1.428000e+07  1.444500e-01  1.431000e+07  1.460600e-01  1.434000e+07  1.473500e-01
  1.437000e+07  1.483000e-01  1.440000e+07  1.489300e-01  1.443000e+07  1.493000e-01
  1.446000e+07  1.493900e-01  1.449000e+07  1.492600e-01  1.452000e+07  1.490600e-01
  1.455000e+07  1.487800e-01  1.458000e+07  1.483500e-01  1.461000e+07  1.477600e-01
  1.464000e+07  1.469900e-01  1.467000e+07  1.461700e-01  1.470000e+07  1.453100e-01
  1.473000e+07  1.444300e-01  1.476000e+07  1.435500e-01  1.479000e+07  1.426700e-01
  1.482000e+07  1.418200e-01  1.485000e+07  1.410000e-01  1.488000e+07  1.402000e-01
  1.491000e+07  1.394400e-01  1.494000e+07  1.387100e-01  1.497000e+07  1.380200e-01
  1.500000e+07  1.373700e-01
            28
             6
  1.388280e+01             3             1
  1.000000e+00  1.000000e+00             0             1
 -5.334970e+06 -5.334970e+06             2
             1
             2             2
  6.859900e+06  1.000000e+00  1.500000e+07  1.000000e+00
          7014             2             2            18
             1
            18            22
  6.859900e+06             3             0             2
  0.000000e+00  0.000000e+00  0.000000e+00
  5.000000e-01  2.000000e+00  0.000000e+00
  1.000000e+00  0.000000e+00  0.000000e+00
  7.000000e+06            11             0             2
  0.000000e+00  0.000000e+00  0.000000e+00
  3.881500e+03  3.179470e-05  0.000000e+00
  1.164850e+04  3.157880e-05  0.000000e+00
  1.940850e+04  2.806900e-05  0.000000e+00
  2.716850e+04  2.173450e-05  0.000000e+00
  3.492850e+04  1.326970e-05  0.000000e+00
  4.269850e+04  6.863820e-06  0.000000e+00
  5.045850e+04  2.671760e-06  0.000000e+00
  5.821850e+04  7.013970e-07  0.000000e+00
  6.598850e+04  8.587750e-08  0.000000e+00
  7.374850e+04  0.000000e+00  0.000000e+00
  7.500000e+06            11             0             2
  0.000000e+00  0.000000e+00  0.000000e+00
  1.761500e+04  7.005790e-06  0.000000e+00
  5.283500e+04  6.957930e-06  0.000000e+00
  8.808500e+04  6.185660e-06  0.000000e+00
  1.232850e+05  4.790320e-06  0.000000e+00
  1.584850e+05  2.924870e-06  0.000000e+00
  1.937850e+05  1.512640e-06  0.000000e+00
  2.289850e+05  5.887270e-07  0.000000e+00
  2.641850e+05  1.545480e-07  0.000000e+00
  2.993850e+05  1.892670e-08  0.000000e+00
  3.346850e+05  0.000000e+00  0.000000e+00
  8.000000e+06            11             0             2
  0.000000e+00  0.000000e+00  0.000000e+00
  3.134500e+04  3.936510e-06  0.000000e+00
  9.405500e+04  3.910240e-06  0.000000e+00
  1.567550e+05  3.475770e-06  0.000000e+00
  2.194550e+05  2.692220e-06  0.000000e+00
  2.820550e+05  1.643110e-06  0.000000e+00
  3.447550e+05  8.499860e-07  0.000000e+00
  4.074550e+05  3.307800e-07  0.000000e+00
  4.701550e+05  8.684720e-08  0.000000e+00
  5.328550e+05  1.063190e-08  0.000000e+00
  5.955550e+05  0.000000e+00  0.000000e+00
  8.500000e+06            11             0             2
  0.000000e+00  0.000000e+00  0.000000e+00
  4.507500e+04  2.737100e-06  0.000000e+00
  1.352250e+05  2.718340e-06  0.000000e+00
  2.254250e+05  2.417130e-06  0.000000e+00
  3.155250e+05  1.871960e-06  0.000000e+00
  4.057250e+05  1.142880e-06  0.000000e+00
  4.958250e+05  5.909590e-07  0.000000e+00
  5.860250e+05  2.299840e-07  0.000000e+00
  6.761250e+05  6.039080e-08  0.000000e+00
  7.663250e+05  7.394020e-09  0.000000e+00
  8.564250e+05  0.000000e+00  0.000000e+00
  9.000000e+06            11             0             2
  0.000000e+00  0.000000e+00  0.000000e+00
  5.880000e+04  2.098150e-06  0.000000e+00
  1.764000e+05  2.084080e-06  0.000000e+00
  2.940000e+05  1.852310e-06  0.000000e+00
  4.117000e+05  1.434740e-06  0.000000e+00
  5.293000e+05  8.758570e-07  0.000000e+00
  6.469000e+05  4.530360e-07  0.000000e+00
  7.645000e+05  1.763160e-07  0.000000e+00
  8.821000e+05  4.628890e-08  0.000000e+00
  1.000200e+06  5.667640e-09  0.000000e+00
  1.117200e+06  0.000000e+00  0.000000e+00
  9.500000e+06            11             0             2
  0.000000e+00  0.000000e+00  0.000000e+00
  7.255000e+04  1.701240e-06  0.000000e+00
  2.176500e+05  1.689040e-06  0.000000e+00
  3.626500e+05  1.502310e-06  0.000000e+00
  5.077500e+05  1.162630e-06  0.000000e+00
  6.528500e+05  7.100550e-07  0.000000e+00
  7.979500e+05  3.672730e-07  0.000000e+00
  9.434500e+05  1.429120e-07  0.000000e+00
  1.088450e+06  3.752490e-08  0.000000e+00
  1.233450e+06  4.595140e-09  0.000000e+00
  1.378450e+06  0.000000e+00  0.000000e+00
  1.000000e+07            11             0             2
  0.000000e+00  0.000000e+00  0.000000e+00
  8.625000e+04  1.430100e-06  0.000000e+00
  2.588500e+05  1.420720e-06  0.000000e+00
  4.313500e+05  1.263070e-06  0.000000e+00
  6.039500e+05  9.777980e-07  0.000000e+00
  7.764500e+05  5.970950e-07  0.000000e+00
  9.487500e+05  3.088230e-07  0.000000e+00
  1.121750e+06  1.202070e-07  0.000000e+00
  1.293750e+06  3.155790e-08  0.000000e+00
  1.466750e+06  3.863330e-09  0.000000e+00
  1.638750e+06  0.000000e+00  0.000000e+00
  1.050000e+07            11             0             2
  0.000000e+00  0.000000e+00  0.000000e+00
  1.000000e+05  1.234000e-06  0.000000e+00
  3.000000e+05  1.225550e-06  0.000000e+00
  5.000000e+05  1.089480e-06  0.000000e+00
  7.000000e+05  8.437160e-07  0.000000e+00
  9.000000e+05  5.150880e-07  0.000000e+00
  1.100000e+06  2.664120e-07  0.000000e+00
  1.300000e+06  1.036930e-07  0.000000e+00
  1.500000e+06  2.722300e-08  0.000000e+00
  1.700000e+06  3.333200e-09  0.000000e+00
  1.900000e+06  0.000000e+00  0.000000e+00
  1.100000e+07            13             0             2
  0.000000e+00  0.000000e+00  0.000000e+00
  1.000000e+05  9.130940e-07  0.000000e+00
  3.000000e+05  9.810420e-07  0.000000e+00
  5.000000e+05  9.629100e-07  0.000000e+00
  7.000000e+05  8.452420e-07  0.000000e+00
  9.000000e+05  6.127690e-07  0.000000e+00
  1.100000e+06  4.258180e-07  0.000000e+00
  1.300000e+06  2.704540e-07  0.000000e+00
  1.500000e+06  1.432440e-07  0.000000e+00
  1.700000e+06  5.676300e-08  0.000000e+00
  1.900000e+06  1.507830e-08  0.000000e+00
  2.100000e+06  1.859970e-09  0.000000e+00
  2.300000e+06  0.000000e+00  0.000000e+00
  1.150000e+07            15             0             2
  0.000000e+00  0.000000e+00  0.000000e+00
  1.000000e+05  7.037390e-07  0.000000e+00
  3.000000e+05  8.018610e-07  0.000000e+00
  5.000000e+05  8.420940e-07  0.000000e+00
  7.000000e+05  7.953960e-07  0.000000e+00
  9.000000e+05  6.276140e-07  0.000000e+00
  1.100000e+06  4.871370e-07  0.000000e+00
  1.300000e+06  3.642190e-07  0.000000e+00
  1.500000e+06  2.567380e-07  0.000000e+00
  1.700000e+06  1.644050e-07  0.000000e+00
  1.900000e+06  8.753800e-08  0.000000e+00
  2.100000e+06  3.480100e-08  0.000000e+00
  2.300000e+06  9.251640e-09  0.000000e+00
  2.500000e+06  1.141380e-09  0.000000e+00
  2.700000e+06  0.000000e+00  0.000000e+00
  1.200000e+07            17             0             2
  0.000000e+00  0.000000e+00  0.000000e+00
  1.000000e+05  5.580980e-07  0.000000e+00
  3.000000e+05  6.684340e-07  0.000000e+00
  5.000000e+05  7.390110e-07  0.000000e+00
  7.000000e+05  7.338580e-07  0.000000e+00
  9.000000e+05  6.097180e-07  0.000000e+00
  1.100000e+06  5.029780e-07  0.000000e+00
  1.300000e+06  4.064460e-07  0.000000e+00
  1.500000e+06  3.185660e-07  0.000000e+00
  1.700000e+06  2.391430e-07  0.000000e+00
  1.900000e+06  1.686640e-07  0.000000e+00
  2.100000e+06  1.078090e-07  0.000000e+00
  2.300000e+06  5.729710e-08  0.000000e+00
  2.500000e+06  2.272830e-08  0.000000e+00
  2.700000e+06  6.031070e-09  0.000000e+00
  2.900000e+06  7.429960e-10  0.000000e+00
  3.100000e+06  0.000000e+00  0.000000e+00
  1.250000e+07            19             0             2
  0.000000e+00  0.000000e+00  0.000000e+00
  1.000000e+05  4.519460e-07  0.000000e+00
  3.000000e+05  5.663990e-07  0.000000e+00
  5.000000e+05  6.540710e-07  0.000000e+00
  7.000000e+05  6.749870e-07  0.000000e+00
  9.000000e+05  5.809620e-07  0.000000e+00
  1.100000e+06  4.977860e-07  0.000000e+00
  1.300000e+06  4.206700e-07  0.000000e+00
  1.500000e+06  3.489290e-07  0.000000e+00
  1.700000e+06  2.821730e-07  0.000000e+00
  1.900000e+06  2.207930e-07  0.000000e+00
  2.100000e+06  1.651790e-07  0.000000e+00
  2.300000e+06  1.160160e-07  0.000000e+00
  2.500000e+06  7.387130e-08  0.000000e+00
  2.700000e+06  3.911520e-08  0.000000e+00
  2.900000e+06  1.548190e-08  0.000000e+00
  3.100000e+06  4.103090e-09  0.000000e+00
  3.300000e+06  5.055070e-10  0.000000e+00
  3.500000e+06  0.000000e+00  0.000000e+00
  1.300000e+07            21             0             2
  0.000000e+00  0.000000e+00  0.000000e+00
  1.000000e+05  3.719570e-07  0.000000e+00
  3.000000e+05  4.862920e-07  0.000000e+00
  5.000000e+05  5.839430e-07  0.000000e+00
  7.000000e+05  6.225130e-07  0.000000e+00
  9.000000e+05  5.505750e-07  0.000000e+00
  1.100000e+06  4.843290e-07  0.000000e+00
  1.300000e+06  4.212240e-07  0.000000e+00
  1.500000e+06  3.612590e-07  0.000000e+00
  1.700000e+06  3.047300e-07  0.000000e+00
  1.900000e+06  2.518320e-07  0.000000e+00
  2.100000e+06  2.027610e-07  0.000000e+00
  2.300000e+06  1.579100e-07  0.000000e+00
  2.500000e+06  1.175740e-07  0.000000e+00
  2.700000e+06  8.223290e-08  0.000000e+00
  2.900000e+06  5.216230e-08  0.000000e+00
  3.100000e+06  2.755820e-08  0.000000e+00
  3.300000e+06  1.089370e-08  0.000000e+00
  3.500000e+06  2.888310e-09  0.000000e+00
  3.700000e+06  3.561560e-10  0.000000e+00
  3.900000e+06  0.000000e+00  0.000000e+00
  1.350000e+07            23             0             2
  0.000000e+00  0.000000e+00  0.000000e+00
  1.000000e+05  3.101180e-07  0.000000e+00
  3.000000e+05  4.221540e-07  0.000000e+00
  5.000000e+05  5.253290e-07  0.000000e+00
  7.000000e+05  5.760310e-07  0.000000e+00
  9.000000e+05  5.213910e-07  0.000000e+00
  1.100000e+06  4.684250e-07  0.000000e+00
  1.300000e+06  4.159510e-07  0.000000e+00
  1.500000e+06  3.646590e-07  0.000000e+00
  1.700000e+06  3.156310e-07  0.000000e+00
  1.900000e+06  2.692610e-07  0.000000e+00
  2.100000e+06  2.258440e-07  0.000000e+00
  2.300000e+06  1.856770e-07  0.000000e+00
  2.500000e+06  1.486590e-07  0.000000e+00
  2.700000e+06  1.152850e-07  0.000000e+00
  2.900000e+06  8.552350e-08  0.000000e+00
  3.100000e+06  5.966070e-08  0.000000e+00
  3.300000e+06  3.776540e-08  0.000000e+00
  3.500000e+06  1.993610e-08  0.000000e+00
  3.700000e+06  7.881910e-09  0.000000e+00
  3.900000e+06  2.090090e-09  0.000000e+00
  4.100000e+06  2.569550e-10  0.000000e+00
  4.300000e+06  0.000000e+00  0.000000e+00
  1.400000e+07            25             0             2
  0.000000e+00  0.000000e+00  0.000000e+00
  1.000000e+05  2.612350e-07  0.000000e+00
  3.000000e+05  3.697950e-07  0.000000e+00
  5.000000e+05  4.754930e-07  0.000000e+00
  7.000000e+05  5.349050e-07  0.000000e+00
  9.000000e+05  4.939490e-07  0.000000e+00
  1.100000e+06  4.517090e-07  0.000000e+00
  1.300000e+06  4.079890e-07  0.000000e+00
  1.500000e+06  3.638740e-07  0.000000e+00
  1.700000e+06  3.206470e-07  0.000000e+00
  1.900000e+06  2.791970e-07  0.000000e+00
  2.100000e+06  2.400170e-07  0.000000e+00
  2.300000e+06  2.035010e-07  0.000000e+00
  2.500000e+06  1.697490e-07  0.000000e+00
  2.700000e+06  1.388580e-07  0.000000e+00
  2.900000e+06  1.108300e-07  0.000000e+00
  3.100000e+06  8.567370e-08  0.000000e+00
  3.300000e+06  6.343860e-08  0.000000e+00
  3.500000e+06  4.419390e-08  0.000000e+00
  3.700000e+06  2.794930e-08  0.000000e+00
  3.900000e+06  1.474440e-08  0.000000e+00
  4.100000e+06  5.828690e-09  0.000000e+00
  4.300000e+06  1.542540e-09  0.000000e+00
  4.500000e+06  1.890920e-10  0.000000e+00
  4.700000e+06  0.000000e+00  0.000000e+00
  1.450000e+07            26             0             2
  0.000000e+00  0.000000e+00  0.000000e+00
  1.000000e+05  2.508160e-07  0.000000e+00
  3.000000e+05  3.627950e-07  0.000000e+00
  5.000000e+05  4.728970e-07  0.000000e+00
  7.000000e+05  5.352060e-07  0.000000e+00
  9.000000e+05  4.950160e-07  0.000000e+00
  1.100000e+06  4.526540e-07  0.000000e+00
  1.300000e+06  4.081190e-07  0.000000e+00
  1.500000e+06  3.628930e-07  0.000000e+00
  1.700000e+06  3.185560e-07  0.000000e+00
  1.900000e+06  2.761940e-07  0.000000e+00
  2.100000e+06  2.364980e-07  0.000000e+00
  2.300000e+06  1.999620e-07  0.000000e+00
  2.500000e+06  1.668820e-07  0.000000e+00
  2.700000e+06  1.372580e-07  0.000000e+00
  2.900000e+06  1.108920e-07  0.000000e+00
  3.100000e+06  8.760790e-08  0.000000e+00
  3.300000e+06  6.709830e-08  0.000000e+00
  3.500000e+06  4.925480e-08  0.000000e+00
  3.700000e+06  3.401820e-08  0.000000e+00
  3.900000e+06  2.132920e-08  0.000000e+00
  4.100000e+06  1.113860e-08  0.000000e+00
  4.300000e+06  4.348800e-09  0.000000e+00
  4.500000e+06  1.133610e-09  0.000000e+00
  4.700000e+06  1.365660e-10  0.000000e+00
  4.900000e+06  0.000000e+00  0.000000e+00
  1.500000e+07            28             0             2
  0.000000e+00  0.000000e+00  0.000000e+00
  1.000000e+05  2.146720e-07  0.000000e+00
  3.000000e+05  3.219090e-07  0.000000e+00
  5.000000e+05  4.318170e-07  0.000000e+00
  7.000000e+05  4.996810e-07  0.000000e+00
  9.000000e+05  4.703000e-07  0.000000e+00
  1.100000e+06  4.369620e-07  0.000000e+00
  1.300000e+06  3.998640e-07  0.000000e+00
  1.500000e+06  3.609850e-07  0.000000e+00
  1.700000e+06  3.216120e-07  0.000000e+00
  1.900000e+06  2.830310e-07  0.000000e+00
  2.100000e+06  2.463290e-07  0.000000e+00
  2.300000e+06  2.120010e-07  0.000000e+00
  2.500000e+06  1.805420e-07  0.000000e+00
  2.700000e+06  1.520510e-07  0.000000e+00
  2.900000e+06  1.266270e-07  0.000000e+00
  3.100000e+06  1.039730e-07  0.000000e+00
  3.300000e+06  8.390020e-08  0.000000e+00
  3.500000e+06  6.617240e-08  0.000000e+00
  3.700000e+06  5.060130e-08  0.000000e+00
  3.900000e+06  3.704820e-08  0.000000e+00
  4.100000e+06  2.546390e-08  0.000000e+00
  4.300000e+06  1.584810e-08  0.000000e+00
  4.500000e+06  8.197110e-09  0.000000e+00
  4.700000e+06  3.162700e-09  0.000000e+00
  4.900000e+06  8.187220e-10  0.000000e+00
  5.100000e+06  9.922400e-11  0.000000e+00
  5.300000e+06  0.000000e+00  0.000000e+00
