             0             3
             4
             0
            88
  6.621390e+06  0.000000e+00  6.800000e+06  4.496600e-05  6.900000e+06  8.644000e-03
  7.000000e+06  1.111900e-02  7.100000e+06  1.377100e-02  7.200000e+06  1.663200e-02
  7.300000e+06  1.967200e-02  7.400000e+06  2.281200e-02  7.500000e+06  2.592300e-02
  7.600000e+06  2.884500e-02  7.700000e+06  3.143100e-02  7.800000e+06  3.359700e-02
  7.900000e+06  3.534700e-02  8.000000e+06  3.678100e-02  8.100000e+06  3.804400e-02
  8.200000e+06  3.930800e-02  8.300000e+06  4.072200e-02  8.400000e+06  4.239100e-02
  8.500000e+06  4.436600e-02  8.600000e+06  4.663600e-02  8.700000e+06  4.913400e-02
  8.800000e+06  5.173300e-02  8.900000e+06  5.426000e-02  9.000000e+06  5.651200e-02
  9.100000e+06  5.835400e-02  9.200000e+06  5.957800e-02  9.286070e+06  6.004536e-02
  9.300000e+06  6.013838e-02  9.400000e+06  5.989115e-02  9.500000e+06  5.766792e-02
  9.600000e+06  5.146140e-02  9.700000e+06  3.656780e-02  9.800000e+06  1.662160e-02
  9.900000e+06  5.174100e-03  1.000000e+07  1.351510e-03  1.010000e+07  1.833250e-03
  1.020000e+07  2.438790e-03  1.030000e+07  3.217160e-03  1.040000e+07  4.255000e-03
  1.050000e+07  5.612800e-03  1.055350e+07  5.891374e-03  1.060000e+07  6.133500e-03
  1.070000e+07  6.694900e-03  1.080000e+07  7.361100e-03  1.090000e+07  8.082030e-03
  1.100000e+07  8.847200e-03  1.110000e+07  9.955700e-03  1.120000e+07  1.104720e-02
  1.126460e+07  1.176381e-02  1.130000e+07  1.229262e-02  1.140000e+07  1.373573e-02
  1.150000e+07  1.434405e-02  1.160000e+07  1.466730e-02  1.170000e+07  1.512350e-02
  1.180000e+07  1.571640e-02  1.190000e+07  1.640560e-02  1.200000e+07  1.705340e-02
  1.210000e+07  1.787280e-02  1.220000e+07  1.864830e-02  1.230000e+07  1.941220e-02
  1.240000e+07  2.033000e-02  1.250000e+07  2.129460e-02  1.260000e+07  2.168010e-02
  1.270000e+07  2.209590e-02  1.280000e+07  2.260000e-02  1.290000e+07  2.318760e-02
  1.300000e+07  2.387640e-02  1.310000e+07  2.497120e-02  1.320000e+07  2.618710e-02
  1.330000e+07  2.754100e-02  1.340000e+07  2.886440e-02  1.350000e+07  3.005920e-02
  1.360000e+07  3.031840e-02  1.370000e+07  3.042730e-02  1.380000e+07  3.048000e-02
  1.390000e+07  3.061010e-02  1.400000e+07  3.081780e-02  1.410000e+07  3.145230e-02
  1.420000e+07  3.215900e-02  1.430000e+07  3.293790e-02  1.440000e+07  3.376120e-02
  1.450000e+07  3.462260e-02  1.460000e+07  3.497600e-02  1.461540e+07  3.503227e-02
  1.470000e+07  3.565944e-02  1.480000e+07  3.640877e-02  1.490000e+07  3.608010e-02
  1.500000e+07  3.644820e-02
             4
             6
  5.963450e+00             3             1
  1.000000e+00  1.000000e+00             0             1
 -3.975800e+06 -3.975800e+06             2
             1
             2             2
  6.621390e+06  1.000000e+00  1.500000e+07  1.000000e+00
          3006             2             2            18
             1
            18            22
  6.621390e+06             3             0             2
  0.000000e+00  0.000000e+00  0.000000e+00
  5.000000e-01  2.000000e+00  0.000000e+00
  1.000000e+00  0.000000e+00  0.000000e+00
  7.000000e+06            10             0             2
  0.000000e+00  0.000000e+00  0.000000e+00
  1.324500e+04  7.372900e-07  0.000000e+00
  3.972500e+04  2.444370e-06  0.000000e+00
  6.621500e+04  4.505720e-06  0.000000e+00
  9.265500e+04  6.389980e-06  0.000000e+00
  1.191550e+05  7.617640e-06  0.000000e+00
  1.456550e+05  7.744980e-06  0.000000e+00
  1.721550e+05  5.981100e-06  0.000000e+00
  1.986550e+05  2.514010e-06  0.000000e+00
  2.251550e+05  0.000000e+00  0.000000e+00
  7.500000e+06            10             0             2
  0.000000e+00  0.000000e+00  0.000000e+00
  3.059500e+04  3.192200e-07  0.000000e+00
  9.180500e+04  1.058760e-06  0.000000e+00
  1.530050e+05  1.951340e-06  0.000000e+00
  2.142050e+05  2.766310e-06  0.000000e+00
  2.753050e+05  3.297680e-06  0.000000e+00
  3.365050e+05  3.353410e-06  0.000000e+00
  3.977050e+05  2.589190e-06  0.000000e+00
  4.589050e+05  1.088610e-06  0.000000e+00
  5.201050e+05  0.000000e+00  0.000000e+00
  8.000000e+06            10             0             2
  0.000000e+00  0.000000e+00  0.000000e+00
  4.794500e+04  2.037110e-07  0.000000e+00
  1.438550e+05  6.754220e-07  0.000000e+00
  2.397550e+05  1.244960e-06  0.000000e+00
  3.356550e+05  1.765430e-06  0.000000e+00
  4.315550e+05  2.104780e-06  0.000000e+00
  5.273550e+05  2.139610e-06  0.000000e+00
  6.232550e+05  1.651980e-06  0.000000e+00
  7.191550e+05  6.947280e-07  0.000000e+00
  8.150550e+05  0.000000e+00  0.000000e+00
  8.500000e+06            10             0             2
  0.000000e+00  0.000000e+00  0.000000e+00
  6.530000e+04  1.495000e-07  0.000000e+00
  1.959000e+05  4.956480e-07  0.000000e+00
  3.265000e+05  9.137100e-07  0.000000e+00
  4.571000e+05  1.296060e-06  0.000000e+00
  5.877000e+05  1.544730e-06  0.000000e+00
  7.183000e+05  1.570600e-06  0.000000e+00
  8.489000e+05  1.212510e-06  0.000000e+00
  9.797000e+05  5.098720e-07  0.000000e+00
  1.110500e+06  0.000000e+00  0.000000e+00
  9.000000e+06             9             0             2
  0.000000e+00  0.000000e+00  0.000000e+00
  1.000000e+05  1.641500e-07  0.000000e+00
  3.000000e+05  5.238910e-07  0.000000e+00
  5.000000e+05  9.148750e-07  0.000000e+00
  7.000000e+05  1.194180e-06  0.000000e+00
  9.000000e+05  1.231870e-06  0.000000e+00
  1.100000e+06  9.084280e-07  0.000000e+00
  1.300000e+06  1.036480e-07  0.000000e+00
  1.500000e+06  0.000000e+00  0.000000e+00
  9.500000e+06            10             0             2
  0.000000e+00  0.000000e+00  0.000000e+00
  1.000000e+05  9.764780e-08  0.000000e+00
  3.000000e+05  3.237680e-07  0.000000e+00
  5.000000e+05  5.967920e-07  0.000000e+00
  7.000000e+05  8.463340e-07  0.000000e+00
  9.000000e+05  1.008910e-06  0.000000e+00
  1.100000e+06  1.025830e-06  0.000000e+00
  1.300000e+06  7.921070e-07  0.000000e+00
  1.500000e+06  3.330210e-07  0.000000e+00
  1.700000e+06  0.000000e+00  0.000000e+00
  1.000000e+07            12             0             2
  0.000000e+00  0.000000e+00  0.000000e+00
  1.000000e+05  5.581310e-06  0.000000e+00
  3.000000e+05  3.691080e-08  0.000000e+00
  5.000000e+05  7.028190e-08  0.000000e+00
  7.000000e+05  1.042440e-07  0.000000e+00
  9.000000e+05  1.327200e-07  0.000000e+00
  1.100000e+06  1.501660e-07  0.000000e+00
  1.300000e+06  1.425250e-07  0.000000e+00
  1.500000e+06  1.082810e-07  0.000000e+00
  1.700000e+06  6.266180e-08  0.000000e+00
  1.900000e+06  6.223650e-09  0.000000e+00
  2.100000e+06  0.000000e+00  0.000000e+00
  1.050000e+07            13             0             2
  0.000000e+00  0.000000e+00  0.000000e+00
  1.000000e+05  1.848790e-06  7.501000e-04
  3.000000e+05  3.473390e-06  1.381000e-03
  5.000000e+05  9.330150e-09  1.000000e+00
  7.000000e+05  1.424030e-08  1.000000e+00
  9.000000e+05  1.883270e-08  1.000000e+00
  1.100000e+06  2.249040e-08  1.000000e+00
  1.300000e+06  2.318920e-08  1.000000e+00
  1.500000e+06  2.034840e-08  1.000000e+00
  1.700000e+06  1.623700e-08  1.000000e+00
  1.900000e+06  1.091850e-08  1.000000e+00
  2.100000e+06  4.431820e-09  1.000000e+00
  2.300000e+06  0.000000e+00  1.000000e+00
  1.100000e+07            15             0             2
  0.000000e+00  0.000000e+00  0.000000e+00
  1.000000e+05  5.409990e-07  7.101000e-04
  3.000000e+05  1.527640e-06  8.808000e-04
  5.000000e+05  2.020960e-06  1.316000e-03
  7.000000e+05  1.001240e-06  4.130000e-03
  9.000000e+05  5.608480e-09  1.000000e+00
  1.100000e+06  6.919140e-09  1.000000e+00
  1.300000e+06  7.461110e-09  1.000000e+00
  1.500000e+06  6.993090e-09  1.000000e+00
  1.700000e+06  6.212730e-09  1.000000e+00
  1.900000e+06  5.131700e-09  1.000000e+00
  2.100000e+06  3.763640e-09  1.000000e+00
  2.300000e+06  2.118260e-09  1.000000e+00
  2.500000e+06  2.056960e-10  1.000000e+00
  2.700000e+06  0.000000e+00  1.000000e+00
  1.150000e+07            16             0             2
  0.000000e+00  0.000000e+00  0.000000e+00
  1.000000e+05  2.441330e-07  7.747000e-04
  3.000000e+05  7.755560e-07  8.626000e-04
  5.000000e+05  1.310540e-06  1.021000e-03
  7.000000e+05  1.548540e-06  1.363000e-03
  9.000000e+05  1.156470e-06  2.518000e-03
  1.100000e+06  3.670880e-09  1.000000e+00
  1.300000e+06  4.071840e-09  1.000000e+00
  1.500000e+06  3.964200e-09  1.000000e+00
  1.700000e+06  3.716310e-09  1.000000e+00
  1.900000e+06  3.335100e-09  1.000000e+00
  2.100000e+06  2.826490e-09  1.000000e+00
  2.300000e+06  2.193440e-09  1.000000e+00
  2.500000e+06  1.440900e-09  1.000000e+00
  2.700000e+06  5.740870e-10  1.000000e+00
  2.900000e+06  0.000000e+00  1.000000e+00
  1.200000e+07            18             0             2
  0.000000e+00  0.000000e+00  0.000000e+00
  1.000000e+05  1.251090e-07  8.736000e-04
  3.000000e+05  4.198450e-07  9.280000e-04
  5.000000e+05  7.749990e-07  1.014000e-03
  7.000000e+05  1.079180e-06  1.162000e-03
  9.000000e+05  1.211340e-06  1.446000e-03
  1.100000e+06  1.034460e-06  2.169000e-03
  1.300000e+06  3.720470e-07  6.820000e-03
  1.500000e+06  2.531990e-09  1.000000e+00
  1.700000e+06  2.452490e-09  1.000000e+00
  1.900000e+06  2.301450e-09  1.000000e+00
  2.100000e+06  2.082830e-09  1.000000e+00
  2.300000e+06  1.799620e-09  1.000000e+00
  2.500000e+06  1.452810e-09  1.000000e+00
  2.700000e+06  1.045390e-09  1.000000e+00
  2.900000e+06  5.790390e-10  1.000000e+00
  3.100000e+06  5.544940e-11  1.000000e+00
  3.300000e+06  0.000000e+00  1.000000e+00
  1.250000e+07            19             0             2
  0.000000e+00  0.000000e+00  0.000000e+00
  1.000000e+05  7.629290e-08  9.948000e-04
  3.000000e+05  2.640720e-07  1.031000e-03
  5.000000e+05  5.097150e-07  1.086000e-03
  7.000000e+05  7.606380e-07  1.171000e-03
  9.000000e+05  9.605590e-07  1.308000e-03
  1.100000e+06  1.047920e-06  1.554000e-03
  1.300000e+06  8.971070e-07  2.081000e-03
  1.500000e+06  4.916850e-07  3.856000e-03
  1.700000e+06  1.876690e-09  1.000000e+00
  1.900000e+06  1.811940e-09  1.000000e+00
  2.100000e+06  1.703370e-09  1.000000e+00
  2.300000e+06  1.552950e-09  1.000000e+00
  2.500000e+06  1.361700e-09  1.000000e+00
  2.700000e+06  1.132590e-09  1.000000e+00
  2.900000e+06  8.646330e-10  1.000000e+00
  3.100000e+06  5.604180e-10  1.000000e+00
  3.300000e+06  2.205410e-10  1.000000e+00
  3.500000e+06  0.000000e+00  1.000000e+00
  1.300000e+07            21             0             2
  0.000000e+00  0.000000e+00  0.000000e+00
  1.000000e+05  5.095100e-08  1.126000e-03
  3.000000e+05  1.796450e-07  1.152000e-03
  5.000000e+05  3.559990e-07  1.189000e-03
  7.000000e+05  5.513040e-07  1.243000e-03
  9.000000e+05  7.357370e-07  1.325000e-03
  1.100000e+06  8.772780e-07  1.453000e-03
  1.300000e+06  8.853580e-07  1.669000e-03
  1.500000e+06  7.289540e-07  2.084000e-03
  1.700000e+06  4.873660e-07  3.134000e-03
  1.900000e+06  1.524140e-07  9.869000e-03
  2.100000e+06  1.449330e-09  1.000000e+00
  2.300000e+06  1.364540e-09  1.000000e+00
  2.500000e+06  1.251830e-09  1.000000e+00
  2.700000e+06  1.112180e-09  1.000000e+00
  2.900000e+06  9.452060e-10  1.000000e+00
  3.100000e+06  7.526940e-10  1.000000e+00
  3.300000e+06  5.351450e-10  1.000000e+00
  3.500000e+06  2.933570e-10  1.000000e+00
  3.700000e+06  2.782950e-11  1.000000e+00
  3.900000e+06  0.000000e+00  1.000000e+00
  1.350000e+07            22             0             2
  0.000000e+00  0.000000e+00  0.000000e+00
  1.000000e+05  3.708100e-08  1.268000e-03
  3.000000e+05  1.324530e-07  1.287000e-03
  5.000000e+05  2.667040e-07  1.313000e-03
  7.000000e+05  4.223140e-07  1.350000e-03
  9.000000e+05  5.814180e-07  1.404000e-03
  1.100000e+06  7.251500e-07  1.482000e-03
  1.300000e+06  7.844400e-07  1.602000e-03
  1.500000e+06  7.270470e-07  1.795000e-03
  1.700000e+06  6.207450e-07  2.139000e-03
  1.900000e+06  4.613410e-07  2.873000e-03
  2.100000e+06  2.435470e-07  5.336000e-03
  2.300000e+06  1.250670e-09  1.000000e+00
  2.500000e+06  1.180800e-09  1.000000e+00
  2.700000e+06  1.088970e-09  1.000000e+00
  2.900000e+06  9.769820e-10  1.000000e+00
  3.100000e+06  8.452270e-10  1.000000e+00
  3.300000e+06  6.942080e-10  1.000000e+00
  3.500000e+06  5.246240e-10  1.000000e+00
  3.700000e+06  3.368730e-10  1.000000e+00
  3.900000e+06  1.315550e-10  1.000000e+00
  4.100000e+06  0.000000e+00  1.000000e+00
  1.400000e+07            24             0             2
  0.000000e+00  0.000000e+00  0.000000e+00
  1.000000e+05  2.824030e-08  1.413000e-03
  3.000000e+05  1.016570e-07  1.428000e-03
  5.000000e+05  2.070090e-07  1.447000e-03
  7.000000e+05  3.325320e-07  1.474000e-03
  9.000000e+05  4.667440e-07  1.511000e-03
  1.100000e+06  5.976590e-07  1.563000e-03
  1.300000e+06  6.711560e-07  1.639000e-03
  1.500000e+06  6.575750e-07  1.751000e-03
  1.700000e+06  6.138370e-07  1.926000e-03
  1.900000e+06  5.377440e-07  2.218000e-03
  2.100000e+06  4.264000e-07  2.778000e-03
  2.300000e+06  2.766110e-07  4.188000e-03
  2.500000e+06  8.446120e-08  1.319000e-02
  2.700000e+06  1.053520e-09  1.000000e+00
  2.900000e+06  9.764270e-10  1.000000e+00
  3.100000e+06  8.834570e-10  1.000000e+00
  3.300000e+06  7.753100e-10  1.000000e+00
  3.500000e+06  6.521830e-10  1.000000e+00
  3.700000e+06  5.145760e-10  1.000000e+00
  3.900000e+06  3.628900e-10  1.000000e+00
  4.100000e+06  1.974220e-10  1.000000e+00
  4.300000e+06  1.861380e-11  1.000000e+00
  4.500000e+06  0.000000e+00  1.000000e+00
  1.450000e+07            25             0             2
  0.000000e+00  0.000000e+00  0.000000e+00
  1.000000e+05  2.250390e-08  1.566000e-03
  3.000000e+05  8.149550e-08  1.576000e-03
  5.000000e+05  1.672060e-07  1.591000e-03
  7.000000e+05  2.711860e-07  1.611000e-03
  9.000000e+05  3.854530e-07  1.638000e-03
  1.100000e+06  5.019180e-07  1.675000e-03
  1.300000e+06  5.765320e-07  1.727000e-03
  1.500000e+06  5.828240e-07  1.799000e-03
  1.700000e+06  5.692400e-07  1.905000e-03
  1.900000e+06  5.346800e-07  2.064000e-03
  2.100000e+06  4.773470e-07  2.319000e-03
  2.300000e+06  3.953420e-07  2.770000e-03
  2.500000e+06  2.864680e-07  3.730000e-03
  2.700000e+06  1.481280e-07  6.939000e-03
  2.900000e+06  9.734710e-10  1.000000e+00
  3.100000e+06  9.060500e-10  1.000000e+00
  3.300000e+06  8.258420e-10  1.000000e+00
  3.500000e+06  7.331500e-10  1.000000e+00
  3.700000e+06  6.284710e-10  1.000000e+00
  3.900000e+06  5.120060e-10  1.000000e+00
  4.100000e+06  3.841550e-10  1.000000e+00
  4.300000e+06  2.451160e-10  1.000000e+00
  4.500000e+06  9.510970e-11  1.000000e+00
  4.700000e+06  0.000000e+00  1.000000e+00
  1.500000e+07            27             0             2
  0.000000e+00  0.000000e+00  0.000000e+00
  1.000000e+05  1.840370e-08  1.720000e-03
  3.000000e+05  6.692080e-08  1.729000e-03
  5.000000e+05  1.379780e-07  1.739000e-03
  7.000000e+05  2.253010e-07  1.754000e-03
  9.000000e+05  3.230140e-07  1.775000e-03
  1.100000e+06  4.254230e-07  1.803000e-03
  1.300000e+06  4.958610e-07  1.840000e-03
  1.500000e+06  5.111480e-07  1.890000e-03
  1.700000e+06  5.128460e-07  1.960000e-03
  1.900000e+06  5.001570e-07  2.059000e-03
  2.100000e+06  4.720820e-07  2.205000e-03
  2.300000e+06  4.275220e-07  2.431000e-03
  2.500000e+06  3.652770e-07  2.806000e-03
  2.700000e+06  2.834490e-07  3.523000e-03
  2.900000e+06  1.805400e-07  5.322000e-03
  3.100000e+06  5.438190e-08  1.677000e-02
  3.300000e+06  8.517460e-10  1.000000e+00
  3.500000e+06  7.812090e-10  1.000000e+00
  3.700000e+06  7.003800e-10  1.000000e+00
  3.900000e+06  6.095600e-10  1.000000e+00
  4.100000e+06  5.090490e-10  1.000000e+00
  4.300000e+06  3.990470e-10  1.000000e+00
  4.500000e+06  2.797520e-10  1.000000e+00
  4.700000e+06  1.513660e-10  1.000000e+00
  4.900000e+06  1.419740e-11  1.000000e+00
  5.100000e+06  0.000000e+00  1.000000e+00
