             0             3
             4
             0
           184
  4.380900e+06  0.000000e+00  4.420000e+06  6.615100e-03  4.480000e+06  7.589500e-03
  4.540000e+06  8.838500e-03  4.600000e+06  1.038000e-02  4.660000e+06  1.191700e-02
  4.720000e+06  1.283800e-02  4.780000e+06  1.316200e-02  4.840000e+06  1.361800e-02
  4.900000e+06  1.471100e-02  4.960000e+06  1.664900e-02  5.020000e+06  1.952300e-02
  5.080000e+06  2.319200e-02  5.140000e+06  2.678100e-02  5.200000e+06  2.849700e-02
  5.260000e+06  2.760500e-02  5.320000e+06  2.553800e-02  5.380000e+06  2.383900e-02
  5.440000e+06  2.304200e-02  5.500000e+06  2.313300e-02  5.508510e+06  2.324306e-02
  5.560000e+06  2.391269e-02  5.620000e+06  2.537598e-02  5.680000e+06  2.754166e-02
  5.740000e+06  3.049515e-02  5.800000e+06  3.442028e-02  5.860000e+06  3.962720e-02
  5.920000e+06  4.658590e-02  5.980000e+06  5.592100e-02  6.040000e+06  6.806200e-02
  6.100000e+06  8.248500e-02  6.160000e+06  9.575600e-02  6.220000e+06  1.024200e-01
  6.280000e+06  1.020300e-01  6.340000e+06  1.002000e-01  6.400000e+06  1.016000e-01
  6.460000e+06  1.077600e-01  6.520000e+06  1.187200e-01  6.580000e+06  1.342000e-01
  6.640000e+06  1.540300e-01  6.700000e+06  1.772320e-01  6.760000e+06  2.017670e-01
  6.820000e+06  2.244720e-01  6.880000e+06  2.421470e-01  6.940000e+06  2.534300e-01
  7.000000e+06  2.594370e-01  7.060000e+06  2.624370e-01  7.113560e+06  2.643875e-01
  7.120000e+06  2.646220e-01  7.180000e+06  2.667431e-01  7.240000e+06  2.683393e-01
  7.300000e+06  2.677406e-01  7.360000e+06  2.623370e-01  7.420000e+06  2.500400e-01
  7.480000e+06  2.314503e-01  7.540000e+06  2.099317e-01  7.600000e+06  1.892794e-01
  7.660000e+06  1.718869e-01  7.720000e+06  1.586335e-01  7.763750e+06  1.519297e-01
  7.780000e+06  1.494398e-01  7.840000e+06  1.438801e-01  7.900000e+06  1.413796e-01
  7.960000e+06  1.412797e-01  8.020000e+06  1.428295e-01  8.080000e+06  1.451895e-01
  8.140000e+06  1.475900e-01  8.200000e+06  1.491003e-01  8.260000e+06  1.489998e-01
  8.320000e+06  1.469696e-01  8.380000e+06  1.431402e-01  8.440000e+06  1.380801e-01
  8.500000e+06  1.325204e-01  8.560000e+06  1.271602e-01  8.620000e+06  1.225798e-01
  8.680000e+06  1.191404e-01  8.740000e+06  1.170298e-01  8.800000e+06  1.162696e-01
  8.860000e+06  1.167303e-01  8.920000e+06  1.181099e-01  8.980000e+06  1.199502e-01
  9.040000e+06  1.216399e-01  9.100000e+06  1.225707e-01  9.160000e+06  1.222206e-01
  9.220000e+06  1.203296e-01  9.280000e+06  1.169803e-01  9.340000e+06  1.125606e-01
  9.400000e+06  1.076801e-01  9.460000e+06  1.029492e-01  9.520000e+06  9.890744e-02
  9.580000e+06  9.596150e-02  9.640000e+06  9.444011e-02  9.700000e+06  9.459780e-02
  9.760000e+06  9.663250e-02  9.820000e+06  1.006595e-01  9.880000e+06  1.065993e-01
  9.940000e+06  1.139597e-01  1.000000e+07  1.216000e-01  1.001430e+07  1.230464e-01
  1.006000e+07  1.280913e-01  1.012000e+07  1.311461e-01  1.018000e+07  1.293718e-01
  1.024000e+07  1.210501e-01  1.030000e+07  1.114895e-01  1.036000e+07  1.011301e-01
  1.042000e+07  9.138258e-02  1.048000e+07  8.298093e-02  1.054000e+07  7.616332e-02
  1.060000e+07  7.090819e-02  1.066000e+07  6.709926e-02  1.072000e+07  6.460720e-02
  1.078000e+07  6.332469e-02  1.084000e+07  6.317496e-02  1.090000e+07  6.409450e-02
  1.096000e+07  6.601068e-02  1.102000e+07  6.876318e-02  1.108000e+07  7.206320e-02
  1.114000e+07  7.547832e-02  1.120000e+07  7.832709e-02  1.126000e+07  7.986729e-02
  1.132000e+07  7.958037e-02  1.138000e+07  7.743370e-02  1.144000e+07  7.389922e-02
  1.150000e+07  6.969909e-02  1.156000e+07  6.550126e-02  1.162000e+07  6.177246e-02
  1.168000e+07  5.875650e-02  1.174000e+07  5.654790e-02  1.180000e+07  5.514966e-02
  1.186000e+07  5.452680e-02  1.187840e+07  5.455823e-02  1.192000e+07  5.479561e-02
  1.198000e+07  5.581230e-02  1.204000e+07  5.696271e-02  1.210000e+07  5.915502e-02
  1.216000e+07  6.181690e-02  1.222000e+07  6.483016e-02  1.228000e+07  6.802892e-02
  1.234000e+07  7.119160e-02  1.240000e+07  7.405274e-02  1.246000e+07  7.631709e-02
  1.252000e+07  7.772026e-02  1.258000e+07  7.806860e-02  1.264000e+07  7.730014e-02
  1.270000e+07  7.548621e-02  1.276000e+07  7.282028e-02  1.282000e+07  6.956073e-02
  1.288000e+07  6.597920e-02  1.294000e+07  6.231534e-02  1.300000e+07  5.875727e-02
  1.306000e+07  5.691022e-02  1.312000e+07  5.537824e-02  1.318000e+07  5.420712e-02
  1.324000e+07  5.342293e-02  1.330000e+07  5.303467e-02  1.336000e+07  5.305136e-02
  1.342000e+07  5.348602e-02  1.348000e+07  5.436205e-02  1.354000e+07  5.572442e-02
  1.360000e+07  5.763260e-02  1.366000e+07  6.015355e-02  1.372000e+07  6.328763e-02
  1.378000e+07  6.681985e-02  1.384000e+07  7.013295e-02  1.390000e+07  7.232818e-02
  1.396000e+07  7.297823e-02  1.402000e+07  7.265146e-02  1.408000e+07  7.227474e-02
  1.414000e+07  7.232931e-02  1.420000e+07  7.298867e-02  1.426000e+07  7.424061e-02
  1.432000e+07  7.602401e-02  1.438000e+07  7.828993e-02  1.444000e+07  8.100347e-02
  1.450000e+07  8.409924e-02  1.456000e+07  8.816286e-02  1.462000e+07  9.319528e-02
  1.468000e+07  9.913320e-02  1.474000e+07  1.045615e-01  1.480000e+07  1.075927e-01
  1.486000e+07  1.095484e-01  1.492000e+07  1.125963e-01  1.498000e+07  1.186654e-01
  1.500000e+07  1.259118e-01
             4
             6
  6.955730e+00             3             1
  1.000000e+00  1.000000e+00             0             1
 -2.789500e+06 -2.789500e+06             2
             1
             2             2
  4.380900e+06  1.000000e+00  1.500000e+07  1.000000e+00
          3007             2             2            23
             1
            23            22
  4.380900e+06             3             0             2
  0.000000e+00  0.000000e+00  0.000000e+00
  5.000000e-01  2.000000e+00  0.000000e+00
  1.000000e+00  0.000000e+00  0.000000e+00
  4.500000e+06            10             0             2
  0.000000e+00  0.000000e+00  0.000000e+00
  4.519000e+03  1.148370e-04  0.000000e+00
  1.356100e+04  2.424830e-05  0.000000e+00
  2.259100e+04  3.579860e-08  0.000000e+00
  3.163100e+04  5.018470e-08  0.000000e+00
  4.067100e+04  5.874370e-08  0.000000e+00
  4.971100e+04  5.649290e-08  0.000000e+00
  5.874100e+04  3.675370e-08  0.000000e+00
  6.778100e+04  1.005470e-08  0.000000e+00
  7.682100e+04  0.000000e+00  0.000000e+00
  5.000000e+06            10             0             2
  0.000000e+00  0.000000e+00  0.000000e+00
  2.361500e+04  2.197890e-05  0.000000e+00
  7.084500e+04  4.640890e-06  0.000000e+00
  1.180850e+05  6.852100e-09  0.000000e+00
  1.652850e+05  9.604640e-09  0.000000e+00
  2.125850e+05  1.124120e-08  0.000000e+00
  2.597850e+05  1.081170e-08  0.000000e+00
  3.069850e+05  7.033530e-09  0.000000e+00
  3.541850e+05  1.923890e-09  0.000000e+00
  4.013850e+05  0.000000e+00  0.000000e+00
  5.500000e+06            10             0             2
  0.000000e+00  0.000000e+00  0.000000e+00
  4.271000e+04  1.215510e-05  0.000000e+00
  1.280900e+05  2.566560e-06  0.000000e+00
  2.135900e+05  3.789470e-09  0.000000e+00
  2.989900e+05  5.311630e-09  0.000000e+00
  3.843900e+05  6.217520e-09  0.000000e+00
  4.697900e+05  5.979750e-09  0.000000e+00
  5.552900e+05  3.890210e-09  0.000000e+00
  6.406900e+05  1.063660e-09  0.000000e+00
  7.260900e+05  0.000000e+00  0.000000e+00
  6.000000e+06            10             0             2
  0.000000e+00  0.000000e+00  0.000000e+00
  6.180000e+04  8.398340e-06  0.000000e+00
  1.854000e+05  1.773720e-06  0.000000e+00
  3.090000e+05  2.618000e-09  0.000000e+00
  4.327000e+05  3.670380e-09  0.000000e+00
  5.563000e+05  4.295440e-09  0.000000e+00
  6.799000e+05  4.131770e-09  0.000000e+00
  8.035000e+05  2.687620e-09  0.000000e+00
  9.271000e+05  7.351140e-10  0.000000e+00
  1.050700e+06  0.000000e+00  0.000000e+00
  6.500000e+06            10             0             2
  0.000000e+00  0.000000e+00  0.000000e+00
  8.090000e+04  6.416350e-06  0.000000e+00
  2.427000e+05  1.354360e-06  0.000000e+00
  4.045000e+05  2.000060e-09  0.000000e+00
  5.663000e+05  2.803500e-09  0.000000e+00
  7.281000e+05  3.281110e-09  0.000000e+00
  8.899000e+05  3.155970e-09  0.000000e+00
  1.052100e+06  2.052640e-09  0.000000e+00
  1.213100e+06  5.615140e-10  0.000000e+00
  1.374100e+06  0.000000e+00  0.000000e+00
  7.000000e+06            10             0             2
  0.000000e+00  0.000000e+00  0.000000e+00
  1.000000e+05  5.190560e-06  0.000000e+00
  3.000000e+05  1.095870e-06  0.000000e+00
  5.000000e+05  1.617890e-09  0.000000e+00
  7.000000e+05  2.268000e-09  0.000000e+00
  9.000000e+05  2.654520e-09  0.000000e+00
  1.100000e+06  2.553080e-09  0.000000e+00
  1.300000e+06  1.660830e-09  0.000000e+00
  1.500000e+06  4.542670e-10  0.000000e+00
  1.700000e+06  0.000000e+00  0.000000e+00
  7.500000e+06            11             0             2
  0.000000e+00  0.000000e+00  0.000000e+00
  1.000000e+05  9.263610e-07  0.000000e+00
  3.000000e+05  2.280860e-06  0.000000e+00
  5.000000e+05  2.020540e-06  0.000000e+00
  7.000000e+05  6.210390e-10  0.000000e+00
  9.000000e+05  7.858100e-10  0.000000e+00
  1.100000e+06  8.609490e-10  0.000000e+00
  1.300000e+06  7.323160e-10  0.000000e+00
  1.500000e+06  5.391300e-10  0.000000e+00
  1.700000e+06  2.844400e-10  0.000000e+00
  1.900000e+06  0.000000e+00  0.000000e+00
  8.000000e+06            13             0             2
  0.000000e+00  0.000000e+00  0.000000e+00
  1.000000e+05  3.454900e-07  0.000000e+00
  3.000000e+05  1.040600e-06  0.000000e+00
  5.000000e+05  1.614450e-06  0.000000e+00
  7.000000e+05  1.597740e-06  0.000000e+00
  9.000000e+05  4.855140e-07  0.000000e+00
  1.100000e+06  6.501030e-10  0.000000e+00
  1.300000e+06  6.078500e-10  0.000000e+00
  1.500000e+06  5.300260e-10  0.000000e+00
  1.700000e+06  4.185970e-10  0.000000e+00
  1.900000e+06  2.746430e-10  0.000000e+00
  2.100000e+06  9.973610e-11  0.000000e+00
  2.300000e+06  0.000000e+00  0.000000e+00
  8.500000e+06            15             0             2
  0.000000e+00  0.000000e+00  0.000000e+00
  1.000000e+05  1.661050e-07  0.000000e+00
  3.000000e+05  5.401620e-07  0.000000e+00
  5.000000e+05  9.582500e-07  0.000000e+00
  7.000000e+05  1.261400e-06  0.000000e+00
  9.000000e+05  1.284210e-06  0.000000e+00
  1.100000e+06  8.291350e-07  0.000000e+00
  1.300000e+06  5.291550e-10  0.000000e+00
  1.500000e+06  4.958350e-10  0.000000e+00
  1.700000e+06  4.403010e-10  0.000000e+00
  1.900000e+06  3.635460e-10  0.000000e+00
  2.100000e+06  2.664620e-10  0.000000e+00
  2.300000e+06  1.496430e-10  0.000000e+00
  2.500000e+06  1.392300e-11  0.000000e+00
  2.700000e+06  0.000000e+00  0.000000e+00
  9.000000e+06            16             0             2
  0.000000e+00  0.000000e+00  0.000000e+00
  1.000000e+05  9.508060e-08  0.000000e+00
  3.000000e+05  3.216460e-07  0.000000e+00
  5.000000e+05  6.050770e-07  0.000000e+00
  7.000000e+05  8.757690e-07  0.000000e+00
  9.000000e+05  1.062860e-06  0.000000e+00
  1.100000e+06  1.067840e-06  0.000000e+00
  1.300000e+06  7.397260e-07  0.000000e+00
  1.500000e+06  2.540720e-07  0.000000e+00
  1.700000e+06  4.405710e-10  0.000000e+00
  1.900000e+06  3.966840e-10  0.000000e+00
  2.100000e+06  3.377680e-10  0.000000e+00
  2.300000e+06  2.645220e-10  0.000000e+00
  2.500000e+06  1.773430e-10  0.000000e+00
  2.700000e+06  7.663970e-11  0.000000e+00
  2.900000e+06  0.000000e+00  0.000000e+00
  9.500000e+06            18             0             2
  0.000000e+00  0.000000e+00  0.000000e+00
  1.000000e+05  6.336900e-08  3.524000e-04
  3.000000e+05  2.194040e-07  3.631000e-04
  5.000000e+05  4.262480e-07  3.775000e-04
  7.000000e+05  6.460510e-07  3.975000e-04
  9.000000e+05  8.416300e-07  4.268000e-04
  1.100000e+06  9.527780e-07  4.727000e-04
  1.300000e+06  8.415310e-07  5.519000e-04
  1.500000e+06  6.499380e-07  7.146000e-04
  1.700000e+06  3.731170e-07  1.209000e-03
  1.900000e+06  4.251510e-10  1.000000e+00
  2.100000e+06  3.869730e-10  1.000000e+00
  2.300000e+06  3.369310e-10  1.000000e+00
  2.500000e+06  2.757250e-10  1.000000e+00
  2.700000e+06  2.034550e-10  1.000000e+00
  2.900000e+06  1.206170e-10  1.000000e+00
  3.100000e+06  2.758250e-11  1.000000e+00
  3.300000e+06  0.000000e+00  1.000000e+00
  1.000000e+07            19             0             2
  0.000000e+00  0.000000e+00  0.000000e+00
  1.000000e+05  4.497780e-08  4.511000e-04
  3.000000e+05  1.580410e-07  4.611000e-04
  5.000000e+05  3.130880e-07  4.735000e-04
  7.000000e+05  4.872920e-07  4.898000e-04
  9.000000e+05  6.589020e-07  5.119000e-04
  1.100000e+06  7.878090e-07  5.432000e-04
  1.300000e+06  7.586750e-07  5.901000e-04
  1.500000e+06  6.842450e-07  6.659000e-04
  1.700000e+06  5.624220e-07  8.044000e-04
  1.900000e+06  3.902130e-07  1.124000e-03
  2.100000e+06  1.641270e-07  2.525000e-03
  2.300000e+06  3.803350e-10  1.000000e+00
  2.500000e+06  3.369340e-10  1.000000e+00
  2.700000e+06  2.843540e-10  1.000000e+00
  2.900000e+06  2.228930e-10  1.000000e+00
  3.100000e+06  1.529520e-10  1.000000e+00
  3.300000e+06  7.458050e-11  1.000000e+00
  3.500000e+06  0.000000e+00  1.000000e+00
  1.050000e+07            21             0             2
  0.000000e+00  0.000000e+00  0.000000e+00
  1.000000e+05  3.423140e-08  5.620000e-04
  3.000000e+05  1.214920e-07  5.718000e-04
  5.000000e+05  2.437830e-07  5.833000e-04
  7.000000e+05  3.858400e-07  5.975000e-04
  9.000000e+05  5.333870e-07  6.156000e-04
  1.100000e+06  6.573750e-07  6.396000e-04
  1.300000e+06  6.610690e-07  6.725000e-04
  1.500000e+06  6.365110e-07  7.201000e-04
  1.700000e+06  5.827030e-07  7.932000e-04
  1.900000e+06  4.982470e-07  9.165000e-04
  2.100000e+06  3.814470e-07  1.159000e-03
  2.300000e+06  2.300060e-07  1.821000e-03
  2.500000e+06  4.123940e-08  9.390000e-03
  2.700000e+06  3.476050e-10  1.000000e+00
  2.900000e+06  3.001860e-10  1.000000e+00
  3.100000e+06  2.452800e-10  1.000000e+00
  3.300000e+06  1.829870e-10  1.000000e+00
  3.500000e+06  1.136060e-10  1.000000e+00
  3.700000e+06  3.730620e-11  1.000000e+00
  3.900000e+06  0.000000e+00  1.000000e+00
  1.100000e+07            23             0             2
  0.000000e+00  0.000000e+00  0.000000e+00
  1.000000e+05  2.713430e-08  6.790000e-04
  3.000000e+05  9.689250e-08  6.895000e-04
  5.000000e+05  1.961420e-07  7.009000e-04
  7.000000e+05  3.138870e-07  7.141000e-04
  9.000000e+05  4.401210e-07  7.300000e-04
  1.100000e+06  5.527730e-07  7.497000e-04
  1.300000e+06  5.701500e-07  7.751000e-04
  1.500000e+06  5.685520e-07  8.093000e-04
  1.700000e+06  5.476790e-07  8.571000e-04
  1.900000e+06  5.069330e-07  9.276000e-04
  2.100000e+06  4.454140e-07  1.039000e-03
  2.300000e+06  3.619240e-07  1.238000e-03
  2.500000e+06  2.549650e-07  1.668000e-03
  2.700000e+06  1.228380e-07  3.222000e-03
  2.900000e+06  3.590280e-10  1.000000e+00
  3.100000e+06  3.155850e-10  1.000000e+00
  3.300000e+06  2.656510e-10  1.000000e+00
  3.500000e+06  2.093250e-10  1.000000e+00
  3.700000e+06  1.468070e-10  1.000000e+00
  3.900000e+06  7.827700e-11  1.000000e+00
  4.100000e+06  3.871910e-12  1.000000e+00
  4.300000e+06  0.000000e+00  1.000000e+00
  1.150000e+07            24             0             2
  0.000000e+00  0.000000e+00  0.000000e+00
  1.000000e+05  2.227460e-08  7.987000e-04
  3.000000e+05  7.968910e-08  8.127000e-04
  5.000000e+05  1.621150e-07  8.256000e-04
  7.000000e+05  2.614020e-07  8.388000e-04
  9.000000e+05  3.700780e-07  8.537000e-04
  1.100000e+06  4.706630e-07  8.711000e-04
  1.300000e+06  4.933370e-07  8.923000e-04
  1.500000e+06  5.024270e-07  9.191000e-04
  1.700000e+06  4.982320e-07  9.542000e-04
  1.900000e+06  4.803520e-07  1.002000e-03
  2.100000e+06  4.483890e-07  1.070000e-03
  2.300000e+06  4.017420e-07  1.173000e-03
  2.500000e+06  3.395130e-07  1.342000e-03
  2.700000e+06  2.609030e-07  1.663000e-03
  2.900000e+06  1.644130e-07  2.467000e-03
  3.100000e+06  4.885430e-08  7.599000e-03
  3.300000e+06  3.310230e-10  1.000000e+00
  3.500000e+06  2.848750e-10  1.000000e+00
  3.700000e+06  2.332340e-10  1.000000e+00
  3.900000e+06  1.760990e-10  1.000000e+00
  4.100000e+06  1.136700e-10  1.000000e+00
  4.300000e+06  4.602750e-11  1.000000e+00
  4.500000e+06  0.000000e+00  1.000000e+00
  1.200000e+07            26             0             2
  0.000000e+00  0.000000e+00  0.000000e+00
  1.000000e+05  1.893170e-08  9.135000e-04
  3.000000e+05  6.770460e-08  9.333000e-04
  5.000000e+05  1.378670e-07  9.509000e-04
  7.000000e+05  2.229850e-07  9.668000e-04
  9.000000e+05  3.176930e-07  9.822000e-04
  1.100000e+06  4.074070e-07  9.987000e-04
  1.300000e+06  4.315830e-07  1.018000e-03
  1.500000e+06  4.457700e-07  1.040000e-03
  1.700000e+06  4.500660e-07  1.068000e-03
  1.900000e+06  4.444710e-07  1.104000e-03
  2.100000e+06  4.288860e-07  1.152000e-03
  2.300000e+06  4.030110e-07  1.217000e-03
  2.500000e+06  3.663460e-07  1.313000e-03
  2.700000e+06  3.183930e-07  1.462000e-03
  2.900000e+06  2.583510e-07  1.718000e-03
  3.100000e+06  1.854210e-07  2.248000e-03
  3.300000e+06  9.849490e-08  3.902000e-03
  3.500000e+06  3.464660e-10  1.000000e+00
  3.700000e+06  3.035070e-10  1.000000e+00
  3.900000e+06  2.555530e-10  1.000000e+00
  4.100000e+06  2.027040e-10  1.000000e+00
  4.300000e+06  1.451600e-10  1.000000e+00
  4.500000e+06  8.290000e-11  1.000000e+00
  4.700000e+06  1.611440e-11  1.000000e+00
  4.900000e+06  0.000000e+00  1.000000e+00
  1.250000e+07            27             0             2
  0.000000e+00  0.000000e+00  0.000000e+00
  1.000000e+05  1.645610e-08  1.020000e-03
  3.000000e+05  5.875040e-08  1.047000e-03
  5.000000e+05  1.194990e-07  1.071000e-03
  7.000000e+05  1.932370e-07  1.093000e-03
  9.000000e+05  2.758670e-07  1.113000e-03
  1.100000e+06  3.553000e-07  1.131000e-03
  1.300000e+06  3.792790e-07  1.149000e-03
  1.500000e+06  3.954660e-07  1.170000e-03
  1.700000e+06  4.040590e-07  1.194000e-03
  1.900000e+06  4.053580e-07  1.223000e-03
  2.100000e+06  3.991630e-07  1.259000e-03
  2.300000e+06  3.854740e-07  1.307000e-03
  2.500000e+06  3.640920e-07  1.370000e-03
  2.700000e+06  3.347170e-07  1.459000e-03
  2.900000e+06  2.968490e-07  1.592000e-03
  3.100000e+06  2.500890e-07  1.807000e-03
  3.300000e+06  1.936360e-07  2.200000e-03
  3.500000e+06  1.267930e-07  3.116000e-03
  3.700000e+06  4.886870e-08  7.359000e-03
  3.900000e+06  3.194300e-10  1.000000e+00
  4.100000e+06  2.748680e-10  1.000000e+00
  4.300000e+06  2.258090e-10  1.000000e+00
  4.500000e+06  1.725540e-10  1.000000e+00
  4.700000e+06  1.151030e-10  1.000000e+00
  4.900000e+06  5.360470e-11  1.000000e+00
  5.100000e+06  0.000000e+00  1.000000e+00
  1.300000e+07            29             0             2
  0.000000e+00  0.000000e+00  0.000000e+00
  1.000000e+05  1.465940e-08  1.118000e-03
  3.000000e+05  5.226220e-08  1.151000e-03
  5.000000e+05  1.061230e-07  1.183000e-03
  7.000000e+05  1.713760e-07  1.212000e-03
  9.000000e+05  2.445230e-07  1.239000e-03
  1.100000e+06  3.152720e-07  1.263000e-03
  1.300000e+06  3.375560e-07  1.284000e-03
  1.500000e+06  3.540440e-07  1.305000e-03
  1.700000e+06  3.647360e-07  1.328000e-03
  1.900000e+06  3.697320e-07  1.353000e-03
  2.100000e+06  3.690330e-07  1.383000e-03
  2.300000e+06  3.626380e-07  1.420000e-03
  2.500000e+06  3.504460e-07  1.467000e-03
  2.700000e+06  3.324590e-07  1.528000e-03
  2.900000e+06  3.082770e-07  1.613000e-03
  3.100000e+06  2.776990e-07  1.734000e-03
  3.300000e+06  2.402260e-07  1.919000e-03
  3.500000e+06  1.954590e-07  2.230000e-03
  3.700000e+06  1.428970e-07  2.846000e-03
  3.900000e+06  8.177080e-08  4.561000e-03
  4.100000e+06  1.148170e-08  2.918000e-02
  4.300000e+06  2.931880e-10  1.000000e+00
  4.500000e+06  2.474210e-10  1.000000e+00
  4.700000e+06  1.976570e-10  1.000000e+00
  4.900000e+06  1.441960e-10  1.000000e+00
  5.100000e+06  8.699700e-11  1.000000e+00
  5.300000e+06  2.619100e-11  1.000000e+00
  5.500000e+06  0.000000e+00  1.000000e+00
  1.350000e+07            31             0             2
  0.000000e+00  0.000000e+00  0.000000e+00
  1.000000e+05  1.327070e-08  1.203000e-03
  3.000000e+05  4.724690e-08  1.244000e-03
  5.000000e+05  9.578290e-08  1.283000e-03
  7.000000e+05  1.544920e-07  1.320000e-03
  9.000000e+05  2.201460e-07  1.354000e-03
  1.100000e+06  2.835010e-07  1.386000e-03
  1.300000e+06  3.035870e-07  1.414000e-03
  1.500000e+06  3.189770e-07  1.440000e-03
  1.700000e+06  3.300690e-07  1.465000e-03
  1.900000e+06  3.368640e-07  1.489000e-03
  2.100000e+06  3.393620e-07  1.516000e-03
  2.300000e+06  3.374640e-07  1.547000e-03
  2.500000e+06  3.310680e-07  1.584000e-03
  2.700000e+06  3.201760e-07  1.631000e-03
  2.900000e+06  3.047860e-07  1.691000e-03
  3.100000e+06  2.846010e-07  1.770000e-03
  3.300000e+06  2.595180e-07  1.881000e-03
  3.500000e+06  2.290400e-07  2.044000e-03
  3.700000e+06  1.929650e-07  2.302000e-03
  3.900000e+06  1.507940e-07  2.760000e-03
  4.100000e+06  1.021280e-07  3.764000e-03
  4.300000e+06  4.633750e-08  7.522000e-03
  4.500000e+06  3.091830e-10  1.000000e+00
  4.700000e+06  2.662130e-10  1.000000e+00
  4.900000e+06  2.197460e-10  1.000000e+00
  5.100000e+06  1.698810e-10  1.000000e+00
  5.300000e+06  1.166180e-10  1.000000e+00
  5.500000e+06  6.005790e-11  1.000000e+00
  5.700000e+06  2.786050e-13  1.000000e+00
  5.900000e+06  0.000000e+00  1.000000e+00
  1.400000e+07            32             0             2
  0.000000e+00  0.000000e+00  0.000000e+00
  1.000000e+05  1.217280e-08  1.280000e-03
  3.000000e+05  4.331430e-08  1.327000e-03
  5.000000e+05  8.775790e-08  1.372000e-03
  7.000000e+05  1.414160e-07  1.417000e-03
  9.000000e+05  2.011800e-07  1.459000e-03
  1.100000e+06  2.587460e-07  1.499000e-03
  1.300000e+06  2.767360e-07  1.536000e-03
  1.500000e+06  2.906270e-07  1.570000e-03
  1.700000e+06  3.010210e-07  1.601000e-03
  1.900000e+06  3.081170e-07  1.629000e-03
  2.100000e+06  3.121150e-07  1.656000e-03
  2.300000e+06  3.128140e-07  1.685000e-03
  2.500000e+06  3.101160e-07  1.717000e-03
  2.700000e+06  3.038200e-07  1.755000e-03
  2.900000e+06  2.941250e-07  1.802000e-03
  3.100000e+06  2.807330e-07  1.860000e-03
  3.300000e+06  2.636430e-07  1.936000e-03
  3.500000e+06  2.426560e-07  2.039000e-03
  3.700000e+06  2.174710e-07  2.185000e-03
  3.900000e+06  1.878880e-07  2.406000e-03
  4.100000e+06  1.536090e-07  2.768000e-03
  4.300000e+06  1.142320e-07  3.457000e-03
  4.500000e+06  6.931880e-08  5.210000e-03
  4.700000e+06  1.842910e-08  1.758000e-02
  4.900000e+06  2.835320e-10  1.000000e+00
  5.100000e+06  2.398580e-10  1.000000e+00
  5.300000e+06  1.930850e-10  1.000000e+00
  5.500000e+06  1.432150e-10  1.000000e+00
  5.700000e+06  9.040630e-11  1.000000e+00
  5.900000e+06  3.459940e-11  1.000000e+00
  6.100000e+06  0.000000e+00  1.000000e+00
  1.450000e+07            34             0             2
  0.000000e+00  0.000000e+00  0.000000e+00
  1.000000e+05  1.128320e-08  1.349000e-03
  3.000000e+05  4.017560e-08  1.400000e-03
  5.000000e+05  8.138070e-08  1.451000e-03
  7.000000e+05  1.310210e-07  1.502000e-03
  9.000000e+05  1.862870e-07  1.552000e-03
  1.100000e+06  2.393550e-07  1.600000e-03
  1.300000e+06  2.556450e-07  1.646000e-03
  1.500000e+06  2.681370e-07  1.689000e-03
  1.700000e+06  2.774320e-07  1.728000e-03
  1.900000e+06  2.841280e-07  1.764000e-03
  2.100000e+06  2.882250e-07  1.797000e-03
  2.300000e+06  2.901240e-07  1.828000e-03
  2.500000e+06  2.895250e-07  1.859000e-03
  2.700000e+06  2.862260e-07  1.893000e-03
  2.900000e+06  2.802300e-07  1.932000e-03
  3.100000e+06  2.714350e-07  1.978000e-03
  3.300000e+06  2.596430e-07  2.035000e-03
  3.500000e+06  2.450510e-07  2.109000e-03
  3.700000e+06  2.272620e-07  2.205000e-03
  3.900000e+06  2.061750e-07  2.338000e-03
  4.100000e+06  1.815900e-07  2.531000e-03
  4.300000e+06  1.533070e-07  2.830000e-03
  4.500000e+06  1.209270e-07  3.347000e-03
  4.700000e+06  8.425890e-08  4.423000e-03
  4.900000e+06  4.286400e-08  7.873000e-03
  5.100000e+06  2.993190e-10  1.000000e+00
  5.300000e+06  2.581430e-10  1.000000e+00
  5.500000e+06  2.141700e-10  1.000000e+00
  5.700000e+06  1.672990e-10  1.000000e+00
  5.900000e+06  1.177290e-10  1.000000e+00
  6.100000e+06  6.547030e-11  1.000000e+00
  6.300000e+06  1.053360e-11  1.000000e+00
  6.500000e+06  0.000000e+00  1.000000e+00
  1.500000e+07            35             0             2
  0.000000e+00  0.000000e+00  0.000000e+00
  1.000000e+05  1.053390e-08  1.412000e-03
  3.000000e+05  3.751830e-08  1.466000e-03
  5.000000e+05  7.602610e-08  1.522000e-03
  7.000000e+05  1.224290e-07  1.578000e-03
  9.000000e+05  1.739990e-07  1.634000e-03
  1.100000e+06  2.233710e-07  1.690000e-03
  1.300000e+06  2.382620e-07  1.744000e-03
  1.500000e+06  2.496560e-07  1.796000e-03
  1.700000e+06  2.580510e-07  1.845000e-03
  1.900000e+06  2.639470e-07  1.891000e-03
  2.100000e+06  2.677450e-07  1.933000e-03
  2.300000e+06  2.696440e-07  1.971000e-03
  2.500000e+06  2.698440e-07  2.007000e-03
  2.700000e+06  2.682450e-07  2.041000e-03
  2.900000e+06  2.646470e-07  2.076000e-03
  3.100000e+06  2.588500e-07  2.116000e-03
  3.300000e+06  2.507550e-07  2.163000e-03
  3.500000e+06  2.404610e-07  2.220000e-03
  3.700000e+06  2.277680e-07  2.290000e-03
  3.900000e+06  2.125770e-07  2.382000e-03
  4.100000e+06  1.946870e-07  2.504000e-03
  4.300000e+06  1.740990e-07  2.676000e-03
  4.500000e+06  1.505130e-07  2.931000e-03
  4.700000e+06  1.237290e-07  3.343000e-03
  4.900000e+06  9.344600e-08  4.098000e-03
  5.100000e+06  5.945560e-08  5.879000e-03
  5.300000e+06  2.139760e-08  1.465000e-02
  5.500000e+06  2.745410e-10  1.000000e+00
  5.700000e+06  2.330650e-10  1.000000e+00
  5.900000e+06  1.889910e-10  1.000000e+00
  6.100000e+06  1.424180e-10  1.000000e+00
  6.300000e+06  9.327610e-11  1.000000e+00
  6.500000e+06  4.172590e-11  1.000000e+00
  6.700000e+06  0.000000e+00  1.000000e+00
