             0             3
             4
             0
           157
  1.000000e-05  0.000000e+00  1.000000e+06  0.000000e+00  1.040000e+06  1.189500e-06
  1.080000e+06  1.952100e-06  1.120000e+06  3.199900e-06  1.160000e+06  5.269900e-06
  1.200000e+06  8.776500e-06  1.240000e+06  1.491400e-05  1.280000e+06  2.616700e-05
  1.320000e+06  4.825500e-05  1.360000e+06  9.622600e-05  1.400000e+06  2.182600e-04
  1.440000e+06  6.214600e-04  1.480000e+06  2.563900e-03  1.520000e+06  4.527800e-03
  1.560000e+06  1.559100e-03  1.600000e+06  7.412200e-04  1.640000e+06  4.662700e-04
  1.680000e+06  3.450900e-04  1.720000e+06  2.836900e-04  1.760000e+06  2.514400e-04
  1.800000e+06  2.363700e-04  1.828210e+06  2.341696e-04  1.840000e+06  2.333811e-04
  1.880000e+06  2.403660e-04  1.920000e+06  2.588500e-04  1.960000e+06  2.912900e-04
  2.000000e+06  3.430200e-04  2.040000e+06  4.220900e-04  2.080000e+06  5.485300e-04
  2.120000e+06  7.749500e-04  2.160000e+06  1.671000e-03  2.200000e+06  1.339600e-03
  2.240000e+06  1.373100e-03  2.280000e+06  1.356900e-03  2.320000e+06  1.162100e-03
  2.360000e+06  9.407600e-04  2.400000e+06  7.761380e-04  2.440000e+06  6.768310e-04
  2.480000e+06  6.272290e-04  2.520000e+06  5.985180e-04  2.560000e+06  6.363770e-04
  2.600000e+06  7.182280e-04  2.640000e+06  8.565820e-04  2.680000e+06  1.074727e-03
  2.720000e+06  1.408221e-03  2.760000e+06  1.893174e-03  2.800000e+06  2.514410e-03
  2.840000e+06  3.164680e-03  2.880000e+06  3.828580e-03  2.920000e+06  4.716510e-03
  2.960000e+06  5.705530e-03  3.000000e+06  1.178132e-02  3.040000e+06  1.011864e-02
  3.080000e+06  8.169520e-03  3.120000e+06  6.826880e-03  3.160000e+06  6.084120e-03
  3.200000e+06  5.774980e-03  3.240000e+06  5.775610e-03  3.280000e+06  6.012690e-03
  3.320000e+06  6.442090e-03  3.360000e+06  7.034040e-03  3.400000e+06  7.756470e-03
  3.432320e+06  8.410603e-03  3.440000e+06  8.568096e-03  3.480000e+06  9.413702e-03
  3.482710e+06  9.469223e-03  3.520000e+06  1.025158e-02  3.560000e+06  1.098705e-02
  3.600000e+06  1.152535e-02  3.640000e+06  1.170943e-02  3.680000e+06  1.180758e-02
  3.720000e+06  1.179906e-02  3.760000e+06  1.179612e-02  3.800000e+06  1.191779e-02
  3.840000e+06  1.228039e-02  3.880000e+06  1.297921e-02  3.920000e+06  1.405705e-02
  3.960000e+06  1.544020e-02  4.000000e+06  1.687700e-02  4.040000e+06  1.762470e-02
  4.080000e+06  1.788080e-02  4.120000e+06  1.788360e-02  4.160000e+06  1.801370e-02
  4.200000e+06  1.852440e-02  4.240000e+06  1.945120e-02  4.280000e+06  2.060500e-02
  4.320000e+06  2.161360e-02  4.360000e+06  2.205890e-02  4.400000e+06  2.172810e-02
  4.440000e+06  2.076620e-02  4.480000e+06  1.954360e-02  4.520000e+06  1.893740e-02
  4.560000e+06  1.910130e-02  4.600000e+06  1.946490e-02  4.640000e+06  1.984560e-02
  4.680000e+06  1.999990e-02  4.720000e+06  1.974370e-02  4.760000e+06  1.905310e-02
  4.800000e+06  1.803150e-02  4.840000e+06  1.684460e-02  4.880000e+06  1.564100e-02
  4.920000e+06  1.452170e-02  4.960000e+06  1.448970e-02  5.000000e+06  1.948320e-02
  5.200000e+06  2.468360e-02  5.400000e+06  2.524850e-02  5.600000e+06  2.545680e-02
  5.800000e+06  2.547040e-02  6.000000e+06  2.529940e-02  6.200000e+06  2.523990e-02
  6.400000e+06  2.512420e-02  6.600000e+06  2.522190e-02  6.800000e+06  2.554500e-02
  7.000000e+06  2.582000e-02  7.200000e+06  2.561820e-02  7.400000e+06  2.534140e-02
  7.425790e+06  2.529896e-02  7.600000e+06  2.501230e-02  7.800000e+06  2.460513e-02
  8.000000e+06  2.406062e-02  8.155050e+06  2.357346e-02  8.200000e+06  2.343225e-02
  8.400000e+06  2.272190e-02  8.600000e+06  2.214421e-02  8.800000e+06  2.176659e-02
  9.000000e+06  2.152941e-02  9.200000e+06  2.128314e-02  9.400000e+06  2.119547e-02
  9.600000e+06  2.121465e-02  9.800000e+06  2.127621e-02  1.000000e+07  2.130064e-02
  1.020000e+07  2.125460e-02  1.040000e+07  2.107987e-02  1.060000e+07  2.076493e-02
  1.080000e+07  2.027988e-02  1.100000e+07  1.958934e-02  1.120000e+07  1.880127e-02
  1.140000e+07  1.785962e-02  1.160000e+07  1.680680e-02  1.180000e+07  1.574180e-02
  1.200000e+07  1.480009e-02  1.220000e+07  1.406089e-02  1.240000e+07  1.350414e-02
  1.260000e+07  1.310236e-02  1.280000e+07  1.282667e-02  1.300000e+07  1.265016e-02
  1.320000e+07  1.255264e-02  1.340000e+07  1.252137e-02  1.360000e+07  1.257183e-02
  1.380000e+07  1.269884e-02  1.400000e+07  1.288007e-02  1.420000e+07  1.306700e-02
  1.440000e+07  1.328230e-02  1.460000e+07  1.350659e-02  1.480000e+07  1.371888e-02
  1.500000e+07  1.390014e-02
             4
             6
  9.926920e+00             3             1
  1.000000e+00  1.000000e+00             0             1
  1.058890e+06  1.058890e+06             2
             1
             2             2
  1.000000e-05  1.000000e+00  1.500000e+07  1.000000e+00
          5010             2             2            31
             1
            31            22
  1.000000e-05            12             0             2
  0.000000e+00  0.000000e+00  0.000000e+00
  6.650000e+04  6.234600e-07  0.000000e+00
  1.994000e+05  1.839930e-06  0.000000e+00
  3.324000e+05  2.746670e-06  0.000000e+00
  4.654000e+05  2.436260e-06  0.000000e+00
  5.983000e+05  7.131550e-09  0.000000e+00
  7.313000e+05  6.883810e-09  0.000000e+00
  8.643000e+05  6.173880e-09  0.000000e+00
  9.975000e+05  5.028220e-09  0.000000e+00
  1.130500e+06  3.464430e-09  0.000000e+00
  1.263500e+06  1.501120e-09  0.000000e+00
  1.396500e+06  0.000000e+00  0.000000e+00
  5.000000e+05            12             0             2
  0.000000e+00  0.000000e+00  0.000000e+00
  6.650000e+04  6.234600e-07  0.000000e+00
  1.994000e+05  1.839930e-06  0.000000e+00
  3.324000e+05  2.746670e-06  0.000000e+00
  4.654000e+05  2.436260e-06  0.000000e+00
  5.983000e+05  7.131550e-09  0.000000e+00
  7.313000e+05  6.883810e-09  0.000000e+00
  8.643000e+05  6.173880e-09  0.000000e+00
  9.975000e+05  5.028220e-09  0.000000e+00
  1.130500e+06  3.464430e-09  0.000000e+00
  1.263500e+06  1.501120e-09  0.000000e+00
  1.396500e+06  0.000000e+00  0.000000e+00
  1.000000e+06            12             0             2
  0.000000e+00  0.000000e+00  0.000000e+00
  8.325000e+04  4.980740e-07  0.000000e+00
  2.497500e+05  1.469250e-06  0.000000e+00
  4.162500e+05  2.194070e-06  0.000000e+00
  5.826500e+05  1.946260e-06  0.000000e+00
  7.491500e+05  5.697740e-09  0.000000e+00
  9.156500e+05  5.499880e-09  0.000000e+00
  1.081750e+06  4.932750e-09  0.000000e+00
  1.248750e+06  4.016920e-09  0.000000e+00
  1.414750e+06  2.767080e-09  0.000000e+00
  1.581750e+06  1.198900e-09  0.000000e+00
  1.748750e+06  0.000000e+00  0.000000e+00
  1.500000e+06            12             0             2
  0.000000e+00  0.000000e+00  0.000000e+00
  1.000000e+05  4.145150e-07  0.000000e+00
  3.000000e+05  1.223080e-06  0.000000e+00
  5.000000e+05  1.826290e-06  0.000000e+00
  7.000000e+05  1.619670e-06  0.000000e+00
  9.000000e+05  4.741510e-09  0.000000e+00
  1.100000e+06  4.577000e-09  0.000000e+00
  1.300000e+06  4.105000e-09  0.000000e+00
  1.500000e+06  3.343150e-09  0.000000e+00
  1.700000e+06  2.303190e-09  0.000000e+00
  1.900000e+06  9.978520e-10  0.000000e+00
  2.100000e+06  0.000000e+00  0.000000e+00
  2.000000e+06            14             0             2
  0.000000e+00  0.000000e+00  0.000000e+00
  1.000000e+05  1.785830e-07  0.000000e+00
  3.000000e+05  5.787580e-07  0.000000e+00
  5.000000e+05  1.022740e-06  0.000000e+00
  7.000000e+05  1.338870e-06  0.000000e+00
  9.000000e+05  1.232830e-06  0.000000e+00
  1.100000e+06  6.547700e-07  0.000000e+00
  1.300000e+06  9.969700e-09  0.000000e+00
  1.500000e+06  9.120390e-09  0.000000e+00
  1.700000e+06  7.807290e-09  0.000000e+00
  1.900000e+06  6.050200e-09  0.000000e+00
  2.100000e+06  3.867970e-09  0.000000e+00
  2.300000e+06  1.275450e-09  0.000000e+00
  2.500000e+06  0.000000e+00  0.000000e+00
  2.500000e+06            16             0             2
  0.000000e+00  0.000000e+00  0.000000e+00
  1.000000e+05  1.022820e-07  0.000000e+00
  3.000000e+05  3.460460e-07  0.000000e+00
  5.000000e+05  6.524930e-07  0.000000e+00
  7.000000e+05  9.486920e-07  0.000000e+00
  9.000000e+05  1.060620e-06  0.000000e+00
  1.100000e+06  9.239170e-07  0.000000e+00
  1.300000e+06  6.670190e-07  0.000000e+00
  1.500000e+06  2.827670e-07  0.000000e+00
  1.700000e+06  1.180020e-08  0.000000e+00
  1.900000e+06  1.042720e-08  0.000000e+00
  2.100000e+06  8.613350e-09  0.000000e+00
  2.300000e+06  6.387630e-09  0.000000e+00
  2.500000e+06  3.758950e-09  0.000000e+00
  2.700000e+06  7.427360e-10  0.000000e+00
  2.900000e+06  0.000000e+00  0.000000e+00
  3.000000e+06            18             0             2
  0.000000e+00  0.000000e+00  0.000000e+00
  1.000000e+05  6.802670e-08  0.000000e+00
  3.000000e+05  2.357910e-07  0.000000e+00
  5.000000e+05  4.593250e-07  0.000000e+00
  7.000000e+05  6.998000e-07  0.000000e+00
  9.000000e+05  8.401190e-07  0.000000e+00
  1.100000e+06  8.222810e-07  0.000000e+00
  1.300000e+06  7.445470e-07  0.000000e+00
  1.500000e+06  6.041290e-07  0.000000e+00
  1.700000e+06  3.974370e-07  0.000000e+00
  1.900000e+06  1.195900e-07  0.000000e+00
  2.100000e+06  7.859050e-09  0.000000e+00
  2.300000e+06  6.759820e-09  0.000000e+00
  2.500000e+06  5.418420e-09  0.000000e+00
  2.700000e+06  3.845810e-09  0.000000e+00
  2.900000e+06  2.046980e-09  0.000000e+00
  3.100000e+06  3.035590e-11  0.000000e+00
  3.300000e+06  0.000000e+00  0.000000e+00
  3.500000e+06            19             0             2
  0.000000e+00  0.000000e+00  0.000000e+00
  1.000000e+05  4.933720e-08  0.000000e+00
  3.000000e+05  1.734680e-07  0.000000e+00
  5.000000e+05  3.443430e-07  0.000000e+00
  7.000000e+05  5.380610e-07  0.000000e+00
  9.000000e+05  6.692350e-07  0.000000e+00
  1.100000e+06  6.892850e-07  0.000000e+00
  1.300000e+06  6.748210e-07  0.000000e+00
  1.500000e+06  6.250450e-07  0.000000e+00
  1.700000e+06  5.385600e-07  0.000000e+00
  1.900000e+06  4.132720e-07  0.000000e+00
  2.100000e+06  2.465860e-07  0.000000e+00
  2.300000e+06  3.503280e-08  0.000000e+00
  2.500000e+06  4.860900e-09  0.000000e+00
  2.700000e+06  4.085830e-09  0.000000e+00
  2.900000e+06  3.183080e-09  0.000000e+00
  3.100000e+06  2.154640e-09  0.000000e+00
  3.300000e+06  1.004500e-09  0.000000e+00
  3.500000e+06  0.000000e+00  0.000000e+00
  4.000000e+06            21             0             2
  0.000000e+00  0.000000e+00  0.000000e+00
  1.000000e+05  3.781860e-08  0.000000e+00
  3.000000e+05  1.338470e-07  0.000000e+00
  5.000000e+05  2.688920e-07  0.000000e+00
  7.000000e+05  4.266940e-07  0.000000e+00
  9.000000e+05  5.415770e-07  0.000000e+00
  1.100000e+06  5.733170e-07  0.000000e+00
  1.300000e+06  5.831990e-07  0.000000e+00
  1.500000e+06  5.711220e-07  0.000000e+00
  1.700000e+06  5.368860e-07  0.000000e+00
  1.900000e+06  4.793950e-07  0.000000e+00
  2.100000e+06  3.976490e-07  0.000000e+00
  2.300000e+06  2.898530e-07  0.000000e+00
  2.500000e+06  1.540090e-07  0.000000e+00
  2.700000e+06  4.216040e-09  0.000000e+00
  2.900000e+06  3.659090e-09  0.000000e+00
  3.100000e+06  3.013310e-09  0.000000e+00
  3.300000e+06  2.279700e-09  0.000000e+00
  3.500000e+06  1.463240e-09  1.000000e+00
  3.700000e+06  5.637350e-10  0.000000e+00
  3.900000e+06  0.000000e+00  0.000000e+00
  4.500000e+06            23             0             2
  0.000000e+00  0.000000e+00  0.000000e+00
  1.000000e+05  3.047320e-08  0.000000e+00
  3.000000e+05  1.078340e-07  0.000000e+00
  5.000000e+05  2.172660e-07  0.000000e+00
  7.000000e+05  3.475660e-07  0.000000e+00
  9.000000e+05  4.467130e-07  0.000000e+00
  1.100000e+06  4.807610e-07  0.000000e+00
  1.300000e+06  4.997320e-07  0.000000e+00
  1.500000e+06  5.041250e-07  0.000000e+00
  1.700000e+06  4.939410e-07  0.000000e+00
  1.900000e+06  4.688790e-07  0.000000e+00
  2.100000e+06  4.284410e-07  0.000000e+00
  2.300000e+06  3.718280e-07  0.000000e+00
  2.500000e+06  2.981420e-07  0.000000e+00
  2.700000e+06  2.060830e-07  0.000000e+00
  2.900000e+06  9.408540e-08  0.000000e+00
  3.100000e+06  3.415750e-09  0.000000e+00
  3.300000e+06  2.917520e-09  0.000000e+00
  3.500000e+06  2.354380e-09  0.000000e+00
  3.700000e+06  1.727340e-09  0.000000e+00
  3.900000e+06  1.040400e-09  0.000000e+00
  4.100000e+06  2.925500e-10  0.000000e+00
  4.300000e+06  0.000000e+00  0.000000e+00
  5.000000e+06            25             0             2
  0.000000e+00  0.000000e+00  0.000000e+00
  1.000000e+05  2.573690e-08  0.000000e+00
  3.000000e+05  9.071320e-08  0.000000e+00
  5.000000e+05  1.823650e-07  0.000000e+00
  7.000000e+05  2.918240e-07  0.000000e+00
  9.000000e+05  3.767150e-07  0.000000e+00
  1.100000e+06  4.093730e-07  0.000000e+00
  1.300000e+06  4.312450e-07  0.000000e+00
  1.500000e+06  4.427300e-07  0.000000e+00
  1.700000e+06  4.440280e-07  0.000000e+00
  1.900000e+06  4.351400e-07  0.000000e+00
  2.100000e+06  4.158650e-07  0.000000e+00
  2.300000e+06  3.860030e-07  0.000000e+00
  2.500000e+06  3.449560e-07  0.000000e+00
  2.700000e+06  2.921240e-07  0.000000e+00
  2.900000e+06  2.267080e-07  0.000000e+00
  3.100000e+06  1.477100e-07  0.000000e+00
  3.300000e+06  5.386070e-08  0.000000e+00
  3.500000e+06  2.849330e-09  0.000000e+00
  3.700000e+06  2.396910e-09  0.000000e+00
  3.900000e+06  1.894560e-09  0.000000e+00
  4.100000e+06  1.344270e-09  0.000000e+00
  4.300000e+06  7.475380e-10  0.000000e+00
  4.500000e+06  1.050650e-10  0.000000e+00
  4.700000e+06  0.000000e+00  0.000000e+00
  5.500000e+06            26             0             2
  0.000000e+00  0.000000e+00  0.000000e+00
  1.000000e+05  2.252410e-08  9.154000e-03
  3.000000e+05  7.912900e-08  9.422000e-03
  5.000000e+05  1.585180e-07  9.649000e-03
  7.000000e+05  2.529090e-07  9.826000e-03
  9.000000e+05  3.260250e-07  9.948000e-03
  1.100000e+06  3.545920e-07  1.001000e-02
  1.300000e+06  3.757680e-07  1.003000e-02
  1.500000e+06  3.898520e-07  1.023000e-02
  1.700000e+06  3.966440e-07  1.045000e-02
  1.900000e+06  3.960440e-07  1.071000e-02
  2.100000e+06  3.880540e-07  1.104000e-02
  2.300000e+06  3.727710e-07  1.146000e-02
  2.500000e+06  3.497980e-07  1.203000e-02
  2.700000e+06  3.189330e-07  1.284000e-02
  2.900000e+06  2.796780e-07  1.406000e-02
  3.100000e+06  2.315340e-07  1.609000e-02
  3.300000e+06  1.737000e-07  1.998000e-02
  3.500000e+06  1.054790e-07  3.008000e-02
  3.700000e+06  2.601010e-08  1.090000e-01
  3.900000e+06  2.453180e-09  1.000000e+00
  4.100000e+06  2.032660e-09  1.000000e+00
  4.300000e+06  1.572190e-09  1.000000e+00
  4.500000e+06  1.073760e-09  1.000000e+00
  4.700000e+06  5.385800e-10  1.000000e+00
  4.900000e+06  0.000000e+00  1.000000e+00
  6.000000e+06            28             0             2
  0.000000e+00  0.000000e+00  0.000000e+00
  1.000000e+05  2.026940e-08  9.481000e-03
  3.000000e+05  7.104760e-08  9.826000e-03
  5.000000e+05  1.418560e-07  1.015000e-02
  7.000000e+05  2.256700e-07  1.043000e-02
  9.000000e+05  2.898050e-07  1.066000e-02
  1.100000e+06  3.144800e-07  1.084000e-02
  1.300000e+06  3.329610e-07  1.096000e-02
  1.500000e+06  3.462470e-07  1.103000e-02
  1.700000e+06  3.547390e-07  1.108000e-02
  1.900000e+06  3.583350e-07  1.131000e-02
  2.100000e+06  3.565370e-07  1.156000e-02
  2.300000e+06  3.493440e-07  1.187000e-02
  2.500000e+06  3.367570e-07  1.225000e-02
  2.700000e+06  3.185760e-07  1.275000e-02
  2.900000e+06  2.946000e-07  1.343000e-02
  3.100000e+06  2.645310e-07  1.440000e-02
  3.300000e+06  2.279680e-07  1.590000e-02
  3.500000e+06  1.845120e-07  1.844000e-02
  3.700000e+06  1.334640e-07  2.354000e-02
  3.900000e+06  7.436430e-08  3.830000e-02
  4.100000e+06  2.518440e-09  1.000000e+00
  4.300000e+06  2.154810e-09  1.000000e+00
  4.500000e+06  1.758210e-09  1.000000e+00
  4.700000e+06  1.328650e-09  1.000000e+00
  4.900000e+06  8.685150e-10  1.000000e+00
  5.100000e+06  3.771160e-10  1.000000e+00
  5.300000e+06  0.000000e+00  1.000000e+00
  6.500000e+06            30             0             2
  0.000000e+00  0.000000e+00  0.000000e+00
  1.000000e+05  1.852350e-08  9.799000e-03
  3.000000e+05  6.488230e-08  1.020000e-02
  5.000000e+05  1.293850e-07  1.060000e-02
  7.000000e+05  2.052170e-07  1.097000e-02
  9.000000e+05  2.627660e-07  1.132000e-02
  1.100000e+06  2.841470e-07  1.161000e-02
  1.300000e+06  2.999330e-07  1.186000e-02
  1.500000e+06  3.112230e-07  1.204000e-02
  1.700000e+06  3.189160e-07  1.216000e-02
  1.900000e+06  3.232120e-07  1.222000e-02
  2.100000e+06  3.242120e-07  1.233000e-02
  2.300000e+06  3.217140e-07  1.259000e-02
  2.500000e+06  3.152200e-07  1.288000e-02
  2.700000e+06  3.046290e-07  1.324000e-02
  2.900000e+06  2.899420e-07  1.369000e-02
  3.100000e+06  2.709590e-07  1.429000e-02
  3.300000e+06  2.473800e-07  1.510000e-02
  3.500000e+06  2.191050e-07  1.629000e-02
  3.700000e+06  1.857350e-07  1.814000e-02
  3.900000e+06  1.468690e-07  2.137000e-02
  4.100000e+06  1.021090e-07  2.819000e-02
  4.300000e+06  5.075480e-08  5.093000e-02
  4.500000e+06  2.263990e-09  1.000000e+00
  4.700000e+06  1.914300e-09  1.000000e+00
  4.900000e+06  1.537630e-09  1.000000e+00
  5.100000e+06  1.132990e-09  1.000000e+00
  5.300000e+06  7.020750e-10  1.000000e+00
  5.500000e+06  2.450820e-10  1.000000e+00
  5.700000e+06  0.000000e+00  1.000000e+00
  7.000000e+06            32             0             2
  0.000000e+00  0.000000e+00  0.000000e+00
  1.000000e+05  1.716500e-08  1.018000e-02
  3.000000e+05  6.014740e-08  1.063000e-02
  5.000000e+05  1.198950e-07  1.109000e-02
  7.000000e+05  1.900340e-07  1.154000e-02
  9.000000e+05  2.428880e-07  1.197000e-02
  1.100000e+06  2.619710e-07  1.238000e-02
  1.300000e+06  2.756590e-07  1.275000e-02
  1.500000e+06  2.851510e-07  1.307000e-02
  1.700000e+06  2.912450e-07  1.333000e-02
  1.900000e+06  2.947420e-07  1.352000e-02
  2.100000e+06  2.959410e-07  1.363000e-02
  2.300000e+06  2.950420e-07  1.369000e-02
  2.500000e+06  2.917450e-07  1.387000e-02
  2.700000e+06  2.857500e-07  1.416000e-02
  2.900000e+06  2.767580e-07  1.451000e-02
  3.100000e+06  2.645690e-07  1.494000e-02
  3.300000e+06  2.491820e-07  1.548000e-02
  3.500000e+06  2.303990e-07  1.619000e-02
  3.700000e+06  2.080180e-07  1.718000e-02
  3.900000e+06  1.819410e-07  1.864000e-02
  4.100000e+06  1.516670e-07  2.097000e-02
  4.300000e+06  1.169980e-07  2.513000e-02
  4.500000e+06  7.760220e-08  3.450000e-02
  4.700000e+06  3.293120e-08  7.246000e-02
  4.900000e+06  2.071190e-09  1.000000e+00
  5.100000e+06  1.730490e-09  1.000000e+00
  5.300000e+06  1.366810e-09  1.000000e+00
  5.500000e+06  9.787450e-10  1.000000e+00
  5.700000e+06  5.679040e-10  1.000000e+00
  5.900000e+06  1.343830e-10  1.000000e+00
  6.100000e+06  0.000000e+00  1.000000e+00
  7.500000e+06            34             0             2
  0.000000e+00  0.000000e+00  0.000000e+00
  1.000000e+05  1.604680e-08  1.097000e-02
  3.000000e+05  5.631350e-08  1.123000e-02
  5.000000e+05  1.124070e-07  1.173000e-02
  7.000000e+05  1.781530e-07  1.224000e-02
  9.000000e+05  2.276120e-07  1.276000e-02
  1.100000e+06  2.451980e-07  1.326000e-02
  1.300000e+06  2.574880e-07  1.375000e-02
  1.500000e+06  2.656810e-07  1.420000e-02
  1.700000e+06  2.705770e-07  1.460000e-02
  1.900000e+06  2.729750e-07  1.495000e-02
  2.100000e+06  2.734740e-07  1.522000e-02
  2.300000e+06  2.722750e-07  1.542000e-02
  2.500000e+06  2.696770e-07  1.554000e-02
  2.700000e+06  2.656810e-07  1.558000e-02
  2.900000e+06  2.599850e-07  1.586000e-02
  3.100000e+06  2.520920e-07  1.621000e-02
  3.300000e+06  2.419000e-07  1.662000e-02
  3.500000e+06  2.291110e-07  1.714000e-02
  3.700000e+06  2.139230e-07  1.779000e-02
  3.900000e+06  1.959380e-07  1.867000e-02
  4.100000e+06  1.751550e-07  1.990000e-02
  4.300000e+06  1.511750e-07  2.173000e-02
  4.500000e+06  1.239980e-07  2.470000e-02
  4.700000e+06  9.317310e-08  3.022000e-02
  4.900000e+06  5.844180e-08  4.355000e-02
  5.100000e+06  1.943400e-08  1.158000e-01
  5.300000e+06  1.935400e-09  1.000000e+00
  5.500000e+06  1.597680e-09  1.000000e+00
  5.700000e+06  1.238980e-09  1.000000e+00
  5.900000e+06  8.586910e-10  1.000000e+00
  6.100000e+06  4.580220e-10  1.000000e+00
  6.300000e+06  3.700950e-11  1.000000e+00
  6.500000e+06  0.000000e+00  1.000000e+00
  8.000000e+06            35             0             2
  0.000000e+00  0.000000e+00  0.000000e+00
  1.000000e+05  1.508860e-08  1.233000e-02
  3.000000e+05  5.307990e-08  1.265000e-02
  5.000000e+05  1.061200e-07  1.295000e-02
  7.000000e+05  1.683730e-07  1.332000e-02
  9.000000e+05  2.153370e-07  1.391000e-02
  1.100000e+06  2.320250e-07  1.451000e-02
  1.300000e+06  2.435160e-07  1.511000e-02
  1.500000e+06  2.508110e-07  1.569000e-02
  1.700000e+06  2.549070e-07  1.625000e-02
  1.900000e+06  2.565060e-07  1.676000e-02
  2.100000e+06  2.562060e-07  1.721000e-02
  2.300000e+06  2.544080e-07  1.760000e-02
  2.500000e+06  2.515100e-07  1.790000e-02
  2.700000e+06  2.477130e-07  1.810000e-02
  2.900000e+06  2.430160e-07  1.822000e-02
  3.100000e+06  2.372210e-07  1.829000e-02
  3.300000e+06  2.302260e-07  1.867000e-02
  3.500000e+06  2.214330e-07  1.910000e-02
  3.700000e+06  2.108410e-07  1.961000e-02
  3.900000e+06  1.981500e-07  2.025000e-02
  4.100000e+06  1.835610e-07  2.107000e-02
  4.300000e+06  1.666740e-07  2.218000e-02
  4.500000e+06  1.474890e-07  2.375000e-02
  4.700000e+06  1.258050e-07  2.611000e-02
  4.900000e+06  1.014230e-07  3.004000e-02
  5.100000e+06  7.400410e-08  3.761000e-02
  5.300000e+06  4.338720e-08  5.761000e-02
  5.500000e+06  9.252010e-09  2.372000e-01
  5.700000e+06  1.868590e-09  1.000000e+00
  5.900000e+06  1.522850e-09  1.000000e+00
  6.100000e+06  1.157130e-09  1.000000e+00
  6.300000e+06  7.722170e-10  1.000000e+00
  6.500000e+06  3.678220e-10  1.000000e+00
  6.700000e+06  0.000000e+00  1.000000e+00
  8.500000e+06            37             0             2
  0.000000e+00  0.000000e+00  0.000000e+00
  1.000000e+05  1.423990e-08  1.398000e-02
  3.000000e+05  5.023440e-08  1.437000e-02
  5.000000e+05  1.006290e-07  1.476000e-02
  7.000000e+05  1.600860e-07  1.514000e-02
  9.000000e+05  2.049550e-07  1.549000e-02
  1.100000e+06  2.210430e-07  1.600000e-02
  1.300000e+06  2.321350e-07  1.670000e-02
  1.500000e+06  2.391300e-07  1.741000e-02
  1.700000e+06  2.428280e-07  1.811000e-02
  1.900000e+06  2.439270e-07  1.880000e-02
  2.100000e+06  2.431280e-07  1.944000e-02
  2.300000e+06  2.407290e-07  2.003000e-02
  2.500000e+06  2.373320e-07  2.055000e-02
  2.700000e+06  2.331350e-07  2.097000e-02
  2.900000e+06  2.284380e-07  2.130000e-02
  3.100000e+06  2.231420e-07  2.153000e-02
  3.300000e+06  2.172460e-07  2.165000e-02
  3.500000e+06  2.106510e-07  2.181000e-02
  3.700000e+06  2.030560e-07  2.227000e-02
  3.900000e+06  1.939620e-07  2.280000e-02
  4.100000e+06  1.833700e-07  2.344000e-02
  4.300000e+06  1.712790e-07  2.424000e-02
  4.500000e+06  1.574880e-07  2.528000e-02
  4.700000e+06  1.418990e-07  2.670000e-02
  4.900000e+06  1.243120e-07  2.872000e-02
  5.100000e+06  1.047260e-07  3.183000e-02
  5.300000e+06  8.285120e-08  3.710000e-02
  5.500000e+06  5.852850e-08  4.773000e-02
  5.700000e+06  3.152760e-08  7.908000e-02
  5.900000e+06  2.172460e-09  1.000000e+00
  6.100000e+06  1.832700e-09  1.000000e+00
  6.300000e+06  1.472960e-09  1.000000e+00
  6.500000e+06  1.094220e-09  1.000000e+00
  6.700000e+06  6.977050e-10  1.000000e+00
  6.900000e+06  2.826000e-10  1.000000e+00
  7.100000e+06  0.000000e+00  1.000000e+00
  9.000000e+06            39             0             2
  0.000000e+00  0.000000e+00  0.000000e+00
  1.000000e+05  1.346070e-08  1.543000e-02
  3.000000e+05  4.760710e-08  1.588000e-02
  5.000000e+05  9.566390e-08  1.635000e-02
  7.000000e+05  1.524950e-07  1.681000e-02
  9.000000e+05  1.957650e-07  1.726000e-02
  1.100000e+06  2.115540e-07  1.769000e-02
  1.300000e+06  2.223460e-07  1.809000e-02
  1.500000e+06  2.292420e-07  1.877000e-02
  1.700000e+06  2.328390e-07  1.959000e-02
  1.900000e+06  2.338380e-07  2.040000e-02
  2.100000e+06  2.328390e-07  2.121000e-02
  2.300000e+06  2.302410e-07  2.198000e-02
  2.500000e+06  2.264440e-07  2.271000e-02
  2.700000e+06  2.218470e-07  2.337000e-02
  2.900000e+06  2.167500e-07  2.394000e-02
  3.100000e+06  2.112540e-07  2.441000e-02
  3.300000e+06  2.054580e-07  2.476000e-02
  3.500000e+06  1.994620e-07  2.500000e-02
  3.700000e+06  1.930670e-07  2.512000e-02
  3.900000e+06  1.861710e-07  2.540000e-02
  4.100000e+06  1.783770e-07  2.595000e-02
  4.300000e+06  1.694830e-07  2.659000e-02
  4.500000e+06  1.592900e-07  2.737000e-02
  4.700000e+06  1.477980e-07  2.836000e-02
  4.900000e+06  1.350070e-07  2.965000e-02
  5.100000e+06  1.206170e-07  3.142000e-02
  5.300000e+06  1.047280e-07  3.398000e-02
  5.500000e+06  8.706990e-08  3.797000e-02
  5.700000e+06  6.753330e-08  4.493000e-02
  5.900000e+06  4.594830e-08  5.970000e-02
  6.100000e+06  2.211470e-08  1.100000e-01
  6.300000e+06  2.103550e-09  1.000000e+00
  6.500000e+06  1.755790e-09  1.000000e+00
  6.700000e+06  1.391040e-09  1.000000e+00
  6.900000e+06  1.008300e-09  1.000000e+00
  7.100000e+06  6.075800e-10  1.000000e+00
  7.300000e+06  1.901690e-10  1.000000e+00
  7.500000e+06  0.000000e+00  1.000000e+00
  9.500000e+06            41             0             2
  0.000000e+00  0.000000e+00  0.000000e+00
  1.000000e+05  1.275160e-08  1.634000e-02
  3.000000e+05  4.522030e-08  1.684000e-02
  5.000000e+05  9.112010e-08  1.735000e-02
  7.000000e+05  1.457040e-07  1.786000e-02
  9.000000e+05  1.874770e-07  1.838000e-02
  1.100000e+06  2.030670e-07  1.890000e-02
  1.300000e+06  2.139590e-07  1.940000e-02
  1.500000e+06  2.209550e-07  1.988000e-02
  1.700000e+06  2.246520e-07  2.032000e-02
  1.900000e+06  2.257520e-07  2.118000e-02
  2.100000e+06  2.247520e-07  2.209000e-02
  2.300000e+06  2.220540e-07  2.299000e-02
  2.500000e+06  2.181570e-07  2.388000e-02
  2.700000e+06  2.133600e-07  2.472000e-02
  2.900000e+06  2.079630e-07  2.551000e-02
  3.100000e+06  2.021670e-07  2.622000e-02
  3.300000e+06  1.961710e-07  2.683000e-02
  3.500000e+06  1.900750e-07  2.732000e-02
  3.700000e+06  1.838790e-07  2.768000e-02
  3.900000e+06  1.776830e-07  2.791000e-02
  4.100000e+06  1.711880e-07  2.803000e-02
  4.300000e+06  1.641920e-07  2.846000e-02
  4.500000e+06  1.564970e-07  2.909000e-02
  4.700000e+06  1.479030e-07  2.984000e-02
  4.900000e+06  1.383090e-07  3.076000e-02
  5.100000e+06  1.276160e-07  3.192000e-02
  5.300000e+06  1.157240e-07  3.346000e-02
  5.500000e+06  1.026330e-07  3.560000e-02
  5.700000e+06  8.824200e-08  3.872000e-02
  5.900000e+06  7.237250e-08  4.368000e-02
  6.100000e+06  5.490390e-08  5.259000e-02
  6.300000e+06  3.571650e-08  7.269000e-02
  6.500000e+06  1.464040e-08  1.563000e-01
  6.700000e+06  1.962710e-09  1.000000e+00
  6.900000e+06  1.620940e-09  1.000000e+00
  7.100000e+06  1.263170e-09  1.000000e+00
  7.300000e+06  8.895160e-10  1.000000e+00
  7.500000e+06  4.998720e-10  1.000000e+00
  7.700000e+06  9.474770e-11  1.000000e+00
  7.900000e+06  0.000000e+00  1.000000e+00
  1.000000e+07            43             0             2
  0.000000e+00  0.000000e+00  0.000000e+00
  1.000000e+05  1.209230e-08  1.716000e-02
  3.000000e+05  4.301270e-08  1.770000e-02
  5.000000e+05  8.691470e-08  1.824000e-02
  7.000000e+05  1.394110e-07  1.880000e-02
  9.000000e+05  1.798860e-07  1.937000e-02
  1.100000e+06  1.952760e-07  1.995000e-02
  1.300000e+06  2.062690e-07  2.053000e-02
  1.500000e+06  2.134640e-07  2.110000e-02
  1.700000e+06  2.175620e-07  2.166000e-02
  1.900000e+06  2.188610e-07  2.218000e-02
  2.100000e+06  2.180610e-07  2.273000e-02
  2.300000e+06  2.155630e-07  2.372000e-02
  2.500000e+06  2.117650e-07  2.472000e-02
  2.700000e+06  2.069680e-07  2.571000e-02
  2.900000e+06  2.013720e-07  2.668000e-02
  3.100000e+06  1.953760e-07  2.760000e-02
  3.300000e+06  1.891800e-07  2.845000e-02
  3.500000e+06  1.828840e-07  2.920000e-02
  3.700000e+06  1.764880e-07  2.984000e-02
  3.900000e+06  1.702920e-07  3.035000e-02
  4.100000e+06  1.640960e-07  3.071000e-02
  4.300000e+06  1.578000e-07  3.094000e-02
  4.500000e+06  1.514040e-07  3.106000e-02
  4.700000e+06  1.447080e-07  3.166000e-02
  4.900000e+06  1.373130e-07  3.239000e-02
  5.100000e+06  1.291180e-07  3.326000e-02
  5.300000e+06  1.201240e-07  3.433000e-02
  5.500000e+06  1.102300e-07  3.570000e-02
  5.700000e+06  9.932680e-08  3.753000e-02
  5.900000e+06  8.741440e-08  4.008000e-02
  6.100000e+06  7.438270e-08  4.388000e-02
  6.300000e+06  6.011180e-08  5.002000e-02
  6.500000e+06  4.450170e-08  6.144000e-02
  6.700000e+06  2.742260e-08  8.917000e-02
  6.900000e+06  8.747440e-09  2.448000e-01
  7.100000e+06  1.821840e-09  1.000000e+00
  7.300000e+06  1.488050e-09  1.000000e+00
  7.500000e+06  1.139280e-09  1.000000e+00
  7.700000e+06  7.753070e-10  1.000000e+00
  7.900000e+06  3.975470e-10  1.000000e+00
  8.100000e+06  5.698380e-12  1.000000e+00
  8.300000e+06  0.000000e+00  1.000000e+00
  1.050000e+07            44             0             2
  0.000000e+00  0.000000e+00  0.000000e+00
  1.000000e+05  1.149330e-08  1.831000e-02
  3.000000e+05  4.095620e-08  1.888000e-02
  5.000000e+05  8.297180e-08  1.947000e-02
  7.000000e+05  1.334230e-07  2.008000e-02
  9.000000e+05  1.726000e-07  2.070000e-02
  1.100000e+06  1.879910e-07  2.134000e-02
  1.300000e+06  1.990840e-07  2.199000e-02
  1.500000e+06  2.065800e-07  2.264000e-02
  1.700000e+06  2.109780e-07  2.330000e-02
  1.900000e+06  2.127760e-07  2.394000e-02
  2.100000e+06  2.123770e-07  2.456000e-02
  2.300000e+06  2.100780e-07  2.514000e-02
  2.500000e+06  2.064800e-07  2.588000e-02
  2.700000e+06  2.018830e-07  2.699000e-02
  2.900000e+06  1.963860e-07  2.811000e-02
  3.100000e+06  1.903890e-07  2.921000e-02
  3.300000e+06  1.840930e-07  3.028000e-02
  3.500000e+06  1.775970e-07  3.129000e-02
  3.700000e+06  1.710010e-07  3.221000e-02
  3.900000e+06  1.646040e-07  3.302000e-02
  4.100000e+06  1.583080e-07  3.370000e-02
  4.300000e+06  1.521120e-07  3.423000e-02
  4.500000e+06  1.461150e-07  3.461000e-02
  4.700000e+06  1.400190e-07  3.484000e-02
  4.900000e+06  1.339220e-07  3.504000e-02
  5.100000e+06  1.274260e-07  3.578000e-02
  5.300000e+06  1.204300e-07  3.664000e-02
  5.500000e+06  1.127350e-07  3.766000e-02
  5.700000e+06  1.043390e-07  3.893000e-02
  5.900000e+06  9.525470e-08  4.057000e-02
  6.100000e+06  8.532050e-08  4.277000e-02
  6.300000e+06  7.450670e-08  4.589000e-02
  6.500000e+06  6.273360e-08  5.057000e-02
  6.700000e+06  4.992100e-08  5.833000e-02
  6.900000e+06  3.594910e-08  7.330000e-02
  7.100000e+06  2.073800e-08  1.131000e-01
  7.300000e+06  4.162580e-09  4.900000e-01
  7.500000e+06  1.721000e-09  1.000000e+00
  7.700000e+06  1.388190e-09  1.000000e+00
  7.900000e+06  1.041400e-09  1.000000e+00
  8.100000e+06  6.812050e-10  1.000000e+00
  8.300000e+06  3.080210e-10  1.000000e+00
  8.500000e+06  0.000000e+00  1.000000e+00
  1.100000e+07            46             0             2
  0.000000e+00  0.000000e+00  0.000000e+00
  1.000000e+05  1.092380e-08  2.034000e-02
  3.000000e+05  3.901790e-08  2.098000e-02
  5.000000e+05  7.920510e-08  2.165000e-02
  7.000000e+05  1.276280e-07  2.233000e-02
  9.000000e+05  1.656060e-07  2.303000e-02
  1.100000e+06  1.807970e-07  2.375000e-02
  1.300000e+06  1.920910e-07  2.449000e-02
  1.500000e+06  1.997870e-07  2.524000e-02
  1.700000e+06  2.046840e-07  2.601000e-02
  1.900000e+06  2.068830e-07  2.678000e-02
  2.100000e+06  2.069830e-07  2.755000e-02
  2.300000e+06  2.052830e-07  2.831000e-02
  2.500000e+06  2.020850e-07  2.903000e-02
  2.700000e+06  1.976880e-07  2.970000e-02
  2.900000e+06  1.923910e-07  3.069000e-02
  3.100000e+06  1.865940e-07  3.199000e-02
  3.300000e+06  1.802980e-07  3.329000e-02
  3.500000e+06  1.737010e-07  3.456000e-02
  3.700000e+06  1.671050e-07  3.579000e-02
  3.900000e+06  1.605090e-07  3.694000e-02
  4.100000e+06  1.540130e-07  3.798000e-02
  4.300000e+06  1.476160e-07  3.889000e-02
  4.500000e+06  1.415200e-07  3.964000e-02
  4.700000e+06  1.356230e-07  4.022000e-02
  4.900000e+06  1.299260e-07  4.062000e-02
  5.100000e+06  1.241300e-07  4.086000e-02
  5.300000e+06  1.183330e-07  4.124000e-02
  5.500000e+06  1.122360e-07  4.213000e-02
  5.700000e+06  1.056400e-07  4.316000e-02
  5.900000e+06  9.851410e-08  4.442000e-02
  6.100000e+06  9.079850e-08  4.599000e-02
  6.300000e+06  8.243320e-08  4.802000e-02
  6.500000e+06  7.338830e-08  5.079000e-02
  6.700000e+06  6.359390e-08  5.473000e-02
  6.900000e+06  5.296990e-08  6.075000e-02
  7.100000e+06  4.145650e-08  7.095000e-02
  7.300000e+06  2.896360e-08  9.151000e-02
  7.500000e+06  1.541130e-08  1.523000e-01
  7.700000e+06  2.026850e-09  1.000000e+00
  7.900000e+06  1.694040e-09  1.000000e+00
  8.100000e+06  1.348230e-09  1.000000e+00
  8.300000e+06  9.889390e-10  1.000000e+00
  8.500000e+06  6.166500e-10  1.000000e+00
  8.700000e+06  2.314690e-10  1.000000e+00
  8.900000e+06  0.000000e+00  1.000000e+00
  1.150000e+07            48             0             2
  0.000000e+00  0.000000e+00  0.000000e+00
  1.000000e+05  1.038400e-08  2.397000e-02
  3.000000e+05  3.715850e-08  2.473000e-02
  5.000000e+05  7.558630e-08  2.552000e-02
  7.000000e+05  1.221290e-07  2.632000e-02
  9.000000e+05  1.587080e-07  2.716000e-02
  1.100000e+06  1.737990e-07  2.801000e-02
  1.300000e+06  1.850930e-07  2.890000e-02
  1.500000e+06  1.930880e-07  2.980000e-02
  1.700000e+06  1.982850e-07  3.073000e-02
  1.900000e+06  2.009840e-07  3.168000e-02
  2.100000e+06  2.015830e-07  3.264000e-02
  2.300000e+06  2.004840e-07  3.360000e-02
  2.500000e+06  1.977860e-07  3.455000e-02
  2.700000e+06  1.938880e-07  3.548000e-02
  2.900000e+06  1.889910e-07  3.636000e-02
  3.100000e+06  1.833940e-07  3.717000e-02
  3.300000e+06  1.772970e-07  3.857000e-02
  3.500000e+06  1.709010e-07  4.017000e-02
  3.700000e+06  1.643050e-07  4.176000e-02
  3.900000e+06  1.576090e-07  4.331000e-02
  4.100000e+06  1.510130e-07  4.479000e-02
  4.300000e+06  1.445160e-07  4.617000e-02
  4.500000e+06  1.383200e-07  4.741000e-02
  4.700000e+06  1.322240e-07  4.848000e-02
  4.900000e+06  1.265270e-07  4.935000e-02
  5.100000e+06  1.209300e-07  5.001000e-02
  5.300000e+06  1.155330e-07  5.046000e-02
  5.500000e+06  1.101360e-07  5.073000e-02
  5.700000e+06  1.046390e-07  5.138000e-02
  5.900000e+06  9.895280e-08  5.251000e-02
  6.100000e+06  9.282630e-08  5.384000e-02
  6.300000e+06  8.623010e-08  5.546000e-02
  6.500000e+06  7.913420e-08  5.750000e-02
  6.700000e+06  7.149860e-08  6.017000e-02
  6.900000e+06  6.328340e-08  6.382000e-02
  7.100000e+06  5.441850e-08  6.908000e-02
  7.300000e+06  4.484410e-08  7.725000e-02
  7.500000e+06  3.451000e-08  9.140000e-02
  7.700000e+06  2.333650e-08  1.213000e-01
  7.900000e+06  1.124350e-08  2.215000e-01
  8.100000e+06  2.136760e-09  1.000000e+00
  8.300000e+06  1.767980e-09  1.000000e+00
  8.500000e+06  1.387200e-09  1.000000e+00
  8.700000e+06  9.913260e-10  1.000000e+00
  8.900000e+06  5.824630e-10  1.000000e+00
  9.100000e+06  1.602070e-10  1.000000e+00
  9.300000e+06  0.000000e+00  1.000000e+00
  1.200000e+07            50             0             2
  0.000000e+00  0.000000e+00  0.000000e+00
  1.000000e+05  9.872410e-09  2.922000e-02
  3.000000e+05  3.539000e-08  3.015000e-02
  5.000000e+05  7.212910e-08  3.111000e-02
  7.000000e+05  1.167340e-07  3.210000e-02
  9.000000e+05  1.521140e-07  3.312000e-02
  1.100000e+06  1.669050e-07  3.416000e-02
  1.300000e+06  1.781990e-07  3.524000e-02
  1.500000e+06  1.863940e-07  3.636000e-02
  1.700000e+06  1.918910e-07  3.750000e-02
  1.900000e+06  1.950900e-07  3.867000e-02
  2.100000e+06  1.962890e-07  3.987000e-02
  2.300000e+06  1.956890e-07  4.109000e-02
  2.500000e+06  1.935900e-07  4.232000e-02
  2.700000e+06  1.902920e-07  4.355000e-02
  2.900000e+06  1.858950e-07  4.477000e-02
  3.100000e+06  1.806980e-07  4.594000e-02
  3.300000e+06  1.749010e-07  4.705000e-02
  3.500000e+06  1.686050e-07  4.805000e-02
  3.700000e+06  1.622080e-07  5.006000e-02
  3.900000e+06  1.556120e-07  5.209000e-02
  4.100000e+06  1.490160e-07  5.408000e-02
  4.300000e+06  1.425190e-07  5.602000e-02
  4.500000e+06  1.362230e-07  5.786000e-02
  4.700000e+06  1.300260e-07  5.956000e-02
  4.900000e+06  1.241300e-07  6.107000e-02
  5.100000e+06  1.185330e-07  6.236000e-02
  5.300000e+06  1.131360e-07  6.339000e-02
  5.500000e+06  1.079390e-07  6.417000e-02
  5.700000e+06  1.028420e-07  6.469000e-02
  5.900000e+06  9.781460e-08  6.498000e-02
  6.100000e+06  9.275750e-08  6.606000e-02
  6.300000e+06  8.744050e-08  6.754000e-02
  6.500000e+06  8.176370e-08  6.930000e-02
  6.700000e+06  7.568710e-08  7.145000e-02
  6.900000e+06  6.919080e-08  7.418000e-02
  7.100000e+06  6.223480e-08  7.777000e-02
  7.300000e+06  5.476900e-08  8.271000e-02
  7.500000e+06  4.674350e-08  8.991000e-02
  7.700000e+06  3.812840e-08  1.013000e-01
  7.900000e+06  2.884370e-08  1.214000e-01
  8.100000e+06  1.882930e-08  1.660000e-01
  8.300000e+06  8.040450e-09  3.402000e-01
  8.500000e+06  2.329680e-09  1.000000e+00
  8.700000e+06  1.907920e-09  1.000000e+00
  8.900000e+06  1.472170e-09  1.000000e+00
  9.100000e+06  1.021420e-09  1.000000e+00
  9.300000e+06  5.562850e-10  1.000000e+00
  9.500000e+06  7.665660e-11  1.000000e+00
  9.700000e+06  0.000000e+00  1.000000e+00
  1.250000e+07            51             0             2
  0.000000e+00  0.000000e+00  0.000000e+00
  1.000000e+05  9.406360e-09  3.412000e-02
  3.000000e+05  3.377340e-08  3.521000e-02
  5.000000e+05  6.893600e-08  3.634000e-02
  7.000000e+05  1.117450e-07  3.749000e-02
  9.000000e+05  1.459280e-07  3.869000e-02
  1.100000e+06  1.604210e-07  3.992000e-02
  1.300000e+06  1.716150e-07  4.118000e-02
  1.500000e+06  1.799110e-07  4.248000e-02
  1.700000e+06  1.857080e-07  4.383000e-02
  1.900000e+06  1.893070e-07  4.521000e-02
  2.100000e+06  1.909060e-07  4.662000e-02
  2.300000e+06  1.909060e-07  4.808000e-02
  2.500000e+06  1.894070e-07  4.956000e-02
  2.700000e+06  1.866080e-07  5.106000e-02
  2.900000e+06  1.828100e-07  5.257000e-02
  3.100000e+06  1.782120e-07  5.407000e-02
  3.300000e+06  1.728150e-07  5.555000e-02
  3.500000e+06  1.669180e-07  5.697000e-02
  3.700000e+06  1.606210e-07  5.830000e-02
  3.900000e+06  1.542240e-07  5.976000e-02
  4.100000e+06  1.477270e-07  6.221000e-02
  4.300000e+06  1.413300e-07  6.465000e-02
  4.500000e+06  1.349330e-07  6.705000e-02
  4.700000e+06  1.287370e-07  6.937000e-02
  4.900000e+06  1.227390e-07  7.155000e-02
  5.100000e+06  1.169420e-07  7.354000e-02
  5.300000e+06  1.114450e-07  7.530000e-02
  5.500000e+06  1.062480e-07  7.678000e-02
  5.700000e+06  1.012500e-07  7.796000e-02
  5.900000e+06  9.640250e-08  7.883000e-02
  6.100000e+06  9.170480e-08  7.940000e-02
  6.300000e+06  8.701710e-08  7.972000e-02
  6.500000e+06  8.233940e-08  8.134000e-02
  6.700000e+06  7.740180e-08  8.320000e-02
  6.900000e+06  7.216440e-08  8.542000e-02
  7.100000e+06  6.657720e-08  8.815000e-02
  7.300000e+06  6.063010e-08  9.164000e-02
  7.500000e+06  5.428320e-08  9.626000e-02
  7.700000e+06  4.750660e-08  1.027000e-01
  7.900000e+06  4.024020e-08  1.121000e-01
  8.100000e+06  3.245400e-08  1.272000e-01
  8.300000e+06  2.410810e-08  1.548000e-01
  8.500000e+06  1.512250e-08  2.192000e-01
  8.700000e+06  5.469300e-09  5.274000e-01
  8.900000e+06  2.436800e-09  1.000000e+00
  9.100000e+06  1.974030e-09  1.000000e+00
  9.300000e+06  1.495260e-09  1.000000e+00
  9.500000e+06  1.001510e-09  1.000000e+00
  9.700000e+06  4.932570e-10  1.000000e+00
  9.900000e+06  0.000000e+00  1.000000e+00
  1.300000e+07            53             0             2
  0.000000e+00  0.000000e+00  0.000000e+00
  1.000000e+05  8.994710e-09  3.677000e-02
  3.000000e+05  3.233460e-08  3.796000e-02
  5.000000e+05  6.608850e-08  3.918000e-02
  7.000000e+05  1.072490e-07  4.044000e-02
  9.000000e+05  1.403330e-07  4.173000e-02
  1.100000e+06  1.545260e-07  4.306000e-02
  1.300000e+06  1.656210e-07  4.443000e-02
  1.500000e+06  1.739170e-07  4.585000e-02
  1.700000e+06  1.799140e-07  4.730000e-02
  1.900000e+06  1.838120e-07  4.880000e-02
  2.100000e+06  1.859110e-07  5.034000e-02
  2.300000e+06  1.863110e-07  5.193000e-02
  2.500000e+06  1.853120e-07  5.355000e-02
  2.700000e+06  1.831130e-07  5.521000e-02
  2.900000e+06  1.798140e-07  5.691000e-02
  3.100000e+06  1.757160e-07  5.862000e-02
  3.300000e+06  1.709180e-07  6.033000e-02
  3.500000e+06  1.654210e-07  6.203000e-02
  3.700000e+06  1.595240e-07  6.369000e-02
  3.900000e+06  1.533270e-07  6.528000e-02
  4.100000e+06  1.469300e-07  6.675000e-02
  4.300000e+06  1.405330e-07  6.869000e-02
  4.500000e+06  1.342360e-07  7.144000e-02
  4.700000e+06  1.280390e-07  7.418000e-02
  4.900000e+06  1.219420e-07  7.685000e-02
  5.100000e+06  1.161450e-07  7.941000e-02
  5.300000e+06  1.104470e-07  8.180000e-02
  5.500000e+06  1.051500e-07  8.397000e-02
  5.700000e+06  1.000520e-07  8.587000e-02
  5.900000e+06  9.518460e-08  8.745000e-02
  6.100000e+06  9.056680e-08  8.870000e-02
  6.300000e+06  8.612890e-08  8.960000e-02
  6.500000e+06  8.178100e-08  9.018000e-02
  6.700000e+06  7.746300e-08  9.082000e-02
  6.900000e+06  7.312510e-08  9.270000e-02
  7.100000e+06  6.854730e-08  9.487000e-02
  7.300000e+06  6.370960e-08  9.748000e-02
  7.500000e+06  5.858210e-08  1.007000e-01
  7.700000e+06  5.314470e-08  1.049000e-01
  7.900000e+06  4.734740e-08  1.104000e-01
  8.100000e+06  4.118040e-08  1.182000e-01
  8.300000e+06  3.459350e-08  1.297000e-01
  8.500000e+06  2.755690e-08  1.486000e-01
  8.700000e+06  2.002040e-08  1.840000e-01
  8.900000e+06  1.193430e-08  2.729000e-01
  9.100000e+06  2.816660e-09  1.000000e+00
  9.300000e+06  2.359870e-09  1.000000e+00
  9.500000e+06  1.888100e-09  1.000000e+00
  9.700000e+06  1.401330e-09  1.000000e+00
  9.900000e+06  9.004700e-10  1.000000e+00
  1.010000e+07  3.847160e-10  1.000000e+00
  1.030000e+07  0.000000e+00  1.000000e+00
  1.350000e+07            55             0             2
  0.000000e+00  0.000000e+00  0.000000e+00
  1.000000e+05  8.623460e-09  3.804000e-02
  3.000000e+05  3.102720e-08  3.927000e-02
  5.000000e+05  6.349390e-08  4.055000e-02
  7.000000e+05  1.032580e-07  4.186000e-02
  9.000000e+05  1.351440e-07  4.321000e-02
  1.100000e+06  1.490390e-07  4.460000e-02
  1.300000e+06  1.599340e-07  4.603000e-02
  1.500000e+06  1.683310e-07  4.750000e-02
  1.700000e+06  1.744280e-07  4.902000e-02
  1.900000e+06  1.785270e-07  5.058000e-02
  2.100000e+06  1.809260e-07  5.219000e-02
  2.300000e+06  1.817250e-07  5.385000e-02
  2.500000e+06  1.812260e-07  5.555000e-02
  2.700000e+06  1.795260e-07  5.730000e-02
  2.900000e+06  1.767270e-07  5.909000e-02
  3.100000e+06  1.731290e-07  6.091000e-02
  3.300000e+06  1.688310e-07  6.277000e-02
  3.500000e+06  1.638330e-07  6.464000e-02
  3.700000e+06  1.584350e-07  6.652000e-02
  3.900000e+06  1.525370e-07  6.837000e-02
  4.100000e+06  1.464400e-07  7.016000e-02
  4.300000e+06  1.402420e-07  7.186000e-02
  4.500000e+06  1.338450e-07  7.343000e-02
  4.700000e+06  1.276480e-07  7.584000e-02
  4.900000e+06  1.216500e-07  7.882000e-02
  5.100000e+06  1.157520e-07  8.176000e-02
  5.300000e+06  1.100550e-07  8.462000e-02
  5.500000e+06  1.045570e-07  8.734000e-02
  5.700000e+06  9.935910e-08  8.987000e-02
  5.900000e+06  9.441120e-08  9.214000e-02
  6.100000e+06  8.972310e-08  9.411000e-02
  6.300000e+06  8.527490e-08  9.574000e-02
  6.500000e+06  8.102670e-08  9.700000e-02
  6.700000e+06  7.693840e-08  9.790000e-02
  6.900000e+06  7.293000e-08  9.847000e-02
  7.100000e+06  6.896160e-08  9.950000e-02
  7.300000e+06  6.494330e-08  1.016000e-01
  7.500000e+06  6.072500e-08  1.040000e-01
  7.700000e+06  5.626690e-08  1.070000e-01
  7.900000e+06  5.155880e-08  1.107000e-01
  8.100000e+06  4.657090e-08  1.155000e-01
  8.300000e+06  4.129300e-08  1.219000e-01
  8.500000e+06  3.567530e-08  1.310000e-01
  8.700000e+06  2.969780e-08  1.447000e-01
  8.900000e+06  2.332040e-08  1.675000e-01
  9.100000e+06  1.650320e-08  2.120000e-01
  9.300000e+06  9.221210e-09  3.340000e-01
  9.500000e+06  2.645910e-09  1.000000e+00
  9.700000e+06  2.197100e-09  1.000000e+00
  9.900000e+06  1.734290e-09  1.000000e+00
  1.010000e+07  1.257480e-09  1.000000e+00
  1.030000e+07  7.676840e-10  1.000000e+00
  1.050000e+07  2.641910e-10  1.000000e+00
  1.070000e+07  0.000000e+00  1.000000e+00
  1.400000e+07            57             0             2
  0.000000e+00  0.000000e+00  0.000000e+00
  1.000000e+05  8.282300e-09  3.769000e-02
  3.000000e+05  2.984670e-08  3.936000e-02
  5.000000e+05  6.115270e-08  4.090000e-02
  7.000000e+05  9.949550e-08  4.224000e-02
  9.000000e+05  1.304420e-07  4.361000e-02
  1.100000e+06  1.440360e-07  4.503000e-02
  1.300000e+06  1.547310e-07  4.648000e-02
  1.500000e+06  1.631270e-07  4.798000e-02
  1.700000e+06  1.693240e-07  4.953000e-02
  1.900000e+06  1.736220e-07  5.112000e-02
  2.100000e+06  1.762210e-07  5.275000e-02
  2.300000e+06  1.773210e-07  5.444000e-02
  2.500000e+06  1.772210e-07  5.617000e-02
  2.700000e+06  1.759210e-07  5.796000e-02
  2.900000e+06  1.736220e-07  5.979000e-02
  3.100000e+06  1.705240e-07  6.167000e-02
  3.300000e+06  1.666260e-07  6.359000e-02
  3.500000e+06  1.621280e-07  6.555000e-02
  3.700000e+06  1.571300e-07  6.754000e-02
  3.900000e+06  1.517320e-07  6.954000e-02
  4.100000e+06  1.459350e-07  7.153000e-02
  4.300000e+06  1.400370e-07  7.349000e-02
  4.500000e+06  1.339400e-07  7.538000e-02
  4.700000e+06  1.277430e-07  7.717000e-02
  4.900000e+06  1.216460e-07  7.879000e-02
  5.100000e+06  1.157480e-07  8.169000e-02
  5.300000e+06  1.100510e-07  8.483000e-02
  5.500000e+06  1.045530e-07  8.792000e-02
  5.700000e+06  9.921570e-08  9.090000e-02
  5.900000e+06  9.414790e-08  9.372000e-02
  6.100000e+06  8.934010e-08  9.633000e-02
  6.300000e+06  8.479210e-08  9.865000e-02
  6.500000e+06  8.048400e-08  1.007000e-01
  6.700000e+06  7.640580e-08  1.023000e-01
  6.900000e+06  7.251760e-08  1.035000e-01
  7.100000e+06  6.875930e-08  1.044000e-01
  7.300000e+06  6.507090e-08  1.050000e-01
  7.500000e+06  6.143250e-08  1.064000e-01
  7.700000e+06  5.771420e-08  1.087000e-01
  7.900000e+06  5.381590e-08  1.114000e-01
  8.100000e+06  4.971780e-08  1.147000e-01
  8.300000e+06  4.538970e-08  1.188000e-01
  8.500000e+06  4.083170e-08  1.242000e-01
  8.700000e+06  3.600390e-08  1.315000e-01
  8.900000e+06  3.088620e-08  1.419000e-01
  9.100000e+06  2.544860e-08  1.579000e-01
  9.300000e+06  1.967120e-08  1.851000e-01
  9.500000e+06  1.350400e-08  2.406000e-01
  9.700000e+06  6.920910e-09  4.110000e-01
  9.900000e+06  2.425920e-09  1.000000e+00
  1.010000e+07  1.995110e-09  1.000000e+00
  1.030000e+07  1.552310e-09  1.000000e+00
  1.050000e+07  1.095510e-09  1.000000e+00
  1.070000e+07  6.273200e-10  1.000000e+00
  1.090000e+07  1.466340e-10  1.000000e+00
  1.110000e+07  0.000000e+00  1.000000e+00
  1.450000e+07            59             0             2
  0.000000e+00  0.000000e+00  0.000000e+00
  1.000000e+05  7.974460e-09  3.652000e-02
  3.000000e+05  2.875720e-08  3.812000e-02
  5.000000e+05  5.898380e-08  3.981000e-02
  7.000000e+05  9.610730e-08  4.159000e-02
  9.000000e+05  1.261440e-07  4.312000e-02
  1.100000e+06  1.394380e-07  4.453000e-02
  1.300000e+06  1.500330e-07  4.598000e-02
  1.500000e+06  1.582300e-07  4.748000e-02
  1.700000e+06  1.645270e-07  4.902000e-02
  1.900000e+06  1.689250e-07  5.061000e-02
  2.100000e+06  1.717240e-07  5.224000e-02
  2.300000e+06  1.731230e-07  5.392000e-02
  2.500000e+06  1.733230e-07  5.565000e-02
  2.700000e+06  1.724230e-07  5.743000e-02
  2.900000e+06  1.705240e-07  5.927000e-02
  3.100000e+06  1.678250e-07  6.115000e-02
  3.300000e+06  1.643270e-07  6.309000e-02
  3.500000e+06  1.603290e-07  6.507000e-02
  3.700000e+06  1.557310e-07  6.710000e-02
  3.900000e+06  1.507330e-07  6.916000e-02
  4.100000e+06  1.453350e-07  7.125000e-02
  4.300000e+06  1.397380e-07  7.334000e-02
  4.500000e+06  1.339400e-07  7.542000e-02
  4.700000e+06  1.280430e-07  7.745000e-02
  4.900000e+06  1.221460e-07  7.941000e-02
  5.100000e+06  1.161480e-07  8.123000e-02
  5.300000e+06  1.103510e-07  8.299000e-02
  5.500000e+06  1.048530e-07  8.626000e-02
  5.700000e+06  9.946580e-08  8.950000e-02
  5.900000e+06  9.431810e-08  9.268000e-02
  6.100000e+06  8.941030e-08  9.574000e-02
  6.300000e+06  8.474230e-08  9.861000e-02
  6.500000e+06  8.032430e-08  1.012000e-01
  6.700000e+06  7.615620e-08  1.036000e-01
  6.900000e+06  7.221790e-08  1.056000e-01
  7.100000e+06  6.848960e-08  1.072000e-01
  7.300000e+06  6.493110e-08  1.084000e-01
  7.500000e+06  6.148270e-08  1.092000e-01
  7.700000e+06  5.808420e-08  1.097000e-01
  7.900000e+06  5.474570e-08  1.117000e-01
  8.100000e+06  5.131720e-08  1.141000e-01
  8.300000e+06  4.771880e-08  1.171000e-01
  8.500000e+06  4.395050e-08  1.207000e-01
  8.700000e+06  3.998220e-08  1.252000e-01
  8.900000e+06  3.580410e-08  1.312000e-01
  9.100000e+06  3.139600e-08  1.393000e-01
  9.300000e+06  2.672810e-08  1.511000e-01
  9.500000e+06  2.178030e-08  1.695000e-01
  9.700000e+06  1.652270e-08  2.017000e-01
  9.900000e+06  1.093510e-08  2.709000e-01
  1.010000e+07  4.973790e-09  5.183000e-01
  1.030000e+07  2.183030e-09  1.000000e+00
  1.050000e+07  1.777210e-09  1.000000e+00
  1.070000e+07  1.359400e-09  1.000000e+00
  1.090000e+07  9.303870e-10  1.000000e+00
  1.110000e+07  4.902820e-10  1.000000e+00
  1.130000e+07  3.917260e-11  1.000000e+00
  1.150000e+07  0.000000e+00  1.000000e+00
  1.500000e+07            60             0             2
  0.000000e+00  0.000000e+00  0.000000e+00
  1.000000e+05  7.691370e-09  3.540000e-02
  3.000000e+05  2.776050e-08  3.694000e-02
  5.000000e+05  5.698050e-08  3.855000e-02
  7.000000e+05  9.291830e-08  4.025000e-02
  9.000000e+05  1.220580e-07  4.204000e-02
  1.100000e+06  1.351540e-07  4.393000e-02
  1.300000e+06  1.455500e-07  4.544000e-02
  1.500000e+06  1.537470e-07  4.693000e-02
  1.700000e+06  1.599450e-07  4.847000e-02
  1.900000e+06  1.644440e-07  5.005000e-02
  2.100000e+06  1.674430e-07  5.168000e-02
  2.300000e+06  1.690420e-07  5.335000e-02
  2.500000e+06  1.695420e-07  5.508000e-02
  2.700000e+06  1.688420e-07  5.685000e-02
  2.900000e+06  1.673430e-07  5.868000e-02
  3.100000e+06  1.650440e-07  6.057000e-02
  3.300000e+06  1.619450e-07  6.250000e-02
  3.500000e+06  1.583460e-07  6.449000e-02
  3.700000e+06  1.541470e-07  6.653000e-02
  3.900000e+06  1.495490e-07  6.862000e-02
  4.100000e+06  1.446510e-07  7.075000e-02
  4.300000e+06  1.393520e-07  7.292000e-02
  4.500000e+06  1.338540e-07  7.511000e-02
  4.700000e+06  1.282560e-07  7.729000e-02
  4.900000e+06  1.225580e-07  7.946000e-02
  5.100000e+06  1.168600e-07  8.156000e-02
  5.300000e+06  1.111620e-07  8.357000e-02
  5.500000e+06  1.054640e-07  8.544000e-02
  5.700000e+06  9.996590e-08  8.760000e-02
  5.900000e+06  9.483760e-08  9.099000e-02
  6.100000e+06  8.985930e-08  9.434000e-02
  6.300000e+06  8.511090e-08  9.761000e-02
  6.500000e+06  8.058250e-08  1.007000e-01
  6.700000e+06  7.629390e-08  1.037000e-01
  6.900000e+06  7.225530e-08  1.063000e-01
  7.100000e+06  6.844660e-08  1.086000e-01
  7.300000e+06  6.485790e-08  1.106000e-01
  7.500000e+06  6.144900e-08  1.122000e-01
  7.700000e+06  5.819010e-08  1.133000e-01
  7.900000e+06  5.503120e-08  1.141000e-01
  8.100000e+06  5.191230e-08  1.148000e-01
  8.300000e+06  4.885330e-08  1.171000e-01
  8.500000e+06  4.567440e-08  1.198000e-01
  8.700000e+06  4.236550e-08  1.230000e-01
  8.900000e+06  3.889670e-08  1.269000e-01
  9.100000e+06  3.525800e-08  1.319000e-01
  9.300000e+06  3.142930e-08  1.385000e-01
  9.500000e+06  2.739060e-08  1.476000e-01
  9.700000e+06  2.313210e-08  1.610000e-01
  9.900000e+06  1.862360e-08  1.822000e-01
  1.010000e+07  1.384530e-08  2.205000e-01
  1.030000e+07  8.765010e-09  3.081000e-01
  1.050000e+07  3.362850e-09  6.951000e-01
  1.070000e+07  1.964330e-09  1.000000e+00
  1.090000e+07  1.580460e-09  1.000000e+00
  1.110000e+07  1.186590e-09  1.000000e+00
  1.130000e+07  7.828330e-10  1.000000e+00
  1.150000e+07  3.688740e-10  1.000000e+00
  1.170000e+07  0.000000e+00  1.000000e+00
