             0             3
             4
             0
           687
  1.000000e-05  0.000000e+00  1.000000e+06  0.000000e+00  1.010000e+06  3.781600e-06
  1.020000e+06  4.143800e-06  1.030000e+06  4.542500e-06  1.040000e+06  4.981100e-06
  1.050000e+06  5.464100e-06  1.060000e+06  5.996000e-06  1.070000e+06  6.582400e-06
  1.080000e+06  7.228900e-06  1.090000e+06  7.942300e-06  1.100000e+06  8.730100e-06
  1.110000e+06  9.600600e-06  1.120000e+06  1.056300e-05  1.130000e+06  1.162800e-05
  1.140000e+06  1.280800e-05  1.150000e+06  1.411600e-05  1.160000e+06  1.556600e-05
  1.170000e+06  1.717800e-05  1.180000e+06  1.897000e-05  1.190000e+06  2.096500e-05
  1.200000e+06  2.319000e-05  1.210000e+06  2.517600e-05  1.220000e+06  2.735900e-05
  1.230000e+06  2.976400e-05  1.240000e+06  3.241800e-05  1.250000e+06  3.535300e-05
  1.260000e+06  3.861000e-05  1.270000e+06  4.223400e-05  1.280000e+06  4.628000e-05
  1.290000e+06  5.081300e-05  1.300000e+06  5.591400e-05  1.310000e+06  6.168200e-05
  1.320000e+06  6.823900e-05  1.330000e+06  7.574200e-05  1.340000e+06  8.438600e-05
  1.350000e+06  9.442900e-05  1.360000e+06  1.062100e-04  1.370000e+06  1.201800e-04
  1.380000e+06  1.369800e-04  1.390000e+06  1.574800e-04  1.400000e+06  1.829500e-04
  1.410000e+06  2.124600e-04  1.420000e+06  2.507300e-04  1.430000e+06  3.020300e-04
  1.440000e+06  3.735700e-04  1.450000e+06  4.786000e-04  1.460000e+06  6.433100e-04
  1.470000e+06  9.260900e-04  1.480000e+06  1.479400e-03  1.490000e+06  2.811800e-03
  1.500000e+06  7.540200e-03  1.510000e+06  5.267900e-02  1.520000e+06  5.399300e-02
  1.530000e+06  8.842600e-03  1.540000e+06  4.182100e-03  1.550000e+06  3.572300e-03
  1.560000e+06  5.977200e-03  1.570000e+06  3.458200e-02  1.580000e+06  3.513800e-02
  1.590000e+06  5.973700e-03  1.600000e+06  2.706800e-03  1.610000e+06  1.724500e-03
  1.620000e+06  1.305500e-03  1.630000e+06  1.092300e-03  1.640000e+06  9.746300e-04
  1.650000e+06  9.087600e-04  1.660000e+06  8.746100e-04  1.670000e+06  8.618600e-04
  1.680000e+06  8.648500e-04  1.690000e+06  8.803300e-04  1.700000e+06  9.064300e-04
  1.710000e+06  9.421700e-04  1.720000e+06  9.870800e-04  1.730000e+06  1.041200e-03
  1.740000e+06  1.104700e-03  1.750000e+06  1.178300e-03  1.760000e+06  1.262900e-03
  1.770000e+06  1.359400e-03  1.780000e+06  1.469400e-03  1.790000e+06  1.594600e-03
  1.800000e+06  1.737200e-03  1.810000e+06  1.886300e-03  1.820000e+06  2.056100e-03
  1.830000e+06  2.249900e-03  1.840000e+06  2.472000e-03  1.850000e+06  2.727600e-03
  1.860000e+06  3.022900e-03  1.870000e+06  3.365900e-03  1.880000e+06  3.766700e-03
  1.890000e+06  4.237800e-03  1.900000e+06  4.795600e-03  1.910000e+06  5.461200e-03
  1.920000e+06  6.262200e-03  1.930000e+06  7.235300e-03  1.940000e+06  8.429900e-03
  1.950000e+06  9.913200e-03  1.960000e+06  1.177800e-02  1.970000e+06  1.415500e-02
  1.980000e+06  1.723000e-02  1.990000e+06  2.126500e-02  2.000000e+06  2.664800e-02
  2.010000e+06  3.378700e-02  2.020000e+06  4.352800e-02  2.030000e+06  5.679600e-02
  2.040000e+06  7.438000e-02  2.050000e+06  9.585400e-02  2.060000e+06  1.174500e-01
  2.070000e+06  1.310800e-01  2.080000e+06  1.296000e-01  2.090000e+06  1.148200e-01
  2.100000e+06  9.487000e-02  2.110000e+06  7.610400e-02  2.120000e+06  6.085200e-02
  2.130000e+06  4.915200e-02  2.140000e+06  4.032800e-02  2.150000e+06  3.366100e-02
  2.160000e+06  2.857300e-02  2.170000e+06  2.464200e-02  2.180000e+06  2.156300e-02
  2.190000e+06  1.912200e-02  2.200000e+06  1.716600e-02  2.210000e+06  1.552400e-02
  2.220000e+06  1.418400e-02  2.230000e+06  1.308100e-02  2.240000e+06  1.217200e-02
  2.250000e+06  1.141900e-02  2.260000e+06  1.079700e-02  2.270000e+06  1.028500e-02
  2.280000e+06  9.867400e-03  2.290000e+06  9.532200e-03  2.300000e+06  9.269900e-03
  2.310000e+06  9.073400e-03  2.320000e+06  8.937700e-03  2.330000e+06  8.859400e-03
  2.340000e+06  8.836200e-03  2.350000e+06  8.867800e-03  2.360000e+06  8.954500e-03
  2.370000e+06  9.098400e-03  2.380000e+06  9.303000e-03  2.390000e+06  9.573100e-03
  2.400000e+06  9.915600e-03  2.410000e+06  1.030700e-02  2.420000e+06  1.078800e-02
  2.430000e+06  1.137400e-02  2.440000e+06  1.208300e-02  2.450000e+06  1.294000e-02
  2.460000e+06  1.397500e-02  2.470000e+06  1.522900e-02  2.480000e+06  1.675600e-02
  2.490000e+06  1.862500e-02  2.500000e+06  2.093000e-02  2.510000e+06  2.379700e-02
  2.520000e+06  2.739500e-02  2.530000e+06  3.194400e-02  2.540000e+06  3.773500e-02
  2.550000e+06  4.513000e-02  2.560000e+06  5.452100e-02  2.570000e+06  6.620900e-02
  2.580000e+06  8.008100e-02  2.590000e+06  9.503200e-02  2.600000e+06  1.083800e-01
  2.610000e+06  1.162800e-01  2.620000e+06  1.158900e-01  2.630000e+06  1.076600e-01
  2.640000e+06  9.488500e-02  2.650000e+06  8.114900e-02  2.660000e+06  6.863300e-02
  2.670000e+06  5.814500e-02  2.680000e+06  4.971200e-02  2.690000e+06  4.305700e-02
  2.700000e+06  3.784300e-02  2.710000e+06  3.376600e-02  2.720000e+06  3.057800e-02
  2.730000e+06  2.809300e-02  2.740000e+06  2.616700e-02  2.750000e+06  2.469500e-02
  2.760000e+06  2.359800e-02  2.770000e+06  2.281900e-02  2.780000e+06  2.231900e-02
  2.790000e+06  2.207000e-02  2.800000e+06  2.205700e-02  2.810000e+06  2.222900e-02
  2.820000e+06  2.263000e-02  2.830000e+06  2.326800e-02  2.840000e+06  2.416200e-02
  2.850000e+06  2.533600e-02  2.860000e+06  2.682500e-02  2.870000e+06  2.867400e-02
  2.880000e+06  3.093400e-02  2.890000e+06  3.366200e-02  2.900000e+06  3.691800e-02
  2.910000e+06  4.074500e-02  2.920000e+06  4.514800e-02  2.930000e+06  5.005700e-02
  2.938270e+06  5.437394e-02  2.940000e+06  5.527764e-02  2.950000e+06  5.540432e-02
  2.960000e+06  5.959800e-02  2.970000e+06  6.267850e-02  2.980000e+06  5.834120e-02
  2.990000e+06  5.808350e-02  3.000000e+06  5.637400e-02  3.010000e+06  5.364200e-02
  3.020000e+06  5.034400e-02  3.030000e+06  4.692100e-02  3.040000e+06  4.368700e-02
  3.050000e+06  4.082800e-02  3.060000e+06  3.843000e-02  3.070000e+06  3.652200e-02
  3.080000e+06  3.510100e-02  3.090000e+06  3.415500e-02  3.100000e+06  3.367500e-02
  3.110000e+06  3.366800e-02  3.120000e+06  3.415400e-02  3.130000e+06  3.518200e-02
  3.140000e+06  3.682700e-02  3.150000e+06  3.919900e-02  3.160000e+06  4.243100e-02
  3.170000e+06  4.665600e-02  3.180000e+06  5.192200e-02  3.190000e+06  5.801200e-02
  3.200000e+06  6.419100e-02  3.210000e+06  6.909100e-02  3.220000e+06  7.120900e-02
  3.230000e+06  6.998500e-02  3.240000e+06  6.629000e-02  3.250000e+06  6.165800e-02
  3.260000e+06  5.730400e-02  3.270000e+06  5.381600e-02  3.280000e+06  5.134300e-02
  3.290000e+06  4.981900e-02  3.300000e+06  4.911800e-02  3.310000e+06  4.911400e-02
  3.320000e+06  4.970400e-02  3.330000e+06  5.080700e-02  3.340000e+06  5.236100e-02
  3.350000e+06  5.431900e-02  3.360000e+06  5.664000e-02  3.370000e+06  5.929000e-02
  3.380000e+06  6.222900e-02  3.390000e+06  6.541100e-02  3.400000e+06  6.878300e-02
  3.410000e+06  7.227600e-02  3.420000e+06  7.580800e-02  3.430000e+06  7.928500e-02
  3.440000e+06  8.259800e-02  3.450000e+06  8.563900e-02  3.460000e+06  8.830300e-02
  3.470000e+06  9.050200e-02  3.480000e+06  9.217100e-02  3.490000e+06  9.328300e-02
  3.500000e+06  9.384600e-02  3.510000e+06  9.396700e-02  3.520000e+06  9.364800e-02
  3.530000e+06  9.298800e-02  3.540000e+06  9.209900e-02  3.550000e+06  9.110700e-02
  3.560000e+06  9.014400e-02  3.570000e+06  8.934900e-02  3.580000e+06  8.886200e-02
  3.590000e+06  8.883900e-02  3.600000e+06  8.945400e-02  3.610000e+06  9.092800e-02
  3.620000e+06  9.354200e-02  3.630000e+06  9.768400e-02  3.640000e+06  1.038700e-01
  3.650000e+06  1.127900e-01  3.660000e+06  1.251900e-01  3.670000e+06  1.414000e-01
  3.680000e+06  1.601400e-01  3.690000e+06  1.766900e-01  3.700000e+06  1.836800e-01
  3.710000e+06  1.773700e-01  3.720000e+06  1.622000e-01  3.730000e+06  1.454200e-01
  3.740000e+06  1.312900e-01  3.750000e+06  1.209200e-01  3.760000e+06  1.139200e-01
  3.770000e+06  1.096300e-01  3.780000e+06  1.074300e-01  3.790000e+06  1.068600e-01
  3.800000e+06  1.075700e-01  3.810000e+06  1.093400e-01  3.820000e+06  1.119900e-01
  3.830000e+06  1.153800e-01  3.840000e+06  1.194100e-01  3.850000e+06  1.239800e-01
  3.860000e+06  1.289700e-01  3.870000e+06  1.342700e-01  3.880000e+06  1.397300e-01
  3.890000e+06  1.452000e-01  3.900000e+06  1.504900e-01  3.910000e+06  1.554300e-01
  3.920000e+06  1.598000e-01  3.930000e+06  1.634100e-01  3.940000e+06  1.661200e-01
  3.950000e+06  1.678100e-01  3.960000e+06  1.684300e-01  3.970000e+06  1.679900e-01
  3.980000e+06  1.665500e-01  3.990000e+06  1.642600e-01  4.000000e+06  1.612600e-01
  4.010000e+06  1.576848e-01  4.020000e+06  1.537738e-01  4.030000e+06  1.497264e-01
  4.040000e+06  1.457432e-01  4.050000e+06  1.419560e-01  4.060000e+06  1.385580e-01
  4.070000e+06  1.356634e-01  4.080000e+06  1.334073e-01  4.090000e+06  1.319463e-01
  4.100000e+06  1.314584e-01  4.110000e+06  1.321337e-01  4.120000e+06  1.342047e-01
  4.130000e+06  1.379880e-01  4.140000e+06  1.438432e-01  4.150000e+06  1.521233e-01
  4.160000e+06  1.629982e-01  4.170000e+06  1.760798e-01  4.180000e+06  1.897963e-01
  4.190000e+06  2.012306e-01  4.200000e+06  2.069970e-01  4.210000e+06  2.058710e-01
  4.220000e+06  1.998360e-01  4.230000e+06  1.925830e-01  4.240000e+06  1.871590e-01
  4.250000e+06  1.852460e-01  4.260000e+06  1.874270e-01  4.270000e+06  1.936420e-01
  4.280000e+06  2.032920e-01  4.290000e+06  2.150200e-01  4.300000e+06  2.264780e-01
  4.310000e+06  2.345210e-01  4.320000e+06  2.362360e-01  4.330000e+06  2.305630e-01
  4.340000e+06  2.187870e-01  4.350000e+06  2.037040e-01  4.360000e+06  1.879870e-01
  4.370000e+06  1.734630e-01  4.380000e+06  1.609430e-01  4.390000e+06  1.506030e-01
  4.400000e+06  1.423150e-01  4.410000e+06  1.358300e-01  4.420000e+06  1.308540e-01
  4.430000e+06  1.271360e-01  4.440000e+06  1.244540e-01  4.450000e+06  1.226280e-01
  4.460000e+06  1.215200e-01  4.470000e+06  1.210350e-01  4.480000e+06  1.210460e-01
  4.490000e+06  1.215100e-01  4.500000e+06  1.223540e-01  4.510000e+06  1.234130e-01
  4.520000e+06  1.247560e-01  4.530000e+06  1.263610e-01  4.540000e+06  1.281760e-01
  4.550000e+06  1.301780e-01  4.560000e+06  1.323460e-01  4.570000e+06  1.346480e-01
  4.580000e+06  1.370610e-01  4.590000e+06  1.395430e-01  4.600000e+06  1.420810e-01
  4.610000e+06  1.446520e-01  4.620000e+06  1.472140e-01  4.630000e+06  1.497630e-01
  4.640000e+06  1.522460e-01  4.650000e+06  1.546590e-01  4.660000e+06  1.569890e-01
  4.670000e+06  1.591710e-01  4.680000e+06  1.612340e-01  4.690000e+06  1.631330e-01
  4.700000e+06  1.648460e-01  4.710000e+06  1.664010e-01  4.720000e+06  1.677460e-01
  4.730000e+06  1.689290e-01  4.740000e+06  1.699210e-01  4.750000e+06  1.707520e-01
  4.760000e+06  1.714240e-01  4.770000e+06  1.719920e-01  4.780000e+06  1.724580e-01
  4.790000e+06  1.728890e-01  4.800000e+06  1.733340e-01  4.810000e+06  1.738540e-01
  4.820000e+06  1.745200e-01  4.830000e+06  1.754410e-01  4.840000e+06  1.767410e-01
  4.850000e+06  1.785760e-01  4.860000e+06  1.811670e-01  4.870000e+06  1.847620e-01
  4.880000e+06  1.896510e-01  4.890000e+06  1.962400e-01  4.900000e+06  2.048850e-01
  4.910000e+06  2.157470e-01  4.920000e+06  2.284020e-01  4.930000e+06  2.412280e-01
  4.940000e+06  2.510900e-01  4.950000e+06  2.543880e-01  4.960000e+06  2.495710e-01
  4.970000e+06  2.385070e-01  4.980000e+06  2.248740e-01  4.990000e+06  2.116750e-01
  5.000000e+06  1.603680e-01  5.010000e+06  1.540854e-01  5.020000e+06  1.495356e-01
  5.030000e+06  1.465050e-01  5.040000e+06  1.447544e-01  5.050000e+06  1.440929e-01
  5.060000e+06  1.443391e-01  5.070000e+06  1.453610e-01  5.080000e+06  1.470354e-01
  5.090000e+06  1.492329e-01  5.100000e+06  1.517524e-01  5.110000e+06  1.544323e-01
  5.120000e+06  1.570206e-01  5.130000e+06  1.592595e-01  5.140000e+06  1.609500e-01
  5.150000e+06  1.619155e-01  5.160000e+06  1.621009e-01  5.167700e+06  1.616612e-01
  5.170000e+06  1.615298e-01  5.180000e+06  1.603568e-01  5.190000e+06  1.587482e-01
  5.200000e+06  1.569236e-01  5.210000e+06  1.550161e-01  5.220000e+06  1.531972e-01
  5.230000e+06  1.515423e-01  5.240000e+06  1.501094e-01  5.250000e+06  1.489405e-01
  5.260000e+06  1.480126e-01  5.270000e+06  1.473337e-01  5.280000e+06  1.468889e-01
  5.290000e+06  1.466970e-01  5.300000e+06  1.467571e-01  5.310000e+06  1.471243e-01
  5.320000e+06  1.479275e-01  5.330000e+06  1.496166e-01  5.340000e+06  1.535249e-01
  5.350000e+06  1.645772e-01  5.360000e+06  1.900349e-01  5.370000e+06  1.744709e-01
  5.380000e+06  1.578087e-01  5.390000e+06  1.525508e-01  5.400000e+06  1.506899e-01
  5.410000e+06  1.500173e-01  5.420000e+06  1.498596e-01  5.430000e+06  1.499754e-01
  5.440000e+06  1.502738e-01  5.450000e+06  1.507206e-01  5.460000e+06  1.513030e-01
  5.470000e+06  1.520528e-01  5.480000e+06  1.529795e-01  5.490000e+06  1.541169e-01
  5.500000e+06  1.555293e-01  5.510000e+06  1.572125e-01  5.520000e+06  1.592760e-01
  5.530000e+06  1.617607e-01  5.540000e+06  1.647200e-01  5.550000e+06  1.682235e-01
  5.560000e+06  1.722616e-01  5.570000e+06  1.768483e-01  5.580000e+06  1.818821e-01
  5.590000e+06  1.871668e-01  5.600000e+06  1.923764e-01  5.610000e+06  1.970381e-01
  5.620000e+06  2.006058e-01  5.630000e+06  2.025288e-01  5.640000e+06  2.023818e-01
  5.650000e+06  1.999968e-01  5.660000e+06  1.956102e-01  5.670000e+06  1.895675e-01
  5.680000e+06  1.824602e-01  5.690000e+06  1.748376e-01  5.700000e+06  1.671432e-01
  5.710000e+06  1.596961e-01  5.720000e+06  1.526718e-01  5.730000e+06  1.462157e-01
  5.740000e+06  1.403113e-01  5.750000e+06  1.349880e-01  5.760000e+06  1.302091e-01
  5.770000e+06  1.259103e-01  5.780000e+06  1.220560e-01  5.790000e+06  1.186194e-01
  5.800000e+06  1.155394e-01  5.810000e+06  1.127795e-01  5.820000e+06  1.103302e-01
  5.830000e+06  1.081403e-01  5.840000e+06  1.061991e-01  5.850000e+06  1.045001e-01
  5.860000e+06  1.030107e-01  5.870000e+06  1.017292e-01  5.880000e+06  1.006594e-01
  5.890000e+06  9.978130e-02  5.900000e+06  9.909970e-02  5.910000e+06  9.861800e-02
  5.920000e+06  9.833360e-02  5.930000e+06  9.825930e-02  5.940000e+06  9.839790e-02
  5.950000e+06  9.876500e-02  5.960000e+06  9.936850e-02  5.970000e+06  1.002304e-01
  5.980000e+06  1.013602e-01  5.990000e+06  1.027899e-01  6.000000e+06  1.045304e-01
  6.050000e+06  1.185404e-01  6.100000e+06  1.419297e-01  6.150000e+06  1.633400e-01
  6.200000e+06  1.581898e-01  6.250000e+06  1.306400e-01  6.300000e+06  1.039095e-01
  6.350000e+06  8.528200e-02  6.400000e+06  7.318050e-02  6.450000e+06  6.532830e-02
  6.486270e+06  6.164951e-02  6.500000e+06  6.025690e-02  6.550000e+06  5.706970e-02
  6.600000e+06  5.554550e-02  6.650000e+06  5.572102e-02  6.700000e+06  5.811786e-02
  6.746710e+06  6.383819e-02  6.750000e+06  6.424110e-02  6.800000e+06  7.711320e-02
  6.850000e+06  1.002802e-01  6.900000e+06  1.191097e-01  6.950000e+06  1.067395e-01
  7.000000e+06  9.010732e-02  7.050000e+06  8.342070e-02  7.100000e+06  8.519440e-02
  7.150000e+06  9.269800e-02  7.200000e+06  1.037003e-01  7.250000e+06  1.145105e-01
  7.300000e+06  1.200305e-01  7.350000e+06  1.178597e-01  7.400000e+06  1.113208e-01
  7.450000e+06  1.058999e-01  7.500000e+06  1.056194e-01  7.543030e+06  1.121694e-01
  7.550000e+06  1.132304e-01  7.600000e+06  1.290398e-01  7.650000e+06  1.485503e-01
  7.700000e+06  1.577098e-01  7.750000e+06  1.463097e-01  7.800000e+06  1.245199e-01
  7.850000e+06  1.056705e-01  7.900000e+06  9.396250e-02  7.950000e+06  8.892750e-02
  8.000000e+06  8.923000e-02  8.050000e+06  9.308540e-02  8.100000e+06  9.755380e-02
  8.150000e+06  9.853490e-02  8.200000e+06  9.383000e-02  8.250000e+06  8.529610e-02
  8.300000e+06  7.632760e-02  8.350000e+06  6.898004e-02  8.400000e+06  6.383586e-02
  8.450000e+06  6.080148e-02  8.500000e+06  5.966043e-02  8.550000e+06  6.023848e-02
  8.600000e+06  6.253838e-02  8.650000e+06  6.660121e-02  8.700000e+06  7.243074e-02
  8.750000e+06  7.977161e-02  8.800000e+06  8.775691e-02  8.850000e+06  9.474990e-02
  8.900000e+06  9.891840e-02  8.950000e+06  9.956640e-02  9.000000e+06  9.780448e-02
  9.050000e+06  9.551268e-02  9.100000e+06  9.439938e-02  9.150000e+06  9.505553e-02
  9.200000e+06  9.697287e-02  9.250000e+06  9.865732e-02  9.300000e+06  9.830810e-02
  9.350000e+06  9.503225e-02  9.400000e+06  8.953076e-02  9.450000e+06  8.331897e-02
  9.500000e+06  7.770861e-02  9.550000e+06  7.330491e-02  9.600000e+06  7.041749e-02
  9.650000e+06  6.908397e-02  9.700000e+06  6.927832e-02  9.750000e+06  7.098530e-02
  9.800000e+06  7.414394e-02  9.850000e+06  7.848744e-02  9.900000e+06  8.330062e-02
  9.950000e+06  8.729412e-02  1.000000e+07  8.901001e-02  1.005000e+07  8.765628e-02
  1.010000e+07  8.404846e-02  1.015000e+07  7.952167e-02  1.020000e+07  7.517021e-02
  1.025000e+07  7.154789e-02  1.030000e+07  6.879838e-02  1.035000e+07  6.686844e-02
  1.040000e+07  6.563704e-02  1.045000e+07  6.497661e-02  1.050000e+07  6.478446e-02
  1.055000e+07  6.488024e-02  1.060000e+07  6.528665e-02  1.065000e+07  6.595667e-02
  1.070000e+07  6.684594e-02  1.075000e+07  6.792254e-02  1.080000e+07  6.916074e-02
  1.085000e+07  7.053820e-02  1.090000e+07  7.204079e-02  1.095000e+07  7.365110e-02
  1.100000e+07  7.535114e-02  1.105000e+07  7.699741e-02  1.110000e+07  7.870821e-02
  1.115000e+07  8.047521e-02  1.120000e+07  8.228300e-02  1.125000e+07  8.412679e-02
  1.130000e+07  8.599628e-02  1.135000e+07  8.788139e-02  1.140000e+07  8.976188e-02
  1.145000e+07  9.159630e-02  1.150000e+07  9.306727e-02  1.155000e+07  9.468497e-02
  1.160000e+07  9.624152e-02  1.165000e+07  9.772886e-02  1.170000e+07  9.913773e-02
  1.175000e+07  1.004499e-01  1.180000e+07  1.016503e-01  1.185000e+07  1.027292e-01
  1.190000e+07  1.036602e-01  1.195000e+07  1.044199e-01  1.200000e+07  1.049994e-01
  1.205000e+07  1.058195e-01  1.210000e+07  1.065595e-01  1.215000e+07  1.072194e-01
  1.220000e+07  1.078104e-01  1.225000e+07  1.083108e-01  1.230000e+07  1.087310e-01
  1.235000e+07  1.090692e-01  1.240000e+07  1.093295e-01  1.245000e+07  1.095104e-01
  1.250000e+07  1.096105e-01  1.255000e+07  1.103296e-01  1.260000e+07  1.110801e-01
  1.265000e+07  1.118394e-01  1.270000e+07  1.126297e-01  1.275000e+07  1.134498e-01
  1.280000e+07  1.142998e-01  1.285000e+07  1.151701e-01  1.290000e+07  1.160795e-01
  1.295000e+07  1.170200e-01  1.300000e+07  1.179792e-01  1.305000e+07  1.185708e-01
  1.310000e+07  1.191700e-01  1.315000e+07  1.197497e-01  1.320000e+07  1.203203e-01
  1.325000e+07  1.208900e-01  1.330000e+07  1.214307e-01  1.335000e+07  1.219295e-01
  1.340000e+07  1.223999e-01  1.345000e+07  1.228292e-01  1.350000e+07  1.231996e-01
  1.355000e+07  1.236698e-01  1.360000e+07  1.240900e-01  1.365000e+07  1.244706e-01
  1.370000e+07  1.247799e-01  1.375000e+07  1.250200e-01  1.380000e+07  1.251901e-01
  1.385000e+07  1.252902e-01  1.390000e+07  1.253096e-01  1.395000e+07  1.252398e-01
  1.400000e+07  1.250896e-01  1.405000e+07  1.249205e-01  1.410000e+07  1.246702e-01
  1.415000e+07  1.243399e-01  1.420000e+07  1.239101e-01  1.425000e+07  1.234199e-01
  1.430000e+07  1.228500e-01  1.435000e+07  1.222101e-01  1.440000e+07  1.214995e-01
  1.445000e+07  1.207197e-01  1.450000e+07  1.198800e-01  1.455000e+07  1.189301e-01
  1.460000e+07  1.179399e-01  1.465000e+07  1.168999e-01  1.470000e+07  1.158099e-01
  1.475000e+07  1.146999e-01  1.480000e+07  1.135399e-01  1.485000e+07  1.123701e-01
  1.490000e+07  1.111899e-01  1.495000e+07  1.099798e-01  1.500000e+07  1.087596e-01
             4
             6
  1.091470e+01             3             1
  1.000000e+00  1.000000e+00             0             1
  1.581550e+05  1.581550e+05             2
             1
             2             2
  1.000000e-05  1.000000e+00  1.500000e+07  1.000000e+00
          5011             2             2            31
             1
            31            22
  1.000000e-05            11             0             2
  0.000000e+00  0.000000e+00  0.000000e+00
  2.634500e+04  1.207230e-06  0.000000e+00
  7.905500e+04  3.664980e-06  0.000000e+00
  1.317550e+05  5.810840e-06  0.000000e+00
  1.844550e+05  6.102080e-06  0.000000e+00
  2.371550e+05  2.483330e-06  0.000000e+00
  2.898550e+05  2.918210e-09  0.000000e+00
  3.425550e+05  2.492190e-09  0.000000e+00
  3.952550e+05  1.851680e-09  0.000000e+00
  4.479550e+05  1.005530e-09  0.000000e+00
  5.006550e+05  0.000000e+00  0.000000e+00
  5.000000e+05            11             0             2
  0.000000e+00  0.000000e+00  0.000000e+00
  2.634500e+04  1.207230e-06  0.000000e+00
  7.905500e+04  3.664980e-06  0.000000e+00
  1.317550e+05  5.810840e-06  0.000000e+00
  1.844550e+05  6.102080e-06  0.000000e+00
  2.371550e+05  2.483330e-06  0.000000e+00
  2.898550e+05  2.918210e-09  0.000000e+00
  3.425550e+05  2.492190e-09  0.000000e+00
  3.952550e+05  1.851680e-09  0.000000e+00
  4.479550e+05  1.005530e-09  0.000000e+00
  5.006550e+05  0.000000e+00  0.000000e+00
  1.000000e+06            11             0             2
  0.000000e+00  0.000000e+00  0.000000e+00
  4.476000e+04  7.105750e-07  0.000000e+00
  1.342400e+05  2.158000e-06  0.000000e+00
  2.238400e+05  3.420520e-06  0.000000e+00
  3.133400e+05  3.592730e-06  0.000000e+00
  4.028400e+05  1.461300e-06  0.000000e+00
  4.923400e+05  1.718130e-09  0.000000e+00
  5.818400e+05  1.467200e-09  0.000000e+00
  6.714400e+05  1.090320e-09  0.000000e+00
  7.609400e+05  5.919980e-10  0.000000e+00
  8.504400e+05  0.000000e+00  0.000000e+00
  1.500000e+06            11             0             2
  0.000000e+00  0.000000e+00  0.000000e+00
  6.315000e+04  5.034120e-07  0.000000e+00
  1.895500e+05  1.529130e-06  0.000000e+00
  3.158500e+05  2.423580e-06  0.000000e+00
  4.422500e+05  2.545590e-06  0.000000e+00
  5.685500e+05  1.035160e-06  0.000000e+00
  6.949500e+05  1.217200e-09  0.000000e+00
  8.212500e+05  1.040080e-09  0.000000e+00
  9.478500e+05  7.724360e-10  0.000000e+00
  1.073850e+06  4.194770e-10  0.000000e+00
  1.199850e+06  0.000000e+00  0.000000e+00
  2.000000e+06            11             0             2
  0.000000e+00  0.000000e+00  0.000000e+00
  8.160000e+04  3.897650e-07  0.000000e+00
  2.447000e+05  1.183760e-06  0.000000e+00
  4.079000e+05  1.876500e-06  0.000000e+00
  5.711000e+05  1.970960e-06  0.000000e+00
  7.343000e+05  8.019640e-07  0.000000e+00
  8.974000e+05  9.424800e-10  0.000000e+00
  1.060400e+06  8.050150e-10  0.000000e+00
  1.223400e+06  5.980780e-10  0.000000e+00
  1.387400e+06  3.248200e-10  0.000000e+00
  1.551400e+06  0.000000e+00  0.000000e+00
  2.500000e+06            11             0             2
  0.000000e+00  0.000000e+00  0.000000e+00
  1.000000e+05  3.180470e-07  0.000000e+00
  3.000000e+05  9.658510e-07  0.000000e+00
  5.000000e+05  1.531190e-06  0.000000e+00
  7.000000e+05  1.607950e-06  0.000000e+00
  9.000000e+05  6.542990e-07  0.000000e+00
  1.100000e+06  7.689410e-10  0.000000e+00
  1.300000e+06  6.568570e-10  0.000000e+00
  1.500000e+06  4.879930e-10  0.000000e+00
  1.700000e+06  2.650060e-10  0.000000e+00
  1.900000e+06  0.000000e+00  0.000000e+00
  3.000000e+06            13             0             2
  0.000000e+00  0.000000e+00  0.000000e+00
  1.000000e+05  1.575550e-07  0.000000e+00
  3.000000e+05  5.160210e-07  0.000000e+00
  5.000000e+05  9.297510e-07  0.000000e+00
  7.000000e+05  1.262020e-06  0.000000e+00
  9.000000e+05  1.178680e-06  0.000000e+00
  1.100000e+06  7.970000e-07  0.000000e+00
  1.300000e+06  1.964470e-07  0.000000e+00
  1.500000e+06  7.175280e-10  0.000000e+00
  1.700000e+06  5.839840e-10  0.000000e+00
  1.900000e+06  4.100590e-10  0.000000e+00
  2.100000e+06  1.972410e-10  0.000000e+00
  2.300000e+06  0.000000e+00  0.000000e+00
  3.500000e+06            15             0             2
  0.000000e+00  0.000000e+00  0.000000e+00
  1.000000e+05  9.613750e-08  0.000000e+00
  3.000000e+05  3.264300e-07  0.000000e+00
  5.000000e+05  6.201170e-07  0.000000e+00
  7.000000e+05  9.137040e-07  0.000000e+00
  9.000000e+05  9.832700e-07  0.000000e+00
  1.100000e+06  8.950940e-07  0.000000e+00
  1.300000e+06  7.128710e-07  0.000000e+00
  1.500000e+06  4.314240e-07  0.000000e+00
  1.700000e+06  4.362020e-08  0.000000e+00
  1.900000e+06  5.418930e-10  0.000000e+00
  2.100000e+06  4.250550e-10  0.000000e+00
  2.300000e+06  2.832370e-10  0.000000e+00
  2.500000e+06  1.172360e-10  0.000000e+00
  2.700000e+06  0.000000e+00  0.000000e+00
  4.000000e+06            17             0             2
  0.000000e+00  0.000000e+00  0.000000e+00
  1.000000e+05  6.574410e-08  0.000000e+00
  3.000000e+05  2.276520e-07  0.000000e+00
  5.000000e+05  4.444400e-07  0.000000e+00
  7.000000e+05  6.805650e-07  0.000000e+00
  9.000000e+05  7.751540e-07  0.000000e+00
  1.100000e+06  7.715660e-07  0.000000e+00
  1.300000e+06  7.193380e-07  0.000000e+00
  1.500000e+06  6.170730e-07  0.000000e+00
  1.700000e+06  4.621820e-07  0.000000e+00
  1.900000e+06  2.510750e-07  0.000000e+00
  2.100000e+06  5.481000e-10  0.000000e+00
  2.300000e+06  4.569990e-10  0.000000e+00
  2.500000e+06  3.471600e-10  0.000000e+00
  2.700000e+06  2.191800e-10  0.000000e+00
  2.900000e+06  7.372790e-11  0.000000e+00
  3.100000e+06  0.000000e+00  0.000000e+00
  4.500000e+06            19             0             2
  0.000000e+00  0.000000e+00  0.000000e+00
  1.000000e+05  4.877970e-08  0.000000e+00
  3.000000e+05  1.699810e-07  0.000000e+00
  5.000000e+05  3.363710e-07  0.000000e+00
  7.000000e+05  5.259040e-07  0.000000e+00
  9.000000e+05  6.166800e-07  0.000000e+00
  1.100000e+06  6.396230e-07  0.000000e+00
  1.300000e+06  6.338370e-07  0.000000e+00
  1.500000e+06  5.994220e-07  0.000000e+00
  1.700000e+06  5.355800e-07  0.000000e+00
  1.900000e+06  4.408130e-07  0.000000e+00
  2.100000e+06  3.133280e-07  0.000000e+00
  2.300000e+06  1.504290e-07  0.000000e+00
  2.500000e+06  5.063520e-10  0.000000e+00
  2.700000e+06  4.126830e-10  0.000000e+00
  2.900000e+06  3.040500e-10  0.000000e+00
  3.100000e+06  1.809540e-10  0.000000e+00
  3.300000e+06  4.382200e-11  0.000000e+00
  3.500000e+06  0.000000e+00  0.000000e+00
  5.000000e+06            21             0             2
  0.000000e+00  0.000000e+00  0.000000e+00
  1.000000e+05  3.880490e-08  0.000000e+00
  3.000000e+05  1.351380e-07  0.000000e+00
  5.000000e+05  2.679810e-07  0.000000e+00
  7.000000e+05  4.221830e-07  0.000000e+00
  9.000000e+05  5.026270e-07  0.000000e+00
  1.100000e+06  5.330680e-07  0.000000e+00
  1.300000e+06  5.448450e-07  0.000000e+00
  1.500000e+06  5.384580e-07  0.000000e+00
  1.700000e+06  5.137060e-07  0.000000e+00
  1.900000e+06  4.704890e-07  0.000000e+00
  2.100000e+06  4.077110e-07  0.000000e+00
  2.300000e+06  3.244720e-07  0.000000e+00
  2.500000e+06  2.190760e-07  0.000000e+00
  2.700000e+06  8.982610e-08  0.000000e+00
  2.900000e+06  4.828650e-10  0.000000e+00
  3.100000e+06  3.854540e-10  0.000000e+00
  3.300000e+06  2.753670e-10  0.000000e+00
  3.500000e+06  1.531040e-10  0.000000e+00
  3.700000e+06  1.878360e-11  0.000000e+00
  3.900000e+06  0.000000e+00  0.000000e+00
  5.500000e+06            22             0             2
  0.000000e+00  0.000000e+00  0.000000e+00
  1.000000e+05  3.251700e-08  1.475000e-03
  3.000000e+05  1.130160e-07  1.510000e-03
  5.000000e+05  2.236350e-07  1.536000e-03
  7.000000e+05  3.524250e-07  1.587000e-03
  9.000000e+05  4.209130e-07  1.634000e-03
  1.100000e+06  4.504650e-07  1.678000e-03
  1.300000e+06  4.681360e-07  1.720000e-03
  1.500000e+06  4.737270e-07  1.768000e-03
  1.700000e+06  4.671380e-07  1.828000e-03
  1.900000e+06  4.483690e-07  1.906000e-03
  2.100000e+06  4.172190e-07  2.015000e-03
  2.300000e+06  3.731910e-07  2.177000e-03
  2.500000e+06  3.155850e-07  2.441000e-03
  2.700000e+06  2.436030e-07  2.937000e-03
  2.900000e+06  1.558460e-07  4.156000e-03
  3.100000e+06  5.110660e-08  1.111000e-02
  3.300000e+06  4.758240e-10  1.000000e+00
  3.500000e+06  3.722930e-10  1.000000e+00
  3.700000e+06  2.574800e-10  1.000000e+00
  3.900000e+06  1.316850e-10  1.000000e+00
  4.100000e+06  0.000000e+00  1.000000e+00
  6.000000e+06            24             0             2
  0.000000e+00  0.000000e+00  0.000000e+00
  1.000000e+05  2.829990e-08  1.813000e-03
  3.000000e+05  9.817090e-08  1.874000e-03
  5.000000e+05  1.939250e-07  1.927000e-03
  7.000000e+05  3.049680e-07  1.969000e-03
  9.000000e+05  3.637840e-07  2.006000e-03
  1.100000e+06  3.895480e-07  2.072000e-03
  1.300000e+06  4.066240e-07  2.132000e-03
  1.500000e+06  4.158110e-07  2.188000e-03
  1.700000e+06  4.175080e-07  2.245000e-03
  1.900000e+06  4.109180e-07  2.310000e-03
  2.100000e+06  3.959390e-07  2.392000e-03
  2.300000e+06  3.724720e-07  2.500000e-03
  2.500000e+06  3.401180e-07  2.651000e-03
  2.700000e+06  2.985770e-07  2.880000e-03
  2.900000e+06  2.471500e-07  3.260000e-03
  3.100000e+06  1.851380e-07  3.995000e-03
  3.300000e+06  1.115420e-07  5.932000e-03
  3.500000e+06  2.539400e-08  2.256000e-02
  3.700000e+06  4.732290e-10  1.000000e+00
  3.900000e+06  3.629850e-10  1.000000e+00
  4.100000e+06  2.423560e-10  1.000000e+00
  4.300000e+06  1.116420e-10  1.000000e+00
  4.500000e+06  0.000000e+00  1.000000e+00
  6.500000e+06            26             0             2
  0.000000e+00  0.000000e+00  0.000000e+00
  1.000000e+05  2.526770e-08  2.147000e-03
  3.000000e+05  8.767790e-08  2.232000e-03
  5.000000e+05  1.730790e-07  2.314000e-03
  7.000000e+05  2.717530e-07  2.389000e-03
  9.000000e+05  3.234870e-07  2.453000e-03
  1.100000e+06  3.458580e-07  2.504000e-03
  1.300000e+06  3.606390e-07  2.557000e-03
  1.500000e+06  3.693280e-07  2.639000e-03
  1.700000e+06  3.728230e-07  2.714000e-03
  1.900000e+06  3.714250e-07  2.784000e-03
  2.100000e+06  3.648340e-07  2.858000e-03
  2.300000e+06  3.524490e-07  2.944000e-03
  2.500000e+06  3.340730e-07  3.053000e-03
  2.700000e+06  3.094040e-07  3.199000e-03
  2.900000e+06  2.783440e-07  3.406000e-03
  3.100000e+06  2.403930e-07  3.721000e-03
  3.300000e+06  1.950510e-07  4.254000e-03
  3.500000e+06  1.417190e-07  5.323000e-03
  3.700000e+06  7.962820e-08  8.394000e-03
  3.900000e+06  7.953830e-09  7.194000e-02
  4.100000e+06  4.660040e-10  1.000000e+00
  4.300000e+06  3.500530e-10  1.000000e+00
  4.500000e+06  2.247130e-10  1.000000e+00
  4.700000e+06  8.999500e-11  1.000000e+00
  4.900000e+06  0.000000e+00  1.000000e+00
  7.000000e+06            28             0             2
  0.000000e+00  0.000000e+00  0.000000e+00
  1.000000e+05  2.295340e-08  2.513000e-03
  3.000000e+05  7.973750e-08  2.624000e-03
  5.000000e+05  1.575170e-07  2.734000e-03
  7.000000e+05  2.472130e-07  2.841000e-03
  9.000000e+05  2.940590e-07  2.942000e-03
  1.100000e+06  3.138360e-07  3.033000e-03
  1.300000e+06  3.266210e-07  3.111000e-03
  1.500000e+06  3.340130e-07  3.172000e-03
  1.700000e+06  3.370090e-07  3.247000e-03
  1.900000e+06  3.364100e-07  3.348000e-03
  2.100000e+06  3.327140e-07  3.441000e-03
  2.300000e+06  3.258220e-07  3.530000e-03
  2.500000e+06  3.152340e-07  3.626000e-03
  2.700000e+06  3.004520e-07  3.740000e-03
  2.900000e+06  2.810740e-07  3.885000e-03
  3.100000e+06  2.572020e-07  4.081000e-03
  3.300000e+06  2.283350e-07  4.362000e-03
  3.500000e+06  1.943750e-07  4.796000e-03
  3.700000e+06  1.546210e-07  5.545000e-03
  3.900000e+06  1.087740e-07  7.107000e-03
  4.100000e+06  5.611490e-08  1.209000e-02
  4.300000e+06  5.746340e-10  1.000000e+00
  4.500000e+06  4.614650e-10  1.000000e+00
  4.700000e+06  3.392070e-10  1.000000e+00
  4.900000e+06  2.080590e-10  1.000000e+00
  5.100000e+06  6.818090e-11  1.000000e+00
  5.300000e+06  0.000000e+00  1.000000e+00
  7.500000e+06            30             0             2
  0.000000e+00  0.000000e+00  0.000000e+00
  1.000000e+05  2.107800e-08  2.957000e-03
  3.000000e+05  7.339340e-08  3.093000e-03
  5.000000e+05  1.452480e-07  3.232000e-03
  7.000000e+05  2.282620e-07  3.373000e-03
  9.000000e+05  2.715170e-07  3.512000e-03
  1.100000e+06  2.896980e-07  3.647000e-03
  1.300000e+06  3.011860e-07  3.772000e-03
  1.500000e+06  3.074790e-07  3.885000e-03
  1.700000e+06  3.096770e-07  3.980000e-03
  1.900000e+06  3.087780e-07  4.052000e-03
  2.100000e+06  3.053810e-07  4.158000e-03
  2.300000e+06  2.999870e-07  4.285000e-03
  2.500000e+06  2.925950e-07  4.402000e-03
  2.700000e+06  2.829050e-07  4.516000e-03
  2.900000e+06  2.707170e-07  4.641000e-03
  3.100000e+06  2.551340e-07  4.793000e-03
  3.300000e+06  2.363530e-07  4.989000e-03
  3.500000e+06  2.139770e-07  5.255000e-03
  3.700000e+06  1.878040e-07  5.640000e-03
  3.900000e+06  1.575360e-07  6.243000e-03
  4.100000e+06  1.228720e-07  7.310000e-03
  4.300000e+06  8.342290e-08  9.632000e-03
  4.500000e+06  3.864970e-08  1.810000e-02
  4.700000e+06  5.861880e-10  1.000000e+00
  4.900000e+06  4.640160e-10  1.000000e+00
  5.100000e+06  3.331520e-10  1.000000e+00
  5.300000e+06  1.936980e-10  1.000000e+00
  5.500000e+06  4.594200e-11  1.000000e+00
  5.700000e+06  0.000000e+00  1.000000e+00
  8.000000e+06            32             0             2
  0.000000e+00  0.000000e+00  0.000000e+00
  1.000000e+05  1.952050e-08  3.539000e-03
  3.000000e+05  6.817170e-08  3.704000e-03
  5.000000e+05  1.352650e-07  3.876000e-03
  7.000000e+05  2.129870e-07  4.054000e-03
  9.000000e+05  2.537460e-07  4.235000e-03
  1.100000e+06  2.710290e-07  4.417000e-03
  1.300000e+06  2.818180e-07  4.596000e-03
  1.500000e+06  2.875120e-07  4.768000e-03
  1.700000e+06  2.892100e-07  4.927000e-03
  1.900000e+06  2.879120e-07  5.069000e-03
  2.100000e+06  2.843150e-07  5.186000e-03
  2.300000e+06  2.790210e-07  5.273000e-03
  2.500000e+06  2.723270e-07  5.426000e-03
  2.700000e+06  2.643350e-07  5.586000e-03
  2.900000e+06  2.552440e-07  5.737000e-03
  3.100000e+06  2.445550e-07  5.887000e-03
  3.300000e+06  2.318680e-07  6.055000e-03
  3.500000e+06  2.166830e-07  6.261000e-03
  3.700000e+06  1.989010e-07  6.530000e-03
  3.900000e+06  1.783210e-07  6.897000e-03
  4.100000e+06  1.548450e-07  7.435000e-03
  4.300000e+06  1.281720e-07  8.292000e-03
  4.500000e+06  9.794190e-08  9.844000e-03
  4.700000e+06  6.390600e-08  1.340000e-02
  4.900000e+06  2.564430e-08  2.883000e-02
  5.100000e+06  6.131860e-10  1.000000e+00
  5.300000e+06  4.782210e-10  1.000000e+00
  5.500000e+06  3.345650e-10  1.000000e+00
  5.700000e+06  1.824170e-10  1.000000e+00
  5.900000e+06  2.200800e-11  1.000000e+00
  6.100000e+06  0.000000e+00  1.000000e+00
  8.500000e+06            33             0             2
  0.000000e+00  0.000000e+00  0.000000e+00
  1.000000e+05  1.818280e-08  4.291000e-03
  3.000000e+05  6.368970e-08  4.399000e-03
  5.000000e+05  1.267800e-07  4.604000e-03
  7.000000e+05  2.002100e-07  4.819000e-03
  9.000000e+05  2.390740e-07  5.042000e-03
  1.100000e+06  2.558580e-07  5.272000e-03
  1.300000e+06  2.663480e-07  5.505000e-03
  1.500000e+06  2.719430e-07  5.738000e-03
  1.700000e+06  2.736410e-07  5.966000e-03
  1.900000e+06  2.721420e-07  6.184000e-03
  2.100000e+06  2.684460e-07  6.384000e-03
  2.300000e+06  2.629510e-07  6.560000e-03
  2.500000e+06  2.562570e-07  6.703000e-03
  2.700000e+06  2.486650e-07  6.807000e-03
  2.900000e+06  2.403720e-07  7.023000e-03
  3.100000e+06  2.314810e-07  7.227000e-03
  3.300000e+06  2.216900e-07  7.419000e-03
  3.500000e+06  2.109000e-07  7.615000e-03
  3.700000e+06  1.984120e-07  7.839000e-03
  3.900000e+06  1.840260e-07  8.118000e-03
  4.100000e+06  1.675410e-07  8.483000e-03
  4.300000e+06  1.489590e-07  8.988000e-03
  4.500000e+06  1.279790e-07  9.735000e-03
  4.700000e+06  1.045010e-07  1.094000e-02
  4.900000e+06  7.817600e-08  1.319000e-02
  5.100000e+06  4.875380e-08  1.866000e-02
  5.300000e+06  1.593490e-08  4.891000e-02
  5.500000e+06  6.394950e-10  1.000000e+00
  5.700000e+06  4.909350e-10  1.000000e+00
  5.900000e+06  3.337840e-10  1.000000e+00
  6.100000e+06  1.680410e-10  1.000000e+00
  6.300000e+06  0.000000e+00  1.000000e+00
  9.000000e+06            35             0             2
  0.000000e+00  0.000000e+00  0.000000e+00
  1.000000e+05  1.700580e-08  5.000000e-03
  3.000000e+05  5.978010e-08  5.120000e-03
  5.000000e+05  1.193000e-07  5.234000e-03
  7.000000e+05  1.890420e-07  5.388000e-03
  9.000000e+05  2.264110e-07  5.640000e-03
  1.100000e+06  2.428970e-07  5.903000e-03
  1.300000e+06  2.534880e-07  6.175000e-03
  1.500000e+06  2.592830e-07  6.454000e-03
  1.700000e+06  2.611820e-07  6.736000e-03
  1.900000e+06  2.598830e-07  7.017000e-03
  2.100000e+06  2.562860e-07  7.291000e-03
  2.300000e+06  2.508900e-07  7.550000e-03
  2.500000e+06  2.440960e-07  7.786000e-03
  2.700000e+06  2.366020e-07  7.991000e-03
  2.900000e+06  2.284090e-07  8.156000e-03
  3.100000e+06  2.198160e-07  8.298000e-03
  3.300000e+06  2.110240e-07  8.559000e-03
  3.500000e+06  2.018310e-07  8.802000e-03
  3.700000e+06  1.921400e-07  9.035000e-03
  3.900000e+06  1.816480e-07  9.277000e-03
  4.100000e+06  1.697580e-07  9.559000e-03
  4.300000e+06  1.563690e-07  9.914000e-03
  4.500000e+06  1.413820e-07  1.038000e-02
  4.700000e+06  1.246960e-07  1.104000e-02
  4.900000e+06  1.061110e-07  1.201000e-02
  5.100000e+06  8.537870e-08  1.363000e-02
  5.300000e+06  6.240790e-08  1.672000e-02
  5.500000e+06  3.691920e-08  2.477000e-02
  5.700000e+06  8.649780e-09  8.981000e-02
  5.900000e+06  6.306730e-10  1.000000e+00
  6.100000e+06  4.761020e-10  1.000000e+00
  6.300000e+06  3.132380e-10  1.000000e+00
  6.500000e+06  1.423810e-10  1.000000e+00
  6.700000e+06  0.000000e+00  1.000000e+00
  9.500000e+06            37             0             2
  0.000000e+00  0.000000e+00  0.000000e+00
  1.000000e+05  1.596740e-08  5.583000e-03
  3.000000e+05  5.628560e-08  5.733000e-03
  5.000000e+05  1.127110e-07  5.879000e-03
  7.000000e+05  1.791590e-07  6.020000e-03
  9.000000e+05  2.152300e-07  6.153000e-03
  1.100000e+06  2.315180e-07  6.362000e-03
  1.300000e+06  2.423090e-07  6.659000e-03
  1.500000e+06  2.484040e-07  6.969000e-03
  1.700000e+06  2.507020e-07  7.289000e-03
  1.900000e+06  2.499030e-07  7.616000e-03
  2.100000e+06  2.467060e-07  7.945000e-03
  2.300000e+06  2.415100e-07  8.271000e-03
  2.500000e+06  2.350150e-07  8.587000e-03
  2.700000e+06  2.274210e-07  8.884000e-03
  2.900000e+06  2.193270e-07  9.153000e-03
  3.100000e+06  2.108340e-07  9.383000e-03
  3.300000e+06  2.021410e-07  9.565000e-03
  3.500000e+06  1.934480e-07  9.754000e-03
  3.700000e+06  1.846550e-07  1.005000e-02
  3.900000e+06  1.756620e-07  1.033000e-02
  4.100000e+06  1.663690e-07  1.061000e-02
  4.300000e+06  1.563770e-07  1.090000e-02
  4.500000e+06  1.452860e-07  1.124000e-02
  4.700000e+06  1.330950e-07  1.168000e-02
  4.900000e+06  1.195060e-07  1.225000e-02
  5.100000e+06  1.045180e-07  1.307000e-02
  5.300000e+06  8.805060e-08  1.431000e-02
  5.500000e+06  6.984500e-08  1.639000e-02
  5.700000e+06  4.977080e-08  2.051000e-02
  5.900000e+06  2.762820e-08  3.218000e-02
  6.100000e+06  3.199480e-09  2.341000e-01
  6.300000e+06  6.013260e-10  1.000000e+00
  6.500000e+06  4.457490e-10  1.000000e+00
  6.700000e+06  2.825770e-10  1.000000e+00
  6.900000e+06  1.119120e-10  1.000000e+00
  7.100000e+06  0.000000e+00  1.000000e+00
  1.000000e+07            39             0             2
  0.000000e+00  0.000000e+00  0.000000e+00
  1.000000e+05  1.503870e-08  6.196000e-03
  3.000000e+05  5.314000e-08  6.375000e-03
  5.000000e+05  1.067200e-07  6.553000e-03
  7.000000e+05  1.700720e-07  6.729000e-03
  9.000000e+05  2.049460e-07  6.902000e-03
  1.100000e+06  2.211330e-07  7.067000e-03
  1.300000e+06  2.321250e-07  7.222000e-03
  1.500000e+06  2.387200e-07  7.499000e-03
  1.700000e+06  2.415180e-07  7.850000e-03
  1.900000e+06  2.413180e-07  8.214000e-03
  2.100000e+06  2.386200e-07  8.589000e-03
  2.300000e+06  2.339240e-07  8.970000e-03
  2.500000e+06  2.278280e-07  9.353000e-03
  2.700000e+06  2.205340e-07  9.730000e-03
  2.900000e+06  2.125400e-07  1.009000e-02
  3.100000e+06  2.040460e-07  1.043000e-02
  3.300000e+06  1.954530e-07  1.074000e-02
  3.500000e+06  1.867590e-07  1.099000e-02
  3.700000e+06  1.780660e-07  1.119000e-02
  3.900000e+06  1.695720e-07  1.145000e-02
  4.100000e+06  1.611790e-07  1.179000e-02
  4.300000e+06  1.526850e-07  1.211000e-02
  4.500000e+06  1.439910e-07  1.243000e-02
  4.700000e+06  1.346980e-07  1.278000e-02
  4.900000e+06  1.245060e-07  1.320000e-02
  5.100000e+06  1.133150e-07  1.373000e-02
  5.300000e+06  1.011240e-07  1.444000e-02
  5.500000e+06  8.782380e-08  1.546000e-02
  5.700000e+06  7.319480e-08  1.703000e-02
  5.900000e+06  5.717690e-08  1.972000e-02
  6.100000e+06  3.961010e-08  2.525000e-02
  6.300000e+06  2.033470e-08  4.257000e-02
  6.500000e+06  7.232550e-10  1.000000e+00
  6.700000e+06  5.736680e-10  1.000000e+00
  6.900000e+06  4.168860e-10  1.000000e+00
  7.100000e+06  2.530090e-10  1.000000e+00
  7.300000e+06  8.210810e-11  1.000000e+00
  7.500000e+06  0.000000e+00  1.000000e+00
  1.050000e+07            41             0             2
  0.000000e+00  0.000000e+00  0.000000e+00
  1.000000e+05  1.418950e-08  7.082000e-03
  3.000000e+05  5.027280e-08  7.298000e-03
  5.000000e+05  1.012250e-07  7.516000e-03
  7.000000e+05  1.616800e-07  7.734000e-03
  9.000000e+05  1.954550e-07  7.951000e-03
  1.100000e+06  2.115430e-07  8.166000e-03
  1.300000e+06  2.226350e-07  8.375000e-03
  1.500000e+06  2.296300e-07  8.575000e-03
  1.700000e+06  2.330280e-07  8.761000e-03
  1.900000e+06  2.334270e-07  9.136000e-03
  2.100000e+06  2.314290e-07  9.563000e-03
  2.300000e+06  2.274320e-07  1.000000e-02
  2.500000e+06  2.218360e-07  1.046000e-02
  2.700000e+06  2.149410e-07  1.092000e-02
  2.900000e+06  2.073470e-07  1.138000e-02
  3.100000e+06  1.990530e-07  1.183000e-02
  3.300000e+06  1.905590e-07  1.226000e-02
  3.500000e+06  1.818650e-07  1.266000e-02
  3.700000e+06  1.732720e-07  1.301000e-02
  3.900000e+06  1.647780e-07  1.331000e-02
  4.100000e+06  1.564840e-07  1.354000e-02
  4.300000e+06  1.484900e-07  1.387000e-02
  4.500000e+06  1.405960e-07  1.428000e-02
  4.700000e+06  1.327020e-07  1.467000e-02
  4.900000e+06  1.246080e-07  1.505000e-02
  5.100000e+06  1.160140e-07  1.548000e-02
  5.300000e+06  1.068210e-07  1.601000e-02
  5.500000e+06  9.671840e-08  1.668000e-02
  5.700000e+06  8.577650e-08  1.760000e-02
  5.900000e+06  7.389530e-08  1.892000e-02
  6.100000e+06  6.094490e-08  2.097000e-02
  6.300000e+06  4.684530e-08  2.456000e-02
  6.500000e+06  3.144670e-08  3.228000e-02
  6.700000e+06  1.462920e-08  5.967000e-02
  6.900000e+06  7.232650e-10  1.000000e+00
  7.100000e+06  5.664810e-10  1.000000e+00
  7.300000e+06  4.027020e-10  1.000000e+00
  7.500000e+06  2.320280e-10  1.000000e+00
  7.700000e+06  5.454960e-11  1.000000e+00
  7.900000e+06  0.000000e+00  1.000000e+00
  1.100000e+07            43             0             2
  0.000000e+00  0.000000e+00  0.000000e+00
  1.000000e+05  1.343070e-08  8.707000e-03
  3.000000e+05  4.765700e-08  8.984000e-03
  5.000000e+05  9.616350e-08  9.265000e-03
  7.000000e+05  1.539930e-07  9.549000e-03
  9.000000e+05  1.865710e-07  9.835000e-03
  1.100000e+06  2.025600e-07  1.012000e-02
  1.300000e+06  2.138520e-07  1.041000e-02
  1.500000e+06  2.211470e-07  1.069000e-02
  1.700000e+06  2.250440e-07  1.096000e-02
  1.900000e+06  2.261440e-07  1.122000e-02
  2.100000e+06  2.247440e-07  1.147000e-02
  2.300000e+06  2.214470e-07  1.200000e-02
  2.500000e+06  2.165500e-07  1.256000e-02
  2.700000e+06  2.103540e-07  1.314000e-02
  2.900000e+06  2.031590e-07  1.372000e-02
  3.100000e+06  1.952650e-07  1.432000e-02
  3.300000e+06  1.869710e-07  1.491000e-02
  3.500000e+06  1.784770e-07  1.549000e-02
  3.700000e+06  1.698820e-07  1.604000e-02
  3.900000e+06  1.614880e-07  1.655000e-02
  4.100000e+06  1.531940e-07  1.699000e-02
  4.300000e+06  1.452000e-07  1.736000e-02
  4.500000e+06  1.374050e-07  1.763000e-02
  4.700000e+06  1.299100e-07  1.812000e-02
  4.900000e+06  1.227150e-07  1.864000e-02
  5.100000e+06  1.154200e-07  1.914000e-02
  5.300000e+06  1.080250e-07  1.965000e-02
  5.500000e+06  1.002310e-07  2.022000e-02
  5.700000e+06  9.178650e-08  2.093000e-02
  5.900000e+06  8.272280e-08  2.185000e-02
  6.100000e+06  7.292950e-08  2.311000e-02
  6.300000e+06  6.234690e-08  2.493000e-02
  6.500000e+06  5.088480e-08  2.782000e-02
  6.700000e+06  3.845340e-08  3.300000e-02
  6.900000e+06  2.494270e-08  4.468000e-02
  7.100000e+06  1.023290e-08  9.303000e-02
  7.300000e+06  7.816590e-10  1.000000e+00
  7.500000e+06  6.039820e-10  1.000000e+00
  7.700000e+06  4.189100e-10  1.000000e+00
  7.900000e+06  2.266430e-10  1.000000e+00
  8.100000e+06  2.713120e-11  1.000000e+00
  8.300000e+06  0.000000e+00  1.000000e+00
  1.150000e+07            44             0             2
  0.000000e+00  0.000000e+00  0.000000e+00
  1.000000e+05  1.272270e-08  1.174000e-02
  3.000000e+05  4.525410e-08  1.212000e-02
  5.000000e+05  9.148760e-08  1.252000e-02
  7.000000e+05  1.468160e-07  1.292000e-02
  9.000000e+05  1.782980e-07  1.332000e-02
  1.100000e+06  1.939890e-07  1.373000e-02
  1.300000e+06  2.053820e-07  1.414000e-02
  1.500000e+06  2.129780e-07  1.455000e-02
  1.700000e+06  2.173760e-07  1.496000e-02
  1.900000e+06  2.190750e-07  1.536000e-02
  2.100000e+06  2.183750e-07  1.575000e-02
  2.300000e+06  2.157760e-07  1.612000e-02
  2.500000e+06  2.115790e-07  1.654000e-02
  2.700000e+06  2.059820e-07  1.731000e-02
  2.900000e+06  1.994860e-07  1.811000e-02
  3.100000e+06  1.921900e-07  1.893000e-02
  3.300000e+06  1.842950e-07  1.977000e-02
  3.500000e+06  1.760990e-07  2.061000e-02
  3.700000e+06  1.677040e-07  2.145000e-02
  3.900000e+06  1.593090e-07  2.226000e-02
  4.100000e+06  1.511130e-07  2.302000e-02
  4.300000e+06  1.430180e-07  2.372000e-02
  4.500000e+06  1.353230e-07  2.433000e-02
  4.700000e+06  1.278270e-07  2.483000e-02
  4.900000e+06  1.207310e-07  2.519000e-02
  5.100000e+06  1.138350e-07  2.595000e-02
  5.300000e+06  1.072390e-07  2.668000e-02
  5.500000e+06  1.006420e-07  2.738000e-02
  5.700000e+06  9.386630e-08  2.811000e-02
  5.900000e+06  8.676030e-08  2.895000e-02
  6.100000e+06  7.914470e-08  3.000000e-02
  6.300000e+06  7.099940e-08  3.137000e-02
  6.500000e+06  6.224440e-08  3.326000e-02
  6.700000e+06  5.282980e-08  3.603000e-02
  6.900000e+06  4.266560e-08  4.047000e-02
  7.100000e+06  3.169190e-08  4.863000e-02
  7.300000e+06  1.980870e-08  6.796000e-02
  7.500000e+06  6.916040e-09  1.651000e-01
  7.700000e+06  9.292680e-10  1.000000e+00
  7.900000e+06  7.076950e-10  1.000000e+00
  8.100000e+06  4.774270e-10  1.000000e+00
  8.300000e+06  2.386630e-10  1.000000e+00
  8.500000e+06  0.000000e+00  1.000000e+00
  1.200000e+07            46             0             2
  0.000000e+00  0.000000e+00  0.000000e+00
  1.000000e+05  1.207220e-08  1.595000e-02
  3.000000e+05  4.302210e-08  1.649000e-02
  5.000000e+05  8.713360e-08  1.704000e-02
  7.000000e+05  1.401090e-07  1.760000e-02
  9.000000e+05  1.704900e-07  1.817000e-02
  1.100000e+06  1.859800e-07  1.874000e-02
  1.300000e+06  1.972720e-07  1.933000e-02
  1.500000e+06  2.051670e-07  1.992000e-02
  1.700000e+06  2.099640e-07  2.052000e-02
  1.900000e+06  2.121630e-07  2.111000e-02
  2.100000e+06  2.121630e-07  2.170000e-02
  2.300000e+06  2.102640e-07  2.228000e-02
  2.500000e+06  2.066660e-07  2.284000e-02
  2.700000e+06  2.018690e-07  2.337000e-02
  2.900000e+06  1.959730e-07  2.407000e-02
  3.100000e+06  1.892770e-07  2.518000e-02
  3.300000e+06  1.819820e-07  2.633000e-02
  3.500000e+06  1.741870e-07  2.751000e-02
  3.700000e+06  1.661920e-07  2.870000e-02
  3.900000e+06  1.579980e-07  2.990000e-02
  4.100000e+06  1.499030e-07  3.108000e-02
  4.300000e+06  1.419080e-07  3.222000e-02
  4.500000e+06  1.342130e-07  3.329000e-02
  4.700000e+06  1.267180e-07  3.426000e-02
  4.900000e+06  1.195230e-07  3.510000e-02
  5.100000e+06  1.127270e-07  3.577000e-02
  5.300000e+06  1.061310e-07  3.635000e-02
  5.500000e+06  9.993530e-08  3.744000e-02
  5.700000e+06  9.391920e-08  3.846000e-02
  5.900000e+06  8.792310e-08  3.945000e-02
  6.100000e+06  8.179700e-08  4.051000e-02
  6.300000e+06  7.534120e-08  4.175000e-02
  6.500000e+06  6.847570e-08  4.330000e-02
  6.700000e+06  6.116040e-08  4.535000e-02
  6.900000e+06  5.333550e-08  4.818000e-02
  7.100000e+06  4.495090e-08  5.239000e-02
  7.300000e+06  3.593670e-08  5.924000e-02
  7.500000e+06  2.623300e-08  7.211000e-02
  7.700000e+06  1.575980e-08  1.043000e-01
  7.900000e+06  4.437130e-09  3.121000e-01
  8.100000e+06  1.116280e-09  1.000000e+00
  8.300000e+06  8.363580e-10  1.000000e+00
  8.500000e+06  5.466460e-10  1.000000e+00
  8.700000e+06  2.469400e-10  1.000000e+00
  8.900000e+06  0.000000e+00  1.000000e+00
  1.250000e+07            48             0             2
  0.000000e+00  0.000000e+00  0.000000e+00
  1.000000e+05  1.149350e-08  1.911000e-02
  3.000000e+05  4.101660e-08  1.977000e-02
  5.000000e+05  8.321260e-08  2.044000e-02
  7.000000e+05  1.340240e-07  2.113000e-02
  9.000000e+05  1.634070e-07  2.183000e-02
  1.100000e+06  1.785980e-07  2.255000e-02
  1.300000e+06  1.898920e-07  2.328000e-02
  1.500000e+06  1.978870e-07  2.402000e-02
  1.700000e+06  2.029840e-07  2.477000e-02
  1.900000e+06  2.056830e-07  2.553000e-02
  2.100000e+06  2.061830e-07  2.629000e-02
  2.300000e+06  2.048830e-07  2.705000e-02
  2.500000e+06  2.020850e-07  2.780000e-02
  2.700000e+06  1.978870e-07  2.854000e-02
  2.900000e+06  1.925900e-07  2.925000e-02
  3.100000e+06  1.864940e-07  2.991000e-02
  3.300000e+06  1.796980e-07  3.093000e-02
  3.500000e+06  1.725020e-07  3.234000e-02
  3.700000e+06  1.649060e-07  3.379000e-02
  3.900000e+06  1.571110e-07  3.529000e-02
  4.100000e+06  1.492150e-07  3.680000e-02
  4.300000e+06  1.414190e-07  3.830000e-02
  4.500000e+06  1.337240e-07  3.978000e-02
  4.700000e+06  1.262280e-07  4.120000e-02
  4.900000e+06  1.190320e-07  4.252000e-02
  5.100000e+06  1.121360e-07  4.370000e-02
  5.300000e+06  1.056400e-07  4.471000e-02
  5.500000e+06  9.939340e-08  4.552000e-02
  5.700000e+06  9.346680e-08  4.636000e-02
  5.900000e+06  8.786000e-08  4.770000e-02
  6.100000e+06  8.239310e-08  4.897000e-02
  6.300000e+06  7.695620e-08  5.022000e-02
  6.500000e+06  7.138930e-08  5.158000e-02
  6.700000e+06  6.555270e-08  5.319000e-02
  6.900000e+06  5.936620e-08  5.523000e-02
  7.100000e+06  5.278990e-08  5.793000e-02
  7.300000e+06  4.578390e-08  6.172000e-02
  7.500000e+06  3.829820e-08  6.739000e-02
  7.700000e+06  3.029270e-08  7.675000e-02
  7.900000e+06  2.168770e-08  9.484000e-02
  8.100000e+06  1.243290e-08  1.430000e-01
  8.300000e+06  2.453600e-09  6.061000e-01
  8.500000e+06  1.185320e-09  1.000000e+00
  8.700000e+06  8.733030e-10  1.000000e+00
  8.900000e+06  5.502870e-10  1.000000e+00
  9.100000e+06  2.166770e-10  1.000000e+00
  9.300000e+06  0.000000e+00  1.000000e+00
  1.300000e+07            50             0             2
  0.000000e+00  0.000000e+00  0.000000e+00
  1.000000e+05  1.097350e-08  2.115000e-02
  3.000000e+05  3.921690e-08  2.189000e-02
  5.000000e+05  7.966310e-08  2.264000e-02
  7.000000e+05  1.285240e-07  2.342000e-02
  9.000000e+05  1.570080e-07  2.422000e-02
  1.100000e+06  1.717990e-07  2.503000e-02
  1.300000e+06  1.829920e-07  2.586000e-02
  1.500000e+06  1.910870e-07  2.671000e-02
  1.700000e+06  1.963840e-07  2.758000e-02
  1.900000e+06  1.994820e-07  2.846000e-02
  2.100000e+06  2.004820e-07  2.935000e-02
  2.300000e+06  1.996820e-07  3.024000e-02
  2.500000e+06  1.974840e-07  3.114000e-02
  2.700000e+06  1.938860e-07  3.204000e-02
  2.900000e+06  1.892880e-07  3.293000e-02
  3.100000e+06  1.837920e-07  3.379000e-02
  3.300000e+06  1.775950e-07  3.462000e-02
  3.500000e+06  1.707990e-07  3.540000e-02
  3.700000e+06  1.637040e-07  3.673000e-02
  3.900000e+06  1.563080e-07  3.840000e-02
  4.100000e+06  1.488120e-07  4.011000e-02
  4.300000e+06  1.412170e-07  4.186000e-02
  4.500000e+06  1.337210e-07  4.362000e-02
  4.700000e+06  1.263260e-07  4.537000e-02
  4.900000e+06  1.191300e-07  4.707000e-02
  5.100000e+06  1.122340e-07  4.870000e-02
  5.300000e+06  1.056380e-07  5.021000e-02
  5.500000e+06  9.931150e-08  5.155000e-02
  5.700000e+06  9.334500e-08  5.269000e-02
  5.900000e+06  8.768830e-08  5.357000e-02
  6.100000e+06  8.235150e-08  5.468000e-02
  6.300000e+06  7.727450e-08  5.622000e-02
  6.500000e+06  7.233740e-08  5.769000e-02
  6.700000e+06  6.742030e-08  5.916000e-02
  6.900000e+06  6.238330e-08  6.078000e-02
  7.100000e+06  5.709640e-08  6.273000e-02
  7.300000e+06  5.150970e-08  6.522000e-02
  7.500000e+06  4.560310e-08  6.854000e-02
  7.700000e+06  3.932680e-08  7.322000e-02
  7.900000e+06  3.265080e-08  8.032000e-02
  8.100000e+06  2.551500e-08  9.224000e-02
  8.300000e+06  1.786950e-08  1.160000e-01
  8.500000e+06  9.671300e-09  1.842000e-01
  8.700000e+06  1.479130e-09  1.000000e+00
  8.900000e+06  1.166310e-09  1.000000e+00
  9.100000e+06  8.428030e-10  1.000000e+00
  9.300000e+06  5.087000e-10  1.000000e+00
  9.500000e+06  1.642030e-10  1.000000e+00
  9.700000e+06  0.000000e+00  1.000000e+00
  1.350000e+07            52             0             2
  0.000000e+00  0.000000e+00  0.000000e+00
  1.000000e+05  1.050400e-08  2.230000e-02
  3.000000e+05  3.757840e-08  2.308000e-02
  5.000000e+05  7.644600e-08  2.389000e-02
  7.000000e+05  1.235290e-07  2.472000e-02
  9.000000e+05  1.511130e-07  2.558000e-02
  1.100000e+06  1.656050e-07  2.646000e-02
  1.300000e+06  1.766980e-07  2.736000e-02
  1.500000e+06  1.847940e-07  2.828000e-02
  1.700000e+06  1.902910e-07  2.922000e-02
  1.900000e+06  1.935890e-07  3.018000e-02
  2.100000e+06  1.949880e-07  3.116000e-02
  2.300000e+06  1.946880e-07  3.215000e-02
  2.500000e+06  1.929890e-07  3.316000e-02
  2.700000e+06  1.899910e-07  3.417000e-02
  2.900000e+06  1.859930e-07  3.518000e-02
  3.100000e+06  1.810960e-07  3.619000e-02
  3.300000e+06  1.753990e-07  3.719000e-02
  3.500000e+06  1.692030e-07  3.816000e-02
  3.700000e+06  1.625060e-07  3.908000e-02
  3.900000e+06  1.555110e-07  3.995000e-02
  4.100000e+06  1.483150e-07  4.161000e-02
  4.300000e+06  1.411190e-07  4.348000e-02
  4.500000e+06  1.338230e-07  4.540000e-02
  4.700000e+06  1.266270e-07  4.735000e-02
  4.900000e+06  1.195310e-07  4.931000e-02
  5.100000e+06  1.126350e-07  5.125000e-02
  5.300000e+06  1.060390e-07  5.313000e-02
  5.500000e+06  9.968260e-08  5.492000e-02
  5.700000e+06  9.364610e-08  5.656000e-02
  5.900000e+06  8.792940e-08  5.802000e-02
  6.100000e+06  8.252250e-08  5.923000e-02
  6.300000e+06  7.740550e-08  6.015000e-02
  6.500000e+06  7.260820e-08  6.155000e-02
  6.700000e+06  6.803090e-08  6.324000e-02
  6.900000e+06  6.357340e-08  6.486000e-02
  7.100000e+06  5.912600e-08  6.651000e-02
  7.300000e+06  5.455860e-08  6.836000e-02
  7.500000e+06  4.978140e-08  7.063000e-02
  7.700000e+06  4.474430e-08  7.353000e-02
  7.900000e+06  3.943730e-08  7.743000e-02
  8.100000e+06  3.381050e-08  8.298000e-02
  8.300000e+06  2.783400e-08  9.150000e-02
  8.500000e+06  2.146760e-08  1.061000e-01
  8.700000e+06  1.466160e-08  1.362000e-01
  8.900000e+06  7.383750e-09  2.311000e-01
  9.100000e+06  1.406190e-09  1.000000e+00
  9.300000e+06  1.095370e-09  1.000000e+00
  9.500000e+06  7.745540e-10  1.000000e+00
  9.700000e+06  4.441440e-10  1.000000e+00
  9.900000e+06  1.039400e-10  1.000000e+00
  1.010000e+07  0.000000e+00  1.000000e+00
  1.400000e+07            54             0             2
  0.000000e+00  0.000000e+00  0.000000e+00
  1.000000e+05  1.007490e-08  2.255000e-02
  3.000000e+05  3.610180e-08  2.334000e-02
  5.000000e+05  7.354290e-08  2.417000e-02
  7.000000e+05  1.189400e-07  2.502000e-02
  9.000000e+05  1.457270e-07  2.590000e-02
  1.100000e+06  1.599190e-07  2.681000e-02
  1.300000e+06  1.709140e-07  2.774000e-02
  1.500000e+06  1.790100e-07  2.869000e-02
  1.700000e+06  1.846070e-07  2.967000e-02
  1.900000e+06  1.882050e-07  3.068000e-02
  2.100000e+06  1.899040e-07  3.170000e-02
  2.300000e+06  1.899040e-07  3.274000e-02
  2.500000e+06  1.886050e-07  3.381000e-02
  2.700000e+06  1.861060e-07  3.488000e-02
  2.900000e+06  1.826080e-07  3.597000e-02
  3.100000e+06  1.783100e-07  3.707000e-02
  3.300000e+06  1.732130e-07  3.817000e-02
  3.500000e+06  1.675160e-07  3.926000e-02
  3.700000e+06  1.613190e-07  4.033000e-02
  3.900000e+06  1.547220e-07  4.137000e-02
  4.100000e+06  1.479250e-07  4.237000e-02
  4.300000e+06  1.409290e-07  4.331000e-02
  4.500000e+06  1.339330e-07  4.526000e-02
  4.700000e+06  1.270360e-07  4.728000e-02
  4.900000e+06  1.201390e-07  4.935000e-02
  5.100000e+06  1.133430e-07  5.144000e-02
  5.300000e+06  1.067460e-07  5.354000e-02
  5.500000e+06  1.004490e-07  5.561000e-02
  5.700000e+06  9.432250e-08  5.760000e-02
  5.900000e+06  8.852540e-08  5.949000e-02
  6.100000e+06  8.304820e-08  6.121000e-02
  6.300000e+06  7.787080e-08  6.272000e-02
  6.500000e+06  7.298320e-08  6.396000e-02
  6.700000e+06  6.837550e-08  6.489000e-02
  6.900000e+06  6.406770e-08  6.656000e-02
  7.100000e+06  5.993980e-08  6.835000e-02
  7.300000e+06  5.592180e-08  7.008000e-02
  7.500000e+06  5.189390e-08  7.188000e-02
  7.700000e+06  4.775590e-08  7.392000e-02
  7.900000e+06  4.343810e-08  7.645000e-02
  8.100000e+06  3.890040e-08  7.971000e-02
  8.300000e+06  3.412280e-08  8.413000e-02
  8.500000e+06  2.906540e-08  9.048000e-02
  8.700000e+06  2.371800e-08  1.004000e-01
  8.900000e+06  1.802090e-08  1.176000e-01
  9.100000e+06  1.195400e-08  1.548000e-01
  9.300000e+06  5.478240e-09  2.871000e-01
  9.500000e+06  1.285350e-09  1.000000e+00
  9.700000e+06  9.881020e-10  1.000000e+00
  9.900000e+06  6.821560e-10  1.000000e+00
  1.010000e+07  3.674150e-10  1.000000e+00
  1.030000e+07  4.379790e-11  1.000000e+00
  1.050000e+07  0.000000e+00  1.000000e+00
  1.450000e+07            55             0             2
  0.000000e+00  0.000000e+00  0.000000e+00
  1.000000e+05  9.691170e-09  2.243000e-02
  3.000000e+05  3.476270e-08  2.323000e-02
  5.000000e+05  7.088470e-08  2.406000e-02
  7.000000e+05  1.148430e-07  2.492000e-02
  9.000000e+05  1.408300e-07  2.580000e-02
  1.100000e+06  1.547230e-07  2.672000e-02
  1.300000e+06  1.655170e-07  2.766000e-02
  1.500000e+06  1.736130e-07  2.863000e-02
  1.700000e+06  1.794110e-07  2.962000e-02
  1.900000e+06  1.831090e-07  3.065000e-02
  2.100000e+06  1.850080e-07  3.170000e-02
  2.300000e+06  1.854080e-07  3.277000e-02
  2.500000e+06  1.845080e-07  3.386000e-02
  2.700000e+06  1.824090e-07  3.498000e-02
  2.900000e+06  1.793110e-07  3.611000e-02
  3.100000e+06  1.754130e-07  3.726000e-02
  3.300000e+06  1.708150e-07  3.843000e-02
  3.500000e+06  1.656170e-07  3.960000e-02
  3.700000e+06  1.599200e-07  4.077000e-02
  3.900000e+06  1.538230e-07  4.193000e-02
  4.100000e+06  1.474260e-07  4.307000e-02
  4.300000e+06  1.408300e-07  4.417000e-02
  4.500000e+06  1.341330e-07  4.522000e-02
  4.700000e+06  1.273360e-07  4.640000e-02
  4.900000e+06  1.206400e-07  4.848000e-02
  5.100000e+06  1.141430e-07  5.062000e-02
  5.300000e+06  1.076460e-07  5.281000e-02
  5.500000e+06  1.013490e-07  5.503000e-02
  5.700000e+06  9.527250e-08  5.724000e-02
  5.900000e+06  8.944540e-08  5.940000e-02
  6.100000e+06  8.389820e-08  6.149000e-02
  6.300000e+06  7.863080e-08  6.345000e-02
  6.500000e+06  7.367330e-08  6.522000e-02
  6.700000e+06  6.899560e-08  6.676000e-02
  6.900000e+06  6.459780e-08  6.801000e-02
  7.100000e+06  6.044990e-08  6.894000e-02
  7.300000e+06  5.658180e-08  7.088000e-02
  7.500000e+06  5.287360e-08  7.275000e-02
  7.700000e+06  4.923540e-08  7.458000e-02
  7.900000e+06  4.559730e-08  7.651000e-02
  8.100000e+06  4.185910e-08  7.875000e-02
  8.300000e+06  3.794110e-08  8.153000e-02
  8.500000e+06  3.385310e-08  8.515000e-02
  8.700000e+06  2.954530e-08  9.009000e-02
  8.900000e+06  2.500750e-08  9.727000e-02
  9.100000e+06  2.020990e-08  1.086000e-01
  9.300000e+06  1.511250e-08  1.289000e-01
  9.500000e+06  9.692170e-09  1.746000e-01
  9.700000e+06  3.913050e-09  3.653000e-01
  9.900000e+06  1.157420e-09  1.000000e+00
  1.010000e+07  8.774620e-10  1.000000e+00
  1.030000e+07  5.895060e-10  1.000000e+00
  1.050000e+07  2.935540e-10  1.000000e+00
  1.070000e+07  0.000000e+00  1.000000e+00
  1.500000e+07            57             0             2
  0.000000e+00  0.000000e+00  0.000000e+00
  1.000000e+05  9.328790e-09  2.234000e-02
  3.000000e+05  3.350490e-08  2.330000e-02
  5.000000e+05  6.840910e-08  2.414000e-02
  7.000000e+05  1.109500e-07  2.500000e-02
  9.000000e+05  1.361390e-07  2.590000e-02
  1.100000e+06  1.498320e-07  2.682000e-02
  1.300000e+06  1.605280e-07  2.778000e-02
  1.500000e+06  1.685240e-07  2.877000e-02
  1.700000e+06  1.744210e-07  2.978000e-02
  1.900000e+06  1.782200e-07  3.083000e-02
  2.100000e+06  1.804190e-07  3.190000e-02
  2.300000e+06  1.810180e-07  3.301000e-02
  2.500000e+06  1.804190e-07  3.414000e-02
  2.700000e+06  1.787190e-07  3.529000e-02
  2.900000e+06  1.760210e-07  3.647000e-02
  3.100000e+06  1.725220e-07  3.767000e-02
  3.300000e+06  1.684240e-07  3.890000e-02
  3.500000e+06  1.636260e-07  4.013000e-02
  3.700000e+06  1.584280e-07  4.139000e-02
  3.900000e+06  1.527310e-07  4.264000e-02
  4.100000e+06  1.468340e-07  4.390000e-02
  4.300000e+06  1.406370e-07  4.514000e-02
  4.500000e+06  1.342390e-07  4.636000e-02
  4.700000e+06  1.277420e-07  4.754000e-02
  4.900000e+06  1.212450e-07  4.865000e-02
  5.100000e+06  1.148480e-07  5.009000e-02
  5.300000e+06  1.085510e-07  5.233000e-02
  5.500000e+06  1.023540e-07  5.462000e-02
  5.700000e+06  9.638650e-08  5.696000e-02
  5.900000e+06  9.058910e-08  5.931000e-02
  6.100000e+06  8.502160e-08  6.166000e-02
  6.300000e+06  7.970400e-08  6.394000e-02
  6.500000e+06  7.466630e-08  6.613000e-02
  6.700000e+06  6.990840e-08  6.818000e-02
  6.900000e+06  6.543050e-08  7.001000e-02
  7.100000e+06  6.122240e-08  7.159000e-02
  7.300000e+06  5.725410e-08  7.287000e-02
  7.500000e+06  5.353580e-08  7.398000e-02
  7.700000e+06  5.005740e-08  7.605000e-02
  7.900000e+06  4.671890e-08  7.802000e-02
  8.100000e+06  4.344040e-08  7.998000e-02
  8.300000e+06  4.014190e-08  8.207000e-02
  8.500000e+06  3.675340e-08  8.453000e-02
  8.700000e+06  3.321500e-08  8.762000e-02
  8.900000e+06  2.951670e-08  9.167000e-02
  9.100000e+06  2.562840e-08  9.724000e-02
  9.300000e+06  2.155030e-08  1.054000e-01
  9.500000e+06  1.723220e-08  1.185000e-01
  9.700000e+06  1.267430e-08  1.426000e-01
  9.900000e+06  7.819470e-09  1.998000e-01
  1.010000e+07  2.654800e-09  4.938000e-01
  1.030000e+07  1.051530e-09  1.000000e+00
  1.050000e+07  7.850460e-10  1.000000e+00
  1.070000e+07  5.111690e-10  1.000000e+00
  1.090000e+07  2.299960e-10  1.000000e+00
  1.110000e+07  0.000000e+00  1.000000e+00
