             0             3
             4
             0
           846
  1.000000e-05  0.000000e+00  7.800000e+05  0.000000e+00  7.931000e+05  4.048000e-06
  8.546100e+05  1.262200e-05  9.161200e+05  3.654600e-05  9.407300e+05  5.467400e-05
  9.653300e+05  8.062200e-05  9.899400e+05  1.170400e-04  1.002200e+06  1.402700e-04
  1.014500e+06  1.679700e-04  1.026800e+06  2.031600e-04  1.039100e+06  2.659300e-04
  1.040400e+06  2.778700e-04  1.041600e+06  2.926500e-04  1.042800e+06  3.115800e-04
  1.044100e+06  3.369100e-04  1.045300e+06  3.726200e-04  1.046500e+06  4.262700e-04
  1.047800e+06  5.137400e-04  1.049000e+06  6.727300e-04  1.050200e+06  1.010000e-03
  1.051500e+06  1.912400e-03  1.052100e+06  2.999300e-03  1.052700e+06  5.162000e-03
  1.052800e+06  5.781500e-03  1.052900e+06  6.459800e-03  1.053100e+06  7.178000e-03
  1.053200e+06  7.902100e-03  1.053300e+06  8.579500e-03  1.053400e+06  9.142600e-03
  1.053500e+06  9.521200e-03  1.053700e+06  9.660200e-03  1.053800e+06  9.538500e-03
  1.053900e+06  9.176500e-03  1.054200e+06  7.963900e-03  1.054400e+06  6.540700e-03
  1.054700e+06  5.253200e-03  1.054900e+06  4.215300e-03  1.055100e+06  3.417400e-03
  1.055400e+06  2.812400e-03  1.055600e+06  2.352800e-03  1.055900e+06  2.000300e-03
  1.056100e+06  1.726500e-03  1.056400e+06  1.510900e-03  1.056600e+06  1.338900e-03
  1.056900e+06  1.200000e-03  1.057100e+06  1.086400e-03  1.057400e+06  9.924900e-04
  1.057600e+06  9.141700e-04  1.058800e+06  6.672700e-04  1.060100e+06  5.446400e-04
  1.061300e+06  4.761700e-04  1.062500e+06  4.349100e-04  1.063800e+06  4.087700e-04
  1.066200e+06  3.804000e-04  1.068700e+06  3.681900e-04  1.071100e+06  3.638800e-04
  1.073600e+06  3.639200e-04  1.076100e+06  3.665700e-04  1.082200e+06  3.793900e-04
  1.088400e+06  3.967200e-04  1.094500e+06  4.162200e-04  1.100700e+06  4.369300e-04
  1.106800e+06  4.583200e-04  1.113000e+06  4.800600e-04  1.119100e+06  5.019500e-04
  1.125300e+06  5.238100e-04  1.131400e+06  5.455000e-04  1.137600e+06  5.669000e-04
  1.143700e+06  5.879100e-04  1.149900e+06  6.084600e-04  1.156000e+06  6.284700e-04
  1.162200e+06  6.478800e-04  1.168300e+06  6.666500e-04  1.174500e+06  6.847600e-04
  1.176900e+06  6.918100e-04  1.179400e+06  6.987900e-04  1.181900e+06  7.056100e-04
  1.184300e+06  7.122800e-04  1.186800e+06  7.189300e-04  1.189200e+06  7.254200e-04
  1.191700e+06  7.318300e-04  1.194200e+06  7.380800e-04  1.196600e+06  7.442500e-04
  1.199100e+06  7.503300e-04  1.201500e+06  7.562500e-04  1.204000e+06  7.620900e-04
  1.206500e+06  7.678500e-04  1.208900e+06  7.735200e-04  1.211400e+06  7.790500e-04
  1.217500e+06  7.924800e-04  1.223700e+06  8.054200e-04  1.229800e+06  8.177400e-04
  1.236000e+06  8.295700e-04  1.248300e+06  8.519500e-04  1.260600e+06  8.729300e-04
  1.272900e+06  8.928700e-04  1.285200e+06  9.124400e-04  1.297500e+06  9.327100e-04
  1.309800e+06  9.580500e-04  1.322100e+06  1.027900e-03  1.328300e+06  1.324200e-03
  1.329500e+06  1.607100e-03  1.330700e+06  2.417700e-03  1.331300e+06  3.554600e-03
  1.331900e+06  6.731300e-03  1.332600e+06  1.999300e-02  1.333200e+06  3.908900e-02
  1.333800e+06  1.185900e-02  1.334400e+06  5.492000e-03  1.335000e+06  4.086200e-03
  1.335600e+06  4.528600e-03  1.336200e+06  6.243600e-03  1.336400e+06  6.427500e-03
  1.336500e+06  6.429000e-03  1.336600e+06  6.240000e-03  1.336700e+06  5.896200e-03
  1.336900e+06  5.459200e-03  1.337500e+06  3.426400e-03  1.338100e+06  2.401300e-03
  1.338700e+06  1.912800e-03  1.339300e+06  1.649800e-03  1.339900e+06  1.491900e-03
  1.340600e+06  1.389000e-03  1.346700e+06  1.108400e-03  1.352900e+06  1.067400e-03
  1.359000e+06  1.058900e-03  1.365200e+06  1.060200e-03  1.371300e+06  1.065800e-03
  1.377500e+06  1.073600e-03  1.383600e+06  1.082700e-03  1.395900e+06  1.104000e-03
  1.408200e+06  1.128200e-03  1.420500e+06  1.154900e-03  1.432800e+06  1.184200e-03
  1.445100e+06  1.216000e-03  1.457400e+06  1.250600e-03  1.469700e+06  1.288200e-03
  1.482000e+06  1.329000e-03  1.494300e+06  1.373300e-03  1.506600e+06  1.421400e-03
  1.518900e+06  1.473700e-03  1.531200e+06  1.530300e-03  1.543500e+06  1.591900e-03
  1.555800e+06  1.659100e-03  1.568100e+06  1.734000e-03  1.580500e+06  2.177800e-03
  1.592800e+06  1.896700e-03  1.605100e+06  1.986500e-03  1.617400e+06  2.086900e-03
  1.629700e+06  2.196600e-03  1.642000e+06  2.316500e-03  1.654300e+06  2.447600e-03
  1.666600e+06  2.591900e-03  1.678900e+06  2.751800e-03  1.691200e+06  2.932000e-03
  1.703500e+06  3.143700e-03  1.709600e+06  3.270700e-03  1.715800e+06  3.424900e-03
  1.721900e+06  3.630900e-03  1.728100e+06  3.930100e-03  1.729300e+06  4.002300e-03
  1.730500e+06  4.076200e-03  1.731800e+06  4.149500e-03  1.733000e+06  4.218300e-03
  1.734200e+06  4.278700e-03  1.735500e+06  4.326700e-03  1.736700e+06  4.359500e-03
  1.737900e+06  4.376500e-03  1.739100e+06  4.379100e-03  1.740400e+06  4.370500e-03
  1.742800e+06  4.334900e-03  1.745300e+06  4.296700e-03  1.747800e+06  4.270100e-03
  1.750200e+06  4.259300e-03  1.752700e+06  4.263100e-03  1.758800e+06  4.321300e-03
  1.765000e+06  4.424000e-03  1.771100e+06  4.553300e-03  1.777300e+06  4.700900e-03
  1.789600e+06  5.037100e-03  1.801900e+06  5.420300e-03  1.814200e+06  5.849900e-03
  1.826500e+06  6.328100e-03  1.838800e+06  6.858600e-03  1.851100e+06  7.447400e-03
  1.863400e+06  8.100700e-03  1.875700e+06  8.825800e-03  1.888000e+06  9.631200e-03
  1.900300e+06  1.052800e-02  1.924900e+06  1.265200e-02  1.949500e+06  1.536100e-02
  1.974100e+06  1.897500e-02  1.998700e+06  2.418100e-02  2.023300e+06  3.247700e-02
  2.047900e+06  4.490800e-02  2.072500e+06  5.427900e-02  2.097100e+06  4.909300e-02
  2.121800e+06  4.059300e-02  2.146400e+06  3.766400e-02  2.158700e+06  3.892200e-02
  2.171000e+06  4.251300e-02  2.183300e+06  4.906300e-02  2.195600e+06  5.895700e-02
  2.207900e+06  7.115600e-02  2.220200e+06  8.201800e-02  2.226300e+06  8.544600e-02
  2.232500e+06  8.707200e-02  2.238600e+06  8.693200e-02  2.244800e+06  8.535200e-02
  2.250900e+06  8.278200e-02  2.257100e+06  7.966100e-02  2.263200e+06  7.633700e-02
  2.269400e+06  7.307400e-02  2.281700e+06  6.725900e-02  2.294000e+06  6.280600e-02
  2.306300e+06  5.981900e-02  2.318600e+06  5.831000e-02  2.330900e+06  5.833700e-02
  2.343200e+06  6.006200e-02  2.355500e+06  6.372700e-02  2.367800e+06  6.944500e-02
  2.380100e+06  7.684400e-02  2.392400e+06  8.479500e-02  2.398600e+06  8.793800e-02
  2.404700e+06  8.928200e-02  2.410900e+06  8.792900e-02  2.417000e+06  8.374100e-02
  2.418200e+06  8.261600e-02  2.419500e+06  8.141500e-02  2.420700e+06  8.014200e-02
  2.421900e+06  7.881800e-02  2.423200e+06  7.744700e-02  2.424400e+06  7.603200e-02
  2.425600e+06  7.459400e-02  2.426800e+06  7.313300e-02  2.428100e+06  7.166200e-02
  2.429300e+06  7.018200e-02  2.435500e+06  6.294700e-02  2.441600e+06  5.632600e-02
  2.447800e+06  5.057900e-02  2.453900e+06  4.572000e-02  2.460100e+06  4.167200e-02
  2.466200e+06  3.831500e-02  2.478500e+06  3.320700e-02  2.490800e+06  2.962200e-02
  2.503100e+06  2.704500e-02  2.515400e+06  2.516000e-02  2.527700e+06  2.379100e-02
  2.540000e+06  2.288700e-02  2.552300e+06  2.258900e-02  2.564600e+06  2.366100e-02
  2.570800e+06  2.560600e-02  2.576900e+06  3.017100e-02  2.583100e+06  4.126700e-02
  2.589200e+06  6.340300e-02  2.591700e+06  7.091500e-02  2.594200e+06  7.222400e-02
  2.596600e+06  6.716300e-02  2.599100e+06  5.921100e-02  2.601500e+06  5.144000e-02
  2.604000e+06  4.505500e-02  2.607700e+06  3.813900e-02  2.613800e+06  3.139300e-02
  2.620000e+06  2.779000e-02  2.626100e+06  2.571400e-02  2.632300e+06  2.448400e-02
  2.638400e+06  2.381800e-02  2.644600e+06  2.366200e-02  2.650800e+06  2.421300e-02
  2.656900e+06  2.633800e-02  2.663100e+06  3.422100e-02  2.664300e+06  3.789800e-02
  2.665500e+06  4.319300e-02  2.666700e+06  5.100100e-02  2.668000e+06  6.260700e-02
  2.669200e+06  7.920900e-02  2.670400e+06  9.920300e-02  2.671700e+06  1.128200e-01
  2.672900e+06  1.076300e-01  2.674100e+06  8.840200e-02  2.675400e+06  6.883800e-02
  2.676600e+06  5.440300e-02  2.677800e+06  4.468900e-02  2.679000e+06  3.821300e-02
  2.680300e+06  3.380800e-02  2.681500e+06  3.072500e-02  2.682700e+06  2.850600e-02
  2.684000e+06  2.686500e-02  2.685200e+06  2.562400e-02  2.686400e+06  2.466500e-02
  2.687700e+06  2.391100e-02  2.693800e+06  2.182200e-02  2.700000e+06  2.098900e-02
  2.706100e+06  2.065800e-02  2.712300e+06  2.061700e-02  2.718400e+06  2.081800e-02
  2.724600e+06  2.130900e-02  2.730700e+06  2.226600e-02  2.736900e+06  2.416100e-02
  2.743000e+06  2.844600e-02  2.749200e+06  4.096500e-02  2.750400e+06  4.606500e-02
  2.751600e+06  5.280000e-02  2.752900e+06  6.159200e-02  2.754100e+06  7.260800e-02
  2.755300e+06  8.511500e-02  2.756500e+06  9.612500e-02  2.757800e+06  1.011300e-01
  2.759000e+06  9.734300e-02  2.760200e+06  8.693800e-02  2.761500e+06  7.458200e-02
  2.767600e+06  3.945000e-02  2.773800e+06  3.208400e-02  2.779900e+06  3.334800e-02
  2.786100e+06  4.305300e-02  2.792200e+06  7.988300e-02  2.793500e+06  9.661000e-02
  2.794700e+06  1.195500e-01  2.795900e+06  1.500900e-01  2.797100e+06  1.869500e-01
  2.798400e+06  2.215000e-01  2.799600e+06  2.366300e-01  2.800800e+06  2.214600e-01
  2.802100e+06  1.860300e-01  2.803300e+06  1.479300e-01  2.804500e+06  1.163900e-01
  2.805800e+06  9.281700e-02  2.807000e+06  7.574800e-02  2.808200e+06  6.338900e-02
  2.809400e+06  5.433000e-02  2.810700e+06  4.757200e-02  2.816800e+06  3.084700e-02
  2.823000e+06  2.490700e-02  2.829100e+06  2.221300e-02  2.835300e+06  2.079900e-02
  2.841400e+06  1.998700e-02  2.847600e+06  1.949700e-02  2.853700e+06  1.919600e-02
  2.859900e+06  1.901500e-02  2.866000e+06  1.891600e-02  2.872200e+06  1.887500e-02
  2.878300e+06  1.887900e-02  2.884500e+06  1.891900e-02  2.890600e+06  1.899000e-02
  2.896800e+06  1.908900e-02  2.902900e+06  1.921300e-02  2.909100e+06  1.936400e-02
  2.915200e+06  1.954000e-02  2.921400e+06  1.974300e-02  2.927600e+06  1.997700e-02
  2.933700e+06  2.024400e-02  2.939900e+06  2.055100e-02  2.946000e+06  2.090300e-02
  2.952200e+06  2.131000e-02  2.958300e+06  2.178300e-02  2.964500e+06  2.233800e-02
  2.970600e+06  2.299800e-02  2.976800e+06  2.379000e-02  2.982900e+06  2.475500e-02
  2.989100e+06  2.594400e-02  2.995200e+06  2.743100e-02  3.001400e+06  2.930600e-02
  3.007500e+06  3.168600e-02  3.013700e+06  3.469600e-02  3.019800e+06  3.842700e-02
  3.026000e+06  4.284400e-02  3.032100e+06  4.762900e-02  3.038300e+06  5.208400e-02
  3.044400e+06  5.526800e-02  3.046900e+06  5.601800e-02  3.049300e+06  5.644200e-02
  3.050600e+06  5.653400e-02  3.051800e+06  5.655200e-02  3.053000e+06  5.649600e-02
  3.054300e+06  5.637800e-02  3.055500e+06  5.619600e-02  3.056700e+06  5.595700e-02
  3.058000e+06  5.567200e-02  3.059200e+06  5.534500e-02  3.060400e+06  5.498000e-02
  3.061600e+06  5.458800e-02  3.062900e+06  5.417600e-02  3.069000e+06  5.192000e-02
  3.075200e+06  4.971500e-02  3.081300e+06  4.782300e-02  3.093600e+06  4.522100e-02
  3.105900e+06  4.405700e-02  3.118200e+06  4.400500e-02  3.130500e+06  4.482100e-02
  3.142800e+06  4.637200e-02  3.155100e+06  4.860600e-02  3.167400e+06  5.151800e-02
  3.179700e+06  5.516800e-02  3.192100e+06  5.963900e-02  3.204400e+06  6.504700e-02
  3.216700e+06  7.152300e-02  3.229000e+06  7.920300e-02  3.241300e+06  8.817100e-02
  3.253600e+06  9.837000e-02  3.265900e+06  1.094300e-01  3.278200e+06  1.204600e-01
  3.290500e+06  1.298000e-01  3.302800e+06  1.352200e-01  3.315100e+06  1.346300e-01
  3.327400e+06  1.273800e-01  3.339700e+06  1.150600e-01  3.352000e+06  1.008800e-01
  3.364300e+06  8.866500e-02  3.376600e+06  8.306400e-02  3.379000e+06  8.339200e-02
  3.381500e+06  8.442000e-02  3.384000e+06  8.627800e-02  3.386400e+06  8.909300e-02
  3.388900e+06  9.295800e-02  3.391300e+06  9.788700e-02  3.393800e+06  1.037000e-01
  3.395000e+06  1.067900e-01  3.396300e+06  1.098800e-01  3.397500e+06  1.128200e-01
  3.398700e+06  1.154700e-01  3.400000e+06  1.176300e-01  3.401200e+06  1.191400e-01
  3.402400e+06  1.198400e-01  3.403600e+06  1.196200e-01  3.404900e+06  1.184300e-01
  3.406100e+06  1.163100e-01  3.407300e+06  1.133400e-01  3.408600e+06  1.096600e-01
  3.409800e+06  1.054400e-01  3.411000e+06  1.008600e-01  3.412300e+06  9.610100e-02
  3.413500e+06  9.128600e-02  3.414700e+06  8.653600e-02  3.416000e+06  8.193600e-02
  3.417200e+06  7.754500e-02  3.418400e+06  7.339200e-02  3.419600e+06  6.949600e-02
  3.420900e+06  6.586600e-02  3.422100e+06  6.249200e-02  3.423300e+06  5.936600e-02
  3.424600e+06  5.647300e-02  3.425800e+06  5.379400e-02  3.428300e+06  4.903000e-02
  3.430700e+06  4.493700e-02  3.433200e+06  4.140300e-02  3.435600e+06  3.833300e-02
  3.438100e+06  3.564600e-02  3.444200e+06  3.021000e-02  3.450400e+06  2.608300e-02
  3.456500e+06  2.284000e-02  3.462700e+06  2.022100e-02  3.475000e+06  1.625000e-02
  3.487300e+06  1.338800e-02  3.499600e+06  1.124400e-02  3.511900e+06  9.598200e-03
  3.524200e+06  8.313000e-03  3.536500e+06  7.298900e-03  3.548800e+06  6.494800e-03
  3.561100e+06  5.859300e-03  3.573400e+06  5.366100e-03  3.585700e+06  5.005100e-03
  3.598000e+06  4.797000e-03  3.610300e+06  4.894700e-03  3.622600e+06  7.424900e-03
  3.634900e+06  7.059900e-03  3.647200e+06  4.137800e-03  3.659500e+06  4.548700e-03
  3.671800e+06  5.573900e-03  3.684100e+06  4.381400e-03  3.690300e+06  4.089700e-03
  3.696400e+06  6.363400e-03  3.702600e+06  2.758800e-02  3.703800e+06  4.496700e-02
  3.705100e+06  7.338400e-02  3.706300e+06  9.575800e-02  3.707500e+06  8.114200e-02
  3.708700e+06  5.370100e-02  3.710000e+06  3.505700e-02  3.711200e+06  2.428500e-02
  3.712400e+06  1.793100e-02  3.713700e+06  1.397100e-02  3.714900e+06  1.136300e-02
  3.721000e+06  5.996000e-03  3.727200e+06  4.391300e-03  3.733400e+06  3.690100e-03
  3.739500e+06  3.315800e-03  3.745700e+06  3.090000e-03  3.758000e+06  2.839100e-03
  3.770300e+06  2.708200e-03  3.782600e+06  2.630900e-03  3.794900e+06  2.581300e-03
  3.807200e+06  2.547800e-03  3.819500e+06  2.524300e-03  3.831800e+06  2.507400e-03
  3.844100e+06  2.495400e-03  3.856400e+06  2.487600e-03  3.868700e+06  2.484400e-03
  3.881000e+06  2.487700e-03  3.893300e+06  2.500900e-03  3.905600e+06  2.529900e-03
  3.917900e+06  2.584000e-03  3.930200e+06  2.676600e-03  3.942500e+06  2.826200e-03
  3.954800e+06  3.055700e-03  3.967100e+06  3.389400e-03  3.979400e+06  3.848000e-03
  3.991700e+06  4.442900e-03  3.997900e+06  4.792800e-03  4.004000e+06  5.178500e-03
  4.010200e+06  5.603500e-03  4.016300e+06  6.072600e-03  4.022500e+06  6.599800e-03
  4.028600e+06  7.206500e-03  4.034800e+06  7.934300e-03  4.040500e+06  8.778000e-03
  4.040900e+06  8.854100e-03  4.047100e+06  1.009200e-02  4.053200e+06  1.188400e-02
  4.059400e+06  1.465700e-02  4.065500e+06  1.909100e-02  4.068000e+06  2.161600e-02
  4.071700e+06  2.540300e-02  4.075400e+06  2.804200e-02  4.077800e+06  2.980200e-02
  4.080300e+06  2.763500e-02  4.085200e+06  2.330000e-02  4.087700e+06  2.113300e-02
  4.090100e+06  1.896400e-02  4.096300e+06  1.515000e-02  4.102400e+06  1.133400e-02
  4.108600e+06  1.015100e-02  4.114700e+06  8.968700e-03  4.127000e+06  8.169600e-03
  4.139300e+06  7.902200e-03  4.151600e+06  7.857800e-03  4.163900e+06  7.925100e-03
  4.176200e+06  8.060400e-03  4.188500e+06  8.246000e-03  4.200800e+06  8.475900e-03
  4.213100e+06  8.750100e-03  4.225400e+06  9.074000e-03  4.237700e+06  9.457000e-03
  4.250000e+06  9.915000e-03  4.262300e+06  1.047200e-02  4.274700e+06  1.116500e-02
  4.287000e+06  1.205400e-02  4.299300e+06  1.324000e-02  4.311600e+06  1.490700e-02
  4.323900e+06  1.741700e-02  4.330000e+06  1.948800e-02  4.336200e+06  2.156000e-02
  4.342300e+06  2.544300e-02  4.348500e+06  2.932800e-02  4.354600e+06  3.797100e-02
  4.360800e+06  4.661800e-02  4.366900e+06  6.367000e-02  4.370600e+06  7.988100e-02
  4.373100e+06  9.069100e-02  4.375500e+06  1.038000e-01  4.379200e+06  1.234700e-01
  4.380500e+06  1.284000e-01  4.381700e+06  1.319000e-01  4.382900e+06  1.336100e-01
  4.384100e+06  1.333300e-01  4.385400e+06  1.310000e-01  4.386600e+06  1.267900e-01
  4.387800e+06  1.210100e-01  4.389100e+06  1.141000e-01  4.390300e+06  1.065100e-01
  4.391500e+06  9.866700e-02  4.392800e+06  9.082500e-02  4.395200e+06  7.626500e-02
  4.397700e+06  6.384700e-02  4.403800e+06  4.227600e-02  4.410000e+06  3.023300e-02
  4.416100e+06  2.339800e-02  4.422300e+06  1.936400e-02  4.428400e+06  1.690200e-02
  4.434600e+06  1.537000e-02  4.440700e+06  1.442100e-02  4.446900e+06  1.385500e-02
  4.453000e+06  1.354600e-02  4.459200e+06  1.338700e-02  4.461600e+06  1.332800e-02
  4.464100e+06  1.323200e-02  4.465300e+06  1.313600e-02  4.466600e+06  1.304100e-02
  4.469000e+06  1.263200e-02  4.471500e+06  1.179300e-02  4.473900e+06  1.035900e-02
  4.476400e+06  8.866600e-03  4.477600e+06  8.495400e-03  4.478900e+06  8.470000e-03
  4.480100e+06  8.711200e-03  4.481300e+06  9.098600e-03  4.482600e+06  9.535800e-03
  4.483800e+06  9.966300e-03  4.485000e+06  1.036600e-02  4.486300e+06  1.072700e-02
  4.487500e+06  1.105000e-02  4.488700e+06  1.133900e-02  4.491200e+06  1.183700e-02
  4.493600e+06  1.225700e-02  4.496100e+06  1.262500e-02  4.498600e+06  1.296200e-02
  4.501000e+06  1.328000e-02  4.502200e+06  1.343300e-02  4.503500e+06  1.358600e-02
  4.505900e+06  1.389000e-02  4.508400e+06  1.419400e-02  4.514500e+06  1.498700e-02
  4.520700e+06  1.586500e-02  4.526800e+06  1.687800e-02  4.533000e+06  1.808900e-02
  4.539200e+06  1.958700e-02  4.542800e+06  2.074800e-02  4.545300e+06  2.152200e-02
  4.547800e+06  2.257700e-02  4.550200e+06  2.363300e-02  4.551500e+06  2.416100e-02
  4.552700e+06  2.494100e-02  4.553900e+06  2.572000e-02  4.555100e+06  2.650100e-02
  4.556400e+06  2.728100e-02  4.557600e+06  2.806100e-02  4.558800e+06  2.914900e-02
  4.560100e+06  3.023700e-02  4.561300e+06  3.161900e-02  4.562500e+06  3.300000e-02
  4.563800e+06  3.483800e-02  4.565000e+06  3.667600e-02  4.566200e+06  3.928900e-02
  4.567400e+06  4.190200e-02  4.569900e+06  5.011000e-02  4.571100e+06  5.631600e-02
  4.572400e+06  6.501600e-02  4.573600e+06  7.776300e-02  4.574800e+06  9.694700e-02
  4.576100e+06  1.245300e-01  4.577300e+06  1.551600e-01  4.578500e+06  1.682500e-01
  4.579700e+06  1.543200e-01  4.581000e+06  1.328200e-01  4.582200e+06  1.175300e-01
  4.584700e+06  1.071300e-01  4.587100e+06  1.116500e-01  4.588400e+06  1.168100e-01
  4.589600e+06  1.219600e-01  4.592100e+06  1.307400e-01  4.594500e+06  1.302500e-01
  4.597000e+06  1.171900e-01  4.599400e+06  9.648900e-02  4.601900e+06  7.570100e-02
  4.604400e+06  5.885500e-02  4.606800e+06  4.649400e-02  4.609300e+06  3.864900e-02
  4.611700e+06  3.314400e-02  4.614200e+06  2.930200e-02  4.616700e+06  2.663300e-02
  4.619100e+06  2.479700e-02  4.625300e+06  2.249500e-02  4.631400e+06  2.206400e-02
  4.637600e+06  2.263600e-02  4.656000e+06  2.441900e-02  4.680600e+06  2.631500e-02
  4.729800e+06  3.534200e-02  4.779000e+06  3.469500e-02  4.803700e+06  3.317200e-02
  4.818700e+06  3.221400e-02  4.828300e+06  3.183500e-02  4.852900e+06  3.304000e-02
  4.877500e+06  3.577800e-02  4.902100e+06  4.374400e-02  4.926700e+06  6.648300e-02
  4.951300e+06  9.604700e-02  4.975900e+06  1.224100e-01  5.000500e+06  1.095500e-01
  5.013370e+06  9.693476e-02  5.020000e+06  9.310020e-02  5.030000e+06  8.576570e-02
  5.040000e+06  8.270020e-02  5.050000e+06  8.242200e-02  5.060000e+06  8.405400e-02
  5.070000e+06  8.708800e-02  5.080000e+06  9.121300e-02  5.090000e+06  9.622300e-02
  5.100000e+06  1.019600e-01  5.110000e+06  1.082800e-01  5.119310e+06  1.145736e-01
  5.120000e+06  1.150400e-01  5.130000e+06  1.220600e-01  5.140000e+06  1.291300e-01
  5.150000e+06  1.360400e-01  5.160000e+06  1.425300e-01  5.170000e+06  1.483540e-01
  5.180000e+06  1.532440e-01  5.190000e+06  1.570160e-01  5.200000e+06  1.595700e-01
  5.210000e+06  1.607953e-01  5.220000e+06  1.607502e-01  5.230000e+06  1.595743e-01
  5.240000e+06  1.573760e-01  5.250000e+06  1.544110e-01  5.260000e+06  1.508900e-01
  5.270000e+06  1.470490e-01  5.280000e+06  1.431200e-01  5.290000e+06  1.394100e-01
  5.300000e+06  1.365800e-01  5.310000e+06  1.377500e-01  5.320000e+06  1.747000e-01
  5.330000e+06  1.833700e-01  5.340000e+06  1.453490e-01  5.350000e+06  1.361490e-01
  5.360000e+06  1.330700e-01  5.370000e+06  1.325200e-01  5.380000e+06  1.336600e-01
  5.390000e+06  1.362506e-01  5.400000e+06  1.401198e-01  5.410000e+06  1.451202e-01
  5.420000e+06  1.509400e-01  5.430000e+06  1.569799e-01  5.440000e+06  1.624000e-01
  5.450000e+06  1.662399e-01  5.460000e+06  1.676900e-01  5.470000e+06  1.664594e-01
  5.480000e+06  1.628402e-01  5.490000e+06  1.576401e-01  5.500000e+06  1.516999e-01
  5.510000e+06  1.457796e-01  5.520000e+06  1.403602e-01  5.530000e+06  1.356796e-01
  5.540000e+06  1.318695e-01  5.550000e+06  1.288898e-01  5.560000e+06  1.266996e-01
  5.570000e+06  1.252098e-01  5.580000e+06  1.243807e-01  5.590000e+06  1.241096e-01
  5.600000e+06  1.241746e-01  5.610000e+06  1.243644e-01  5.620000e+06  1.246846e-01
  5.630000e+06  1.251372e-01  5.640000e+06  1.257057e-01  5.650000e+06  1.264086e-01
  5.660000e+06  1.272377e-01  5.670000e+06  1.281963e-01  5.680000e+06  1.292801e-01
  5.690000e+06  1.304942e-01  5.700000e+06  1.318338e-01  5.710000e+06  1.333030e-01
  5.720000e+06  1.348985e-01  5.730000e+06  1.366213e-01  5.740000e+06  1.384724e-01
  5.750000e+06  1.404521e-01  5.760000e+06  1.425583e-01  5.770000e+06  1.447933e-01
  5.780000e+06  1.471542e-01  5.790000e+06  1.496453e-01  5.800000e+06  1.522621e-01
  5.810000e+06  1.550068e-01  5.820000e+06  1.578802e-01  5.830000e+06  1.608800e-01
  5.840000e+06  1.699310e-01  5.850000e+06  1.779550e-01  5.860000e+06  1.885260e-01
  5.870000e+06  2.025100e-01  5.880000e+06  2.206990e-01  5.890000e+06  2.439490e-01
  5.900000e+06  2.741020e-01  5.910000e+06  3.155120e-01  5.920000e+06  3.590210e-01
  5.930000e+06  4.007310e-01  5.940000e+06  4.367460e-01  5.950000e+06  4.631450e-01
  5.960000e+06  4.760190e-01  5.970000e+06  4.707070e-01  5.980000e+06  4.516620e-01
  5.990000e+06  4.227770e-01  6.000000e+06  3.878400e-01  6.010000e+06  3.506750e-01
  6.020000e+06  3.150710e-01  6.030000e+06  2.842110e-01  6.040000e+06  2.588650e-01
  6.050000e+06  2.385810e-01  6.060000e+06  2.228310e-01  6.070000e+06  2.111000e-01
  6.080000e+06  2.028840e-01  6.090000e+06  1.976420e-01  6.100000e+06  1.948740e-01
  6.110000e+06  1.940620e-01  6.120000e+06  1.946890e-01  6.130000e+06  1.962380e-01
  6.140000e+06  1.982030e-01  6.148560e+06  1.997866e-01  6.150000e+06  2.000530e-01
  6.160000e+06  2.015680e-01  6.170000e+06  2.027640e-01  6.180000e+06  2.036430e-01
  6.190000e+06  2.042350e-01  6.200000e+06  2.045420e-01  6.400000e+06  1.757487e-01
  6.410120e+06  1.751133e-01  6.600000e+06  1.631905e-01  6.800000e+06  2.049002e-01
  7.000000e+06  2.553020e-01  7.200000e+06  2.784810e-01  7.400000e+06  2.802800e-01
  7.600000e+06  2.760800e-01  7.800000e+06  2.731927e-01  8.000000e+06  2.709428e-01
  8.200000e+06  2.682514e-01  8.400000e+06  2.655935e-01  8.600000e+06  2.636757e-01
  8.705330e+06  2.631410e-01  8.800000e+06  2.626604e-01  9.000000e+06  2.620096e-01
  9.200000e+06  2.614587e-01  9.400000e+06  2.613757e-01  9.600000e+06  2.617226e-01
  9.800000e+06  2.625743e-01  1.000000e+07  2.614518e-01  1.020000e+07  2.631467e-01
  1.040000e+07  2.628733e-01  1.060000e+07  2.620936e-01  1.080000e+07  2.626481e-01
  1.100000e+07  2.604887e-01  1.120000e+07  2.611922e-01  1.140000e+07  2.601577e-01
  1.160000e+07  2.589689e-01  1.180000e+07  2.580624e-01  1.200000e+07  2.559308e-01
  1.220000e+07  2.550674e-01  1.240000e+07  2.533189e-01  1.260000e+07  2.519287e-01
  1.280000e+07  2.510865e-01  1.300000e+07  2.496576e-01  1.320000e+07  2.493659e-01
  1.340000e+07  2.487324e-01  1.360000e+07  2.486192e-01  1.380000e+07  2.487238e-01
  1.400000e+07  2.475732e-01  1.420000e+07  2.474180e-01  1.440000e+07  2.468232e-01
  1.460000e+07  2.462403e-01  1.480000e+07  2.459639e-01  1.500000e+07  2.462428e-01
             4
             6
  1.289160e+01             3             1
  1.000000e+00  1.000000e+00             0             1
  2.215600e+06  2.215600e+06             2
             1
             2             2
  1.000000e-05  1.000000e+00  1.500000e+07  1.000000e+00
          6013             2             2            31
             1
            31            22
  1.000000e-05            13             0             2
  0.000000e+00  0.000000e+00  0.000000e+00
  7.725000e+04  6.949210e-08  0.000000e+00
  2.318500e+05  2.438410e-07  0.000000e+00
  3.863500e+05  4.877810e-07  0.000000e+00
  5.408500e+05  7.447870e-07  0.000000e+00
  6.953500e+05  8.227760e-07  0.000000e+00
  8.499500e+05  8.619700e-07  0.000000e+00
  1.004750e+06  8.604740e-07  0.000000e+00
  1.158750e+06  8.132020e-07  0.000000e+00
  1.313750e+06  7.135710e-07  0.000000e+00
  1.467750e+06  5.525060e-07  0.000000e+00
  1.622750e+06  3.185390e-07  0.000000e+00
  1.776750e+06  0.000000e+00  0.000000e+00
  5.000000e+05            13             0             2
  0.000000e+00  0.000000e+00  0.000000e+00
  7.725000e+04  6.949210e-08  0.000000e+00
  2.318500e+05  2.438410e-07  0.000000e+00
  3.863500e+05  4.877810e-07  0.000000e+00
  5.408500e+05  7.447870e-07  0.000000e+00
  6.953500e+05  8.227760e-07  0.000000e+00
  8.499500e+05  8.619700e-07  0.000000e+00
  1.004750e+06  8.604740e-07  0.000000e+00
  1.158750e+06  8.132020e-07  0.000000e+00
  1.313750e+06  7.135710e-07  0.000000e+00
  1.467750e+06  5.525060e-07  0.000000e+00
  1.622750e+06  3.185390e-07  0.000000e+00
  1.776750e+06  0.000000e+00  0.000000e+00
  1.000000e+06            13             0             2
  0.000000e+00  0.000000e+00  0.000000e+00
  8.865000e+04  6.058390e-08  0.000000e+00
  2.658500e+05  2.125170e-07  0.000000e+00
  4.431500e+05  4.252340e-07  0.000000e+00
  6.204500e+05  6.492200e-07  0.000000e+00
  7.976500e+05  7.172330e-07  0.000000e+00
  9.753500e+05  7.514390e-07  0.000000e+00
  1.152350e+06  7.500430e-07  0.000000e+00
  1.329350e+06  7.088560e-07  0.000000e+00
  1.506350e+06  6.219940e-07  0.000000e+00
  1.684350e+06  4.815790e-07  0.000000e+00
  1.861350e+06  2.777380e-07  0.000000e+00
  2.038350e+06  0.000000e+00  0.000000e+00
  1.500000e+06            13             0             2
  0.000000e+00  0.000000e+00  0.000000e+00
  1.000000e+05  5.369420e-08  0.000000e+00
  3.000000e+05  1.883880e-07  0.000000e+00
  5.000000e+05  3.768760e-07  0.000000e+00
  7.000000e+05  5.754370e-07  0.000000e+00
  9.000000e+05  6.356730e-07  0.000000e+00
  1.100000e+06  6.659910e-07  0.000000e+00
  1.300000e+06  6.647940e-07  0.000000e+00
  1.500000e+06  6.282940e-07  0.000000e+00
  1.700000e+06  5.513030e-07  0.000000e+00
  1.900000e+06  4.268410e-07  0.000000e+00
  2.100000e+06  2.461320e-07  0.000000e+00
  2.300000e+06  0.000000e+00  0.000000e+00
  2.000000e+06            20             0             2
  0.000000e+00  0.000000e+00  0.000000e+00
  1.000000e+05  4.299860e-08  0.000000e+00
  3.000000e+05  1.482850e-07  0.000000e+00
  5.000000e+05  2.939750e-07  0.000000e+00
  7.000000e+05  4.507420e-07  0.000000e+00
  9.000000e+05  5.048270e-07  0.000000e+00
  1.100000e+06  5.404520e-07  0.000000e+00
  1.300000e+06  5.578150e-07  0.000000e+00
  1.500000e+06  5.561180e-07  0.000000e+00
  1.700000e+06  5.336660e-07  0.000000e+00
  1.900000e+06  4.877640e-07  0.000000e+00
  2.100000e+06  4.148190e-07  0.000000e+00
  2.300000e+06  3.100410e-07  0.000000e+00
  2.500000e+06  1.676440e-07  0.000000e+00
  2.700000e+06  5.167020e-10  0.000000e+00
  2.900000e+06  4.310840e-10  0.000000e+00
  3.100000e+06  3.327930e-10  0.000000e+00
  3.300000e+06  2.221280e-10  0.000000e+00
  3.500000e+06  9.934890e-11  0.000000e+00
  3.700000e+06  0.000000e+00  0.000000e+00
  2.500000e+06            22             0             2
  0.000000e+00  0.000000e+00  0.000000e+00
  1.000000e+05  3.688160e-08  0.000000e+00
  3.000000e+05  1.259660e-07  0.000000e+00
  5.000000e+05  2.461430e-07  0.000000e+00
  7.000000e+05  3.720100e-07  0.000000e+00
  9.000000e+05  4.143310e-07  0.000000e+00
  1.100000e+06  4.465720e-07  0.000000e+00
  1.300000e+06  4.681320e-07  0.000000e+00
  1.500000e+06  4.778140e-07  0.000000e+00
  1.700000e+06  4.753180e-07  0.000000e+00
  1.900000e+06  4.599470e-07  0.000000e+00
  2.100000e+06  4.301020e-07  0.000000e+00
  2.300000e+06  3.838880e-07  0.000000e+00
  2.500000e+06  3.186090e-07  0.000000e+00
  2.700000e+06  2.310710e-07  0.000000e+00
  2.900000e+06  1.173820e-07  0.000000e+00
  3.100000e+06  1.668900e-09  0.000000e+00
  3.300000e+06  1.375450e-09  0.000000e+00
  3.500000e+06  1.046060e-09  0.000000e+00
  3.700000e+06  6.806380e-10  0.000000e+00
  3.900000e+06  2.813780e-10  0.000000e+00
  4.100000e+06  0.000000e+00  0.000000e+00
  3.000000e+06            24             0             2
  0.000000e+00  0.000000e+00  0.000000e+00
  1.000000e+05  3.283620e-08  0.000000e+00
  3.000000e+05  1.121160e-07  0.000000e+00
  5.000000e+05  2.178430e-07  0.000000e+00
  7.000000e+05  3.258660e-07  0.000000e+00
  9.000000e+05  3.579140e-07  0.000000e+00
  1.100000e+06  3.812750e-07  0.000000e+00
  1.300000e+06  3.985470e-07  0.000000e+00
  1.500000e+06  4.104280e-07  0.000000e+00
  1.700000e+06  4.153190e-07  0.000000e+00
  1.900000e+06  4.121250e-07  0.000000e+00
  2.100000e+06  4.004440e-07  0.000000e+00
  2.300000e+06  3.794780e-07  0.000000e+00
  2.500000e+06  3.482290e-07  0.000000e+00
  2.700000e+06  3.050000e-07  0.000000e+00
  2.900000e+06  2.479940e-07  0.000000e+00
  3.100000e+06  1.749130e-07  0.000000e+00
  3.300000e+06  8.277440e-08  0.000000e+00
  3.500000e+06  1.725170e-09  0.000000e+00
  3.700000e+06  1.406700e-09  0.000000e+00
  3.900000e+06  1.054270e-09  0.000000e+00
  4.100000e+06  6.687040e-10  0.000000e+00
  4.300000e+06  2.517870e-10  0.000000e+00
  4.500000e+06  0.000000e+00  0.000000e+00
  3.500000e+06            26             0             2
  0.000000e+00  0.000000e+00  0.000000e+00
  1.000000e+05  2.973570e-08  0.000000e+00
  3.000000e+05  1.020480e-07  0.000000e+00
  5.000000e+05  1.987040e-07  0.000000e+00
  7.000000e+05  2.965580e-07  0.000000e+00
  9.000000e+05  3.237180e-07  0.000000e+00
  1.100000e+06  3.411910e-07  0.000000e+00
  1.300000e+06  3.521750e-07  0.000000e+00
  1.500000e+06  3.591650e-07  0.000000e+00
  1.700000e+06  3.633580e-07  0.000000e+00
  1.900000e+06  3.643570e-07  0.000000e+00
  2.100000e+06  3.605630e-07  0.000000e+00
  2.300000e+06  3.510770e-07  0.000000e+00
  2.500000e+06  3.354000e-07  0.000000e+00
  2.700000e+06  3.130330e-07  0.000000e+00
  2.900000e+06  2.828780e-07  0.000000e+00
  3.100000e+06  2.439360e-07  0.000000e+00
  3.300000e+06  1.946100e-07  0.000000e+00
  3.500000e+06  1.334010e-07  0.000000e+00
  3.700000e+06  5.803350e-08  0.000000e+00
  3.900000e+06  1.206200e-09  0.000000e+00
  4.100000e+06  9.731500e-10  0.000000e+00
  4.300000e+06  7.190280e-10  0.000000e+00
  4.500000e+06  4.442380e-10  0.000000e+00
  4.700000e+06  1.492780e-10  0.000000e+00
  4.900000e+06  0.000000e+00  0.000000e+00
  4.000000e+06            28             0             2
  0.000000e+00  0.000000e+00  0.000000e+00
  1.000000e+05  2.712280e-08  0.000000e+00
  3.000000e+05  9.375150e-08  0.000000e+00
  5.000000e+05  1.835480e-07  0.000000e+00
  7.000000e+05  2.750230e-07  0.000000e+00
  9.000000e+05  3.002880e-07  0.000000e+00
  1.100000e+06  3.155670e-07  0.000000e+00
  1.300000e+06  3.233570e-07  0.000000e+00
  1.500000e+06  3.263530e-07  0.000000e+00
  1.700000e+06  3.264530e-07  0.000000e+00
  1.900000e+06  3.249550e-07  0.000000e+00
  2.100000e+06  3.221580e-07  0.000000e+00
  2.300000e+06  3.175650e-07  0.000000e+00
  2.500000e+06  3.093760e-07  0.000000e+00
  2.700000e+06  2.970930e-07  0.000000e+00
  2.900000e+06  2.802160e-07  0.000000e+00
  3.100000e+06  2.582460e-07  0.000000e+00
  3.300000e+06  2.304840e-07  0.000000e+00
  3.500000e+06  1.960310e-07  0.000000e+00
  3.700000e+06  1.537890e-07  0.000000e+00
  3.900000e+06  1.023600e-07  0.000000e+00
  4.100000e+06  4.042460e-08  0.000000e+00
  4.300000e+06  9.247320e-10  0.000000e+00
  4.500000e+06  7.389870e-10  0.000000e+00
  4.700000e+06  5.384620e-10  0.000000e+00
  4.900000e+06  3.234570e-10  0.000000e+00
  5.100000e+06  9.418090e-11  0.000000e+00
  5.300000e+06  0.000000e+00  0.000000e+00
  4.500000e+06            30             0             2
  0.000000e+00  0.000000e+00  0.000000e+00
  1.000000e+05  2.482930e-08  0.000000e+00
  3.000000e+05  8.646320e-08  0.000000e+00
  5.000000e+05  1.704890e-07  0.000000e+00
  7.000000e+05  2.569820e-07  0.000000e+00
  9.000000e+05  2.819520e-07  0.000000e+00
  1.100000e+06  2.969330e-07  0.000000e+00
  1.300000e+06  3.041240e-07  0.000000e+00
  1.500000e+06  3.057220e-07  0.000000e+00
  1.700000e+06  3.035250e-07  0.000000e+00
  1.900000e+06  2.990310e-07  0.000000e+00
  2.100000e+06  2.935370e-07  0.000000e+00
  2.300000e+06  2.876450e-07  0.000000e+00
  2.500000e+06  2.814520e-07  0.000000e+00
  2.700000e+06  2.739620e-07  0.000000e+00
  2.900000e+06  2.637740e-07  0.000000e+00
  3.100000e+06  2.505900e-07  0.000000e+00
  3.300000e+06  2.340110e-07  0.000000e+00
  3.500000e+06  2.134360e-07  0.000000e+00
  3.700000e+06  1.884670e-07  0.000000e+00
  3.900000e+06  1.583040e-07  0.000000e+00
  4.100000e+06  1.221490e-07  0.000000e+00
  4.300000e+06  7.899240e-08  0.000000e+00
  4.500000e+06  2.775570e-08  0.000000e+00
  4.700000e+06  7.501730e-10  0.000000e+00
  4.900000e+06  5.940660e-10  0.000000e+00
  5.100000e+06  4.267730e-10  0.000000e+00
  5.300000e+06  2.486930e-10  0.000000e+00
  5.500000e+06  5.984610e-11  0.000000e+00
  5.700000e+06  0.000000e+00  0.000000e+00
  5.000000e+06            32             0             2
  0.000000e+00  0.000000e+00  0.000000e+00
  1.000000e+05  2.278350e-08  0.000000e+00
  3.000000e+05  7.988700e-08  0.000000e+00
  5.000000e+05  1.586150e-07  0.000000e+00
  7.000000e+05  2.408200e-07  0.000000e+00
  9.000000e+05  2.658910e-07  0.000000e+00
  1.100000e+06  2.814720e-07  0.000000e+00
  1.300000e+06  2.893630e-07  0.000000e+00
  1.500000e+06  2.912610e-07  0.000000e+00
  1.700000e+06  2.887640e-07  0.000000e+00
  1.900000e+06  2.831700e-07  0.000000e+00
  2.100000e+06  2.757790e-07  0.000000e+00
  2.300000e+06  2.676880e-07  0.000000e+00
  2.500000e+06  2.595980e-07  0.000000e+00
  2.700000e+06  2.517070e-07  0.000000e+00
  2.900000e+06  2.438160e-07  0.000000e+00
  3.100000e+06  2.350260e-07  0.000000e+00
  3.300000e+06  2.243390e-07  0.000000e+00
  3.500000e+06  2.112540e-07  0.000000e+00
  3.700000e+06  1.955720e-07  0.000000e+00
  3.900000e+06  1.767940e-07  0.000000e+00
  4.100000e+06  1.546200e-07  0.000000e+00
  4.300000e+06  1.284500e-07  0.000000e+00
  4.500000e+06  9.751650e-08  0.000000e+00
  4.700000e+06  6.118880e-08  0.000000e+00
  4.900000e+06  1.858840e-08  0.000000e+00
  5.100000e+06  6.380570e-10  0.000000e+00
  5.300000e+06  5.007170e-10  0.000000e+00
  5.500000e+06  3.545870e-10  0.000000e+00
  5.700000e+06  1.998670e-10  0.000000e+00
  5.900000e+06  3.663740e-11  0.000000e+00
  6.100000e+06  0.000000e+00  0.000000e+00
  5.500000e+06            34             0             2
  0.000000e+00  0.000000e+00  0.000000e+00
  1.000000e+05  2.095770e-08  2.119000e-03
  3.000000e+05  7.393140e-08  2.278000e-03
  5.000000e+05  1.477430e-07  2.460000e-03
  7.000000e+05  2.258600e-07  2.669000e-03
  9.000000e+05  2.510330e-07  2.907000e-03
  1.100000e+06  2.674160e-07  3.181000e-03
  1.300000e+06  2.765060e-07  3.494000e-03
  1.500000e+06  2.795030e-07  3.851000e-03
  1.700000e+06  2.778050e-07  4.256000e-03
  1.900000e+06  2.726100e-07  4.711000e-03
  2.100000e+06  2.649180e-07  5.217000e-03
  2.300000e+06  2.558280e-07  5.614000e-03
  2.500000e+06  2.461380e-07  5.889000e-03
  2.700000e+06  2.364490e-07  6.142000e-03
  2.900000e+06  2.273580e-07  6.379000e-03
  3.100000e+06  2.186670e-07  6.572000e-03
  3.300000e+06  2.102760e-07  6.726000e-03
  3.500000e+06  2.012860e-07  6.865000e-03
  3.700000e+06  1.906970e-07  7.024000e-03
  3.900000e+06  1.782110e-07  7.222000e-03
  4.100000e+06  1.638260e-07  7.489000e-03
  4.300000e+06  1.469440e-07  7.872000e-03
  4.500000e+06  1.273650e-07  8.467000e-03
  4.700000e+06  1.046890e-07  9.480000e-03
  4.900000e+06  7.823680e-08  1.147000e-02
  5.100000e+06  4.754940e-08  1.671000e-02
  5.300000e+06  1.193730e-08  5.731000e-02
  5.500000e+06  5.658980e-10  1.000000e+00
  5.700000e+06  4.401320e-10  1.000000e+00
  5.900000e+06  3.071730e-10  1.000000e+00
  6.100000e+06  1.669230e-10  1.000000e+00
  6.300000e+06  1.957920e-11  1.000000e+00
  6.500000e+06  0.000000e+00  1.000000e+00
  6.000000e+06            36             0             2
  0.000000e+00  0.000000e+00  0.000000e+00
  1.000000e+05  1.932000e-08  2.047000e-03
  3.000000e+05  6.851910e-08  2.189000e-03
  5.000000e+05  1.377580e-07  2.350000e-03
  7.000000e+05  2.117810e-07  2.534000e-03
  9.000000e+05  2.369550e-07  2.743000e-03
  1.100000e+06  2.540370e-07  2.983000e-03
  1.300000e+06  2.643270e-07  3.256000e-03
  1.500000e+06  2.688220e-07  3.567000e-03
  1.700000e+06  2.685220e-07  3.923000e-03
  1.900000e+06  2.644270e-07  4.326000e-03
  2.100000e+06  2.574340e-07  4.782000e-03
  2.300000e+06  2.485430e-07  5.292000e-03
  2.500000e+06  2.384530e-07  5.855000e-03
  2.700000e+06  2.278640e-07  6.267000e-03
  2.900000e+06  2.173750e-07  6.563000e-03
  3.100000e+06  2.073860e-07  6.838000e-03
  3.300000e+06  1.980950e-07  7.093000e-03
  3.500000e+06  1.894040e-07  7.301000e-03
  3.700000e+06  1.811130e-07  7.471000e-03
  3.900000e+06  1.722220e-07  7.630000e-03
  4.100000e+06  1.621320e-07  7.815000e-03
  4.300000e+06  1.506440e-07  8.048000e-03
  4.500000e+06  1.375580e-07  8.362000e-03
  4.700000e+06  1.225730e-07  8.815000e-03
  4.900000e+06  1.053910e-07  9.520000e-03
  5.100000e+06  8.567140e-08  1.073000e-02
  5.300000e+06  6.304480e-08  1.313000e-02
  5.500000e+06  3.702170e-08  1.971000e-02
  5.700000e+06  7.107650e-09  8.793000e-02
  5.900000e+06  5.137690e-10  1.000000e+00
  6.100000e+06  3.960900e-10  1.000000e+00
  6.300000e+06  2.721190e-10  1.000000e+00
  6.500000e+06  1.419530e-10  1.000000e+00
  6.700000e+06  5.738070e-12  1.000000e+00
  6.900000e+06  0.000000e+00  1.000000e+00
  6.500000e+06            37             0             2
  0.000000e+00  0.000000e+00  0.000000e+00
  1.000000e+05  1.786440e-08  2.011000e-03
  3.000000e+05  6.363440e-08  2.135000e-03
  5.000000e+05  1.285880e-07  2.281000e-03
  7.000000e+05  1.987260e-07  2.446000e-03
  9.000000e+05  2.236050e-07  2.633000e-03
  1.100000e+06  2.411890e-07  2.846000e-03
  1.300000e+06  2.525790e-07  3.087000e-03
  1.500000e+06  2.583740e-07  3.362000e-03
  1.700000e+06  2.595730e-07  3.676000e-03
  1.900000e+06  2.569750e-07  4.032000e-03
  2.100000e+06  2.513800e-07  4.438000e-03
  2.300000e+06  2.433870e-07  4.896000e-03
  2.500000e+06  2.336960e-07  5.412000e-03
  2.700000e+06  2.232050e-07  5.986000e-03
  2.900000e+06  2.122150e-07  6.618000e-03
  3.100000e+06  2.012240e-07  7.045000e-03
  3.300000e+06  1.908330e-07  7.367000e-03
  3.500000e+06  1.810420e-07  7.667000e-03
  3.700000e+06  1.721500e-07  7.943000e-03
  3.900000e+06  1.638570e-07  8.170000e-03
  4.100000e+06  1.558640e-07  8.359000e-03
  4.300000e+06  1.474710e-07  8.543000e-03
  4.500000e+06  1.381790e-07  8.760000e-03
  4.700000e+06  1.276880e-07  9.034000e-03
  4.900000e+06  1.158990e-07  9.406000e-03
  5.100000e+06  1.026100e-07  9.944000e-03
  5.300000e+06  8.752350e-08  1.078000e-02
  5.500000e+06  7.044840e-08  1.223000e-02
  5.700000e+06  5.101540e-08  1.515000e-02
  5.900000e+06  2.886480e-08  2.350000e-02
  6.100000e+06  3.606850e-09  1.603000e-01
  6.300000e+06  4.724870e-10  1.000000e+00
  6.500000e+06  3.609840e-10  1.000000e+00
  6.700000e+06  2.439870e-10  1.000000e+00
  6.900000e+06  1.215940e-10  1.000000e+00
  7.100000e+06  0.000000e+00  1.000000e+00
  7.000000e+06            39             0             2
  0.000000e+00  0.000000e+00  0.000000e+00
  1.000000e+05  1.655750e-08  2.005000e-03
  3.000000e+05  5.923540e-08  2.117000e-03
  5.000000e+05  1.202100e-07  2.242000e-03
  7.000000e+05  1.866600e-07  2.387000e-03
  9.000000e+05  2.110410e-07  2.557000e-03
  1.100000e+06  2.289280e-07  2.748000e-03
  1.300000e+06  2.410190e-07  2.965000e-03
  1.500000e+06  2.481130e-07  3.210000e-03
  1.700000e+06  2.507110e-07  3.489000e-03
  1.900000e+06  2.497120e-07  3.806000e-03
  2.100000e+06  2.455150e-07  4.165000e-03
  2.300000e+06  2.388200e-07  4.574000e-03
  2.500000e+06  2.303270e-07  5.036000e-03
  2.700000e+06  2.203340e-07  5.558000e-03
  2.900000e+06  2.096420e-07  6.141000e-03
  3.100000e+06  1.985510e-07  6.789000e-03
  3.300000e+06  1.875590e-07  7.500000e-03
  3.500000e+06  1.769670e-07  7.941000e-03
  3.700000e+06  1.669740e-07  8.292000e-03
  3.900000e+06  1.578810e-07  8.622000e-03
  4.100000e+06  1.494880e-07  8.922000e-03
  4.300000e+06  1.417930e-07  9.171000e-03
  4.500000e+06  1.342990e-07  9.383000e-03
  4.700000e+06  1.265050e-07  9.596000e-03
  4.900000e+06  1.179110e-07  9.850000e-03
  5.100000e+06  1.085180e-07  1.017000e-02
  5.300000e+06  9.793630e-08  1.061000e-02
  5.500000e+06  8.617520e-08  1.125000e-02
  5.700000e+06  7.299510e-08  1.225000e-02
  5.900000e+06  5.817620e-08  1.398000e-02
  6.100000e+06  4.143880e-08  1.755000e-02
  6.300000e+06  2.251310e-08  2.825000e-02
  6.500000e+06  5.395940e-10  1.000000e+00
  6.700000e+06  4.380700e-10  1.000000e+00
  6.900000e+06  3.316500e-10  1.000000e+00
  7.100000e+06  2.203340e-10  1.000000e+00
  7.300000e+06  1.042220e-10  1.000000e+00
  7.500000e+06  0.000000e+00  1.000000e+00
  7.500000e+06            41             0             2
  0.000000e+00  0.000000e+00  0.000000e+00
  1.000000e+05  1.538840e-08  2.019000e-03
  3.000000e+05  5.523840e-08  2.126000e-03
  5.000000e+05  1.125150e-07  2.243000e-03
  7.000000e+05  1.754680e-07  2.375000e-03
  9.000000e+05  1.992500e-07  2.521000e-03
  1.100000e+06  2.171360e-07  2.691000e-03
  1.300000e+06  2.297270e-07  2.889000e-03
  1.500000e+06  2.377210e-07  3.111000e-03
  1.700000e+06  2.416180e-07  3.362000e-03
  1.900000e+06  2.420180e-07  3.646000e-03
  2.100000e+06  2.393200e-07  3.969000e-03
  2.300000e+06  2.341240e-07  4.334000e-03
  2.500000e+06  2.268290e-07  4.749000e-03
  2.700000e+06  2.180360e-07  5.218000e-03
  2.900000e+06  2.080430e-07  5.747000e-03
  3.100000e+06  1.974510e-07  6.343000e-03
  3.300000e+06  1.864600e-07  7.007000e-03
  3.500000e+06  1.756680e-07  7.741000e-03
  3.700000e+06  1.650760e-07  8.544000e-03
  3.900000e+06  1.551830e-07  8.997000e-03
  4.100000e+06  1.458900e-07  9.382000e-03
  4.300000e+06  1.374960e-07  9.748000e-03
  4.500000e+06  1.298020e-07  1.008000e-02
  4.700000e+06  1.227080e-07  1.035000e-02
  4.900000e+06  1.159130e-07  1.059000e-02
  5.100000e+06  1.087180e-07  1.084000e-02
  5.300000e+06  1.009240e-07  1.114000e-02
  5.500000e+06  9.239040e-08  1.152000e-02
  5.700000e+06  8.300750e-08  1.204000e-02
  5.900000e+06  7.262530e-08  1.280000e-02
  6.100000e+06  6.108400e-08  1.400000e-02
  6.300000e+06  4.820370e-08  1.609000e-02
  6.500000e+06  3.376460e-08  2.047000e-02
  6.700000e+06  1.753680e-08  3.433000e-02
  6.900000e+06  5.083170e-10  1.000000e+00
  7.100000e+06  4.100910e-10  1.000000e+00
  7.300000e+06  3.075680e-10  1.000000e+00
  7.500000e+06  2.005490e-10  1.000000e+00
  7.700000e+06  8.931270e-11  1.000000e+00
  7.900000e+06  0.000000e+00  1.000000e+00
  8.000000e+06            43             0             2
  0.000000e+00  0.000000e+00  0.000000e+00
  1.000000e+05  1.434990e-08  2.041000e-03
  3.000000e+05  5.164370e-08  2.152000e-03
  5.000000e+05  1.055260e-07  2.270000e-03
  7.000000e+05  1.650840e-07  2.395000e-03
  9.000000e+05  1.882680e-07  2.533000e-03
  1.100000e+06  2.059550e-07  2.687000e-03
  1.300000e+06  2.189460e-07  2.859000e-03
  1.500000e+06  2.276400e-07  3.059000e-03
  1.700000e+06  2.325370e-07  3.289000e-03
  1.900000e+06  2.341360e-07  3.549000e-03
  2.100000e+06  2.328360e-07  3.841000e-03
  2.300000e+06  2.290390e-07  4.172000e-03
  2.500000e+06  2.231430e-07  4.546000e-03
  2.700000e+06  2.155490e-07  4.970000e-03
  2.900000e+06  2.066550e-07  5.449000e-03
  3.100000e+06  1.968620e-07  5.990000e-03
  3.300000e+06  1.864690e-07  6.600000e-03
  3.500000e+06  1.757770e-07  7.283000e-03
  3.700000e+06  1.651840e-07  8.042000e-03
  3.900000e+06  1.548910e-07  8.879000e-03
  4.100000e+06  1.450980e-07  9.785000e-03
  4.300000e+06  1.359050e-07  1.025000e-02
  4.500000e+06  1.275100e-07  1.068000e-02
  4.700000e+06  1.198160e-07  1.109000e-02
  4.900000e+06  1.129210e-07  1.145000e-02
  5.100000e+06  1.064250e-07  1.176000e-02
  5.300000e+06  1.001300e-07  1.203000e-02
  5.500000e+06  9.362420e-08  1.232000e-02
  5.700000e+06  8.658920e-08  1.267000e-02
  5.900000e+06  7.894460e-08  1.313000e-02
  6.100000e+06  7.061040e-08  1.375000e-02
  6.300000e+06  6.144680e-08  1.466000e-02
  6.500000e+06  5.132390e-08  1.609000e-02
  6.700000e+06  4.010180e-08  1.862000e-02
  6.900000e+06  2.760060e-08  2.404000e-02
  7.100000e+06  1.363040e-08  4.224000e-02
  7.300000e+06  4.840600e-10  1.000000e+00
  7.500000e+06  3.881270e-10  1.000000e+00
  7.700000e+06  2.881980e-10  1.000000e+00
  7.900000e+06  1.842710e-10  1.000000e+00
  8.100000e+06  7.645630e-11  1.000000e+00
  8.300000e+06  0.000000e+00  1.000000e+00
  8.500000e+06            45             0             2
  0.000000e+00  0.000000e+00  0.000000e+00
  1.000000e+05  1.342050e-08  2.060000e-03
  3.000000e+05  4.840560e-08  2.167000e-03
  5.000000e+05  9.915950e-08  2.284000e-03
  7.000000e+05  1.556890e-07  2.413000e-03
  9.000000e+05  1.780730e-07  2.550000e-03
  1.100000e+06  1.955610e-07  2.696000e-03
  1.300000e+06  2.086520e-07  2.857000e-03
  1.500000e+06  2.178450e-07  3.036000e-03
  1.700000e+06  2.236410e-07  3.236000e-03
  1.900000e+06  2.262390e-07  3.470000e-03
  2.100000e+06  2.260390e-07  3.737000e-03
  2.300000e+06  2.235410e-07  4.038000e-03
  2.500000e+06  2.189440e-07  4.377000e-03
  2.700000e+06  2.126490e-07  4.759000e-03
  2.900000e+06  2.049540e-07  5.192000e-03
  3.100000e+06  1.961600e-07  5.680000e-03
  3.300000e+06  1.865670e-07  6.231000e-03
  3.500000e+06  1.765740e-07  6.853000e-03
  3.700000e+06  1.662820e-07  7.551000e-03
  3.900000e+06  1.559890e-07  8.330000e-03
  4.100000e+06  1.459960e-07  9.195000e-03
  4.300000e+06  1.364030e-07  1.014000e-02
  4.500000e+06  1.274090e-07  1.112000e-02
  4.700000e+06  1.190150e-07  1.164000e-02
  4.900000e+06  1.114210e-07  1.211000e-02
  5.100000e+06  1.045260e-07  1.256000e-02
  5.300000e+06  9.827010e-08  1.296000e-02
  5.500000e+06  9.244430e-08  1.331000e-02
  5.700000e+06  8.675830e-08  1.362000e-02
  5.900000e+06  8.084250e-08  1.395000e-02
  6.100000e+06  7.450700e-08  1.437000e-02
  6.300000e+06  6.767190e-08  1.490000e-02
  6.500000e+06  6.025710e-08  1.564000e-02
  6.700000e+06  5.217290e-08  1.672000e-02
  6.900000e+06  4.327920e-08  1.843000e-02
  7.100000e+06  3.348620e-08  2.149000e-02
  7.300000e+06  2.262390e-08  2.817000e-02
  7.500000e+06  1.055250e-08  5.222000e-02
  7.700000e+06  4.611720e-10  1.000000e+00
  7.900000e+06  3.674390e-10  1.000000e+00
  8.100000e+06  2.701080e-10  1.000000e+00
  8.300000e+06  1.690800e-10  1.000000e+00
  8.500000e+06  6.446420e-11  1.000000e+00
  8.700000e+06  0.000000e+00  1.000000e+00
  9.000000e+06            47             0             2
  0.000000e+00  0.000000e+00  0.000000e+00
  1.000000e+05  1.334140e-08  1.936000e-03
  3.000000e+05  4.776930e-08  2.053000e-03
  5.000000e+05  9.717760e-08  2.179000e-03
  7.000000e+05  1.516030e-07  2.317000e-03
  9.000000e+05  1.724890e-07  2.467000e-03
  1.100000e+06  1.887790e-07  2.629000e-03
  1.300000e+06  2.008710e-07  2.799000e-03
  1.500000e+06  2.095650e-07  2.978000e-03
  1.700000e+06  2.150620e-07  3.174000e-03
  1.900000e+06  2.178600e-07  3.389000e-03
  2.100000e+06  2.183600e-07  3.624000e-03
  2.300000e+06  2.166610e-07  3.899000e-03
  2.500000e+06  2.131630e-07  4.208000e-03
  2.700000e+06  2.079660e-07  4.554000e-03
  2.900000e+06  2.014710e-07  4.942000e-03
  3.100000e+06  1.937760e-07  5.380000e-03
  3.300000e+06  1.852810e-07  5.873000e-03
  3.500000e+06  1.760870e-07  6.430000e-03
  3.700000e+06  1.664930e-07  7.057000e-03
  3.900000e+06  1.565990e-07  7.763000e-03
  4.100000e+06  1.468060e-07  8.553000e-03
  4.300000e+06  1.372120e-07  9.434000e-03
  4.500000e+06  1.280180e-07  1.041000e-02
  4.700000e+06  1.193230e-07  1.147000e-02
  4.900000e+06  1.112290e-07  1.252000e-02
  5.100000e+06  1.037330e-07  1.308000e-02
  5.300000e+06  9.693770e-08  1.359000e-02
  5.500000e+06  9.079170e-08  1.409000e-02
  5.700000e+06  8.520530e-08  1.453000e-02
  5.900000e+06  7.997860e-08  1.491000e-02
  6.100000e+06  7.487190e-08  1.526000e-02
  6.300000e+06  6.956530e-08  1.565000e-02
  6.500000e+06  6.390890e-08  1.613000e-02
  6.700000e+06  5.784280e-08  1.676000e-02
  6.900000e+06  5.128710e-08  1.762000e-02
  7.100000e+06  4.418160e-08  1.889000e-02
  7.300000e+06  3.640660e-08  2.092000e-02
  7.500000e+06  2.788210e-08  2.457000e-02
  7.700000e+06  1.847810e-08  3.274000e-02
  7.900000e+06  8.069820e-09  6.459000e-02
  8.100000e+06  4.342210e-10  1.000000e+00
  8.300000e+06  3.437790e-10  1.000000e+00
  8.500000e+06  2.499390e-10  1.000000e+00
  8.700000e+06  1.529020e-10  1.000000e+00
  8.900000e+06  5.258620e-11  1.000000e+00
  9.100000e+06  0.000000e+00  1.000000e+00
  9.500000e+06            49             0             2
  0.000000e+00  0.000000e+00  0.000000e+00
  1.000000e+05  1.271190e-08  1.895000e-03
  3.000000e+05  4.558100e-08  2.006000e-03
  5.000000e+05  9.286090e-08  2.127000e-03
  7.000000e+05  1.451080e-07  2.258000e-03
  9.000000e+05  1.652950e-07  2.401000e-03
  1.100000e+06  1.810850e-07  2.556000e-03
  1.300000e+06  1.930770e-07  2.724000e-03
  1.500000e+06  2.016720e-07  2.907000e-03
  1.700000e+06  2.073680e-07  3.097000e-03
  1.900000e+06  2.105660e-07  3.300000e-03
  2.100000e+06  2.115650e-07  3.521000e-03
  2.300000e+06  2.105660e-07  3.763000e-03
  2.500000e+06  2.078680e-07  4.029000e-03
  2.700000e+06  2.036700e-07  4.341000e-03
  2.900000e+06  1.981740e-07  4.691000e-03
  3.100000e+06  1.915780e-07  5.082000e-03
  3.300000e+06  1.839830e-07  5.521000e-03
  3.500000e+06  1.757880e-07  6.014000e-03
  3.700000e+06  1.668940e-07  6.571000e-03
  3.900000e+06  1.577000e-07  7.197000e-03
  4.100000e+06  1.484060e-07  7.902000e-03
  4.300000e+06  1.391120e-07  8.693000e-03
  4.500000e+06  1.299170e-07  9.577000e-03
  4.700000e+06  1.210230e-07  1.056000e-02
  4.900000e+06  1.126280e-07  1.164000e-02
  5.100000e+06  1.047330e-07  1.282000e-02
  5.300000e+06  9.747800e-08  1.392000e-02
  5.500000e+06  9.077230e-08  1.453000e-02
  5.700000e+06  8.471610e-08  1.508000e-02
  5.900000e+06  7.923960e-08  1.563000e-02
  6.100000e+06  7.424280e-08  1.610000e-02
  6.300000e+06  6.956570e-08  1.652000e-02
  6.500000e+06  6.497870e-08  1.691000e-02
  6.700000e+06  6.020170e-08  1.736000e-02
  6.900000e+06  5.513490e-08  1.791000e-02
  7.100000e+06  4.973840e-08  1.863000e-02
  7.300000e+06  4.393210e-08  1.963000e-02
  7.500000e+06  3.764610e-08  2.110000e-02
  7.700000e+06  3.082040e-08  2.347000e-02
  7.900000e+06  2.335510e-08  2.779000e-02
  8.100000e+06  1.516040e-08  3.769000e-02
  8.300000e+06  6.130100e-09  8.005000e-02
  8.500000e+06  4.068410e-10  1.000000e+00
  8.700000e+06  3.199960e-10  1.000000e+00
  8.900000e+06  2.301540e-10  1.000000e+00
  9.100000e+06  1.372130e-10  1.000000e+00
  9.300000e+06  4.145360e-11  1.000000e+00
  9.500000e+06  0.000000e+00  1.000000e+00
  1.000000e+07            51             0             2
  0.000000e+00  0.000000e+00  0.000000e+00
  1.000000e+05  1.214250e-08  1.855000e-03
  3.000000e+05  4.360320e-08  1.960000e-03
  5.000000e+05  8.895530e-08  2.075000e-03
  7.000000e+05  1.392140e-07  2.200000e-03
  9.000000e+05  1.588020e-07  2.336000e-03
  1.100000e+06  1.741930e-07  2.484000e-03
  1.300000e+06  1.859860e-07  2.644000e-03
  1.500000e+06  1.945800e-07  2.818000e-03
  1.700000e+06  2.003770e-07  3.006000e-03
  1.900000e+06  2.037750e-07  3.212000e-03
  2.100000e+06  2.051740e-07  3.424000e-03
  2.300000e+06  2.046740e-07  3.651000e-03
  2.500000e+06  2.025750e-07  3.900000e-03
  2.700000e+06  1.991780e-07  4.173000e-03
  2.900000e+06  1.944800e-07  4.473000e-03
  3.100000e+06  1.886840e-07  4.826000e-03
  3.300000e+06  1.820880e-07  5.220000e-03
  3.500000e+06  1.747930e-07  5.661000e-03
  3.700000e+06  1.667970e-07  6.155000e-03
  3.900000e+06  1.583030e-07  6.710000e-03
  4.100000e+06  1.496080e-07  7.335000e-03
  4.300000e+06  1.408130e-07  8.038000e-03
  4.500000e+06  1.319190e-07  8.827000e-03
  4.700000e+06  1.232240e-07  9.711000e-03
  4.900000e+06  1.147290e-07  1.070000e-02
  5.100000e+06  1.066340e-07  1.179000e-02
  5.300000e+06  9.905910e-08  1.299000e-02
  5.500000e+06  9.198350e-08  1.430000e-02
  5.700000e+06  8.546750e-08  1.544000e-02
  5.900000e+06  7.950110e-08  1.610000e-02
  6.100000e+06  7.411440e-08  1.670000e-02
  6.300000e+06  6.924740e-08  1.729000e-02
  6.500000e+06  6.479020e-08  1.780000e-02
  6.700000e+06  6.061270e-08  1.825000e-02
  6.900000e+06  5.648530e-08  1.869000e-02
  7.100000e+06  5.219790e-08  1.920000e-02
  7.300000e+06  4.768070e-08  1.983000e-02
  7.500000e+06  4.286370e-08  2.066000e-02
  7.700000e+06  3.771680e-08  2.181000e-02
  7.900000e+06  3.216020e-08  2.351000e-02
  8.100000e+06  2.615390e-08  2.627000e-02
  8.300000e+06  1.960790e-08  3.136000e-02
  8.500000e+06  1.245230e-08  4.337000e-02
  8.700000e+06  4.592180e-09  1.006000e-01
  8.900000e+06  3.813660e-10  1.000000e+00
  9.100000e+06  2.979170e-10  1.000000e+00
  9.300000e+06  2.117700e-10  1.000000e+00
  9.500000e+06  1.228250e-10  1.000000e+00
  9.700000e+06  3.129080e-11  1.000000e+00
  9.900000e+06  0.000000e+00  1.000000e+00
  1.050000e+07            53             0             2
  0.000000e+00  0.000000e+00  0.000000e+00
  1.000000e+05  1.161330e-08  1.819000e-03
  3.000000e+05  4.178580e-08  1.919000e-03
  5.000000e+05  8.539060e-08  2.029000e-03
  7.000000e+05  1.338230e-07  2.148000e-03
  9.000000e+05  1.529110e-07  2.277000e-03
  1.100000e+06  1.680030e-07  2.418000e-03
  1.300000e+06  1.795960e-07  2.571000e-03
  1.500000e+06  1.880910e-07  2.736000e-03
  1.700000e+06  1.939880e-07  2.916000e-03
  1.900000e+06  1.975860e-07  3.110000e-03
  2.100000e+06  1.991850e-07  3.322000e-03
  2.300000e+06  1.990850e-07  3.552000e-03
  2.500000e+06  1.974860e-07  3.789000e-03
  2.700000e+06  1.945870e-07  4.044000e-03
  2.900000e+06  1.905900e-07  4.324000e-03
  3.100000e+06  1.855930e-07  4.631000e-03
  3.300000e+06  1.796960e-07  4.970000e-03
  3.500000e+06  1.731000e-07  5.368000e-03
  3.700000e+06  1.660040e-07  5.811000e-03
  3.900000e+06  1.583080e-07  6.306000e-03
  4.100000e+06  1.503130e-07  6.862000e-03
  4.300000e+06  1.420180e-07  7.486000e-03
  4.500000e+06  1.336230e-07  8.187000e-03
  4.700000e+06  1.253270e-07  8.974000e-03
  4.900000e+06  1.170320e-07  9.856000e-03
  5.100000e+06  1.090370e-07  1.084000e-02
  5.300000e+06  1.012410e-07  1.194000e-02
  5.500000e+06  9.397560e-08  1.315000e-02
  5.700000e+06  8.713960e-08  1.448000e-02
  5.900000e+06  8.081320e-08  1.593000e-02
  6.100000e+06  7.500660e-08  1.711000e-02
  6.300000e+06  6.970970e-08  1.783000e-02
  6.500000e+06  6.492240e-08  1.847000e-02
  6.700000e+06  6.059490e-08  1.911000e-02
  6.900000e+06  5.663720e-08  1.967000e-02
  7.100000e+06  5.289940e-08  2.016000e-02
  7.300000e+06  4.920150e-08  2.066000e-02
  7.500000e+06  4.535380e-08  2.123000e-02
  7.700000e+06  4.131610e-08  2.195000e-02
  7.900000e+06  3.702860e-08  2.290000e-02
  8.100000e+06  3.245120e-08  2.422000e-02
  8.300000e+06  2.754410e-08  2.619000e-02
  8.500000e+06  2.224710e-08  2.940000e-02
  8.700000e+06  1.649050e-08  3.541000e-02
  8.900000e+06  1.022410e-08  5.000000e-02
  9.100000e+06  3.373050e-09  1.293000e-01
  9.300000e+06  3.582930e-10  1.000000e+00
  9.500000e+06  2.779390e-10  1.000000e+00
  9.700000e+06  1.950870e-10  1.000000e+00
  9.900000e+06  1.098360e-10  1.000000e+00
  1.010000e+07  2.205720e-11  1.000000e+00
  1.030000e+07  0.000000e+00  1.000000e+00
  1.100000e+07            55             0             2
  0.000000e+00  0.000000e+00  0.000000e+00
  1.000000e+05  1.113400e-08  1.790000e-03
  3.000000e+05  4.010850e-08  1.886000e-03
  5.000000e+05  8.209590e-08  1.990000e-03
  7.000000e+05  1.288310e-07  2.104000e-03
  9.000000e+05  1.474210e-07  2.227000e-03
  1.100000e+06  1.622130e-07  2.362000e-03
  1.300000e+06  1.737070e-07  2.507000e-03
  1.500000e+06  1.822020e-07  2.665000e-03
  1.700000e+06  1.880990e-07  2.836000e-03
  1.900000e+06  1.918970e-07  3.022000e-03
  2.100000e+06  1.936960e-07  3.223000e-03
  2.300000e+06  1.938960e-07  3.441000e-03
  2.500000e+06  1.926970e-07  3.678000e-03
  2.700000e+06  1.901980e-07  3.936000e-03
  2.900000e+06  1.867000e-07  4.201000e-03
  3.100000e+06  1.823020e-07  4.488000e-03
  3.300000e+06  1.770050e-07  4.802000e-03
  3.500000e+06  1.711080e-07  5.147000e-03
  3.700000e+06  1.646120e-07  5.532000e-03
  3.900000e+06  1.577150e-07  5.979000e-03
  4.100000e+06  1.504190e-07  6.478000e-03
  4.300000e+06  1.427230e-07  7.035000e-03
  4.500000e+06  1.349280e-07  7.659000e-03
  4.700000e+06  1.270320e-07  8.360000e-03
  4.900000e+06  1.191360e-07  9.146000e-03
  5.100000e+06  1.113400e-07  1.003000e-02
  5.300000e+06  1.037440e-07  1.101000e-02
  5.500000e+06  9.636830e-08  1.211000e-02
  5.700000e+06  8.938200e-08  1.334000e-02
  5.900000e+06  8.280550e-08  1.468000e-02
  6.100000e+06  7.668880e-08  1.616000e-02
  6.300000e+06  7.105190e-08  1.776000e-02
  6.500000e+06  6.589460e-08  1.898000e-02
  6.700000e+06  6.118720e-08  1.975000e-02
  6.900000e+06  5.694940e-08  2.045000e-02
  7.100000e+06  5.311150e-08  2.114000e-02
  7.300000e+06  4.959340e-08  2.175000e-02
  7.500000e+06  4.624520e-08  2.229000e-02
  7.700000e+06  4.292700e-08  2.285000e-02
  7.900000e+06  3.948880e-08  2.350000e-02
  8.100000e+06  3.587070e-08  2.432000e-02
  8.300000e+06  3.205280e-08  2.540000e-02
  8.500000e+06  2.799500e-08  2.692000e-02
  8.700000e+06  2.364730e-08  2.920000e-02
  8.900000e+06  1.895980e-08  3.294000e-02
  9.100000e+06  1.390250e-08  4.003000e-02
  9.300000e+06  8.404490e-09  5.782000e-02
  9.500000e+06  2.408710e-09  1.714000e-01
  9.700000e+06  3.377190e-10  1.000000e+00
  9.900000e+06  2.600600e-10  1.000000e+00
  1.010000e+07  1.802030e-10  1.000000e+00
  1.030000e+07  9.801740e-11  1.000000e+00
  1.050000e+07  1.361270e-11  1.000000e+00
  1.070000e+07  0.000000e+00  1.000000e+00
  1.150000e+07            57             0             2
  0.000000e+00  0.000000e+00  0.000000e+00
  1.000000e+05  1.068430e-08  1.770000e-03
  3.000000e+05  3.854930e-08  1.862000e-03
  5.000000e+05  7.903750e-08  1.962000e-03
  7.000000e+05  1.242330e-07  2.071000e-03
  9.000000e+05  1.424230e-07  2.189000e-03
  1.100000e+06  1.569160e-07  2.318000e-03
  1.300000e+06  1.682100e-07  2.457000e-03
  1.500000e+06  1.767050e-07  2.609000e-03
  1.700000e+06  1.827020e-07  2.772000e-03
  1.900000e+06  1.866000e-07  2.950000e-03
  2.100000e+06  1.886990e-07  3.142000e-03
  2.300000e+06  1.890980e-07  3.351000e-03
  2.500000e+06  1.881990e-07  3.576000e-03
  2.700000e+06  1.861000e-07  3.821000e-03
  2.900000e+06  1.830020e-07  4.088000e-03
  3.100000e+06  1.790040e-07  4.377000e-03
  3.300000e+06  1.742060e-07  4.673000e-03
  3.500000e+06  1.689090e-07  4.997000e-03
  3.700000e+06  1.630120e-07  5.351000e-03
  3.900000e+06  1.566160e-07  5.740000e-03
  4.100000e+06  1.499190e-07  6.176000e-03
  4.300000e+06  1.428230e-07  6.680000e-03
  4.500000e+06  1.356270e-07  7.242000e-03
  4.700000e+06  1.282310e-07  7.870000e-03
  4.900000e+06  1.208350e-07  8.572000e-03
  5.100000e+06  1.133390e-07  9.360000e-03
  5.300000e+06  1.059430e-07  1.024000e-02
  5.500000e+06  9.878690e-08  1.123000e-02
  5.700000e+06  9.184060e-08  1.234000e-02
  5.900000e+06  8.518420e-08  1.357000e-02
  6.100000e+06  7.888760e-08  1.493000e-02
  6.300000e+06  7.300070e-08  1.643000e-02
  6.500000e+06  6.754370e-08  1.806000e-02
  6.700000e+06  6.253640e-08  1.983000e-02
  6.900000e+06  5.795880e-08  2.109000e-02
  7.100000e+06  5.379110e-08  2.192000e-02
  7.300000e+06  5.003310e-08  2.270000e-02
  7.500000e+06  4.662490e-08  2.344000e-02
  7.700000e+06  4.348660e-08  2.410000e-02
  7.900000e+06  4.050820e-08  2.470000e-02
  8.100000e+06  3.752980e-08  2.532000e-02
  8.300000e+06  3.445150e-08  2.607000e-02
  8.500000e+06  3.121320e-08  2.700000e-02
  8.700000e+06  2.781500e-08  2.825000e-02
  8.900000e+06  2.419700e-08  2.999000e-02
  9.100000e+06  2.033910e-08  3.263000e-02
  9.300000e+06  1.620130e-08  3.699000e-02
  9.500000e+06  1.174370e-08  4.538000e-02
  9.700000e+06  6.904290e-09  6.719000e-02
  9.900000e+06  1.648110e-09  2.384000e-01
  1.010000e+07  3.197280e-10  1.000000e+00
  1.030000e+07  2.444680e-10  1.000000e+00
  1.050000e+07  1.670100e-10  1.000000e+00
  1.070000e+07  8.744300e-11  1.000000e+00
  1.090000e+07  5.837860e-12  1.000000e+00
  1.110000e+07  0.000000e+00  1.000000e+00
  1.200000e+07            58             0             2
  0.000000e+00  0.000000e+00  0.000000e+00
  1.000000e+05  1.026470e-08  1.757000e-03
  3.000000e+05  3.709070e-08  1.852000e-03
  5.000000e+05  7.617030e-08  1.948000e-03
  7.000000e+05  1.199380e-07  2.053000e-03
  9.000000e+05  1.377280e-07  2.167000e-03
  1.100000e+06  1.519210e-07  2.291000e-03
  1.300000e+06  1.631150e-07  2.426000e-03
  1.500000e+06  1.716110e-07  2.572000e-03
  1.700000e+06  1.777070e-07  2.729000e-03
  1.900000e+06  1.817050e-07  2.901000e-03
  2.100000e+06  1.840040e-07  3.086000e-03
  2.300000e+06  1.847040e-07  3.286000e-03
  2.500000e+06  1.840040e-07  3.503000e-03
  2.700000e+06  1.822050e-07  3.738000e-03
  2.900000e+06  1.794070e-07  3.993000e-03
  3.100000e+06  1.758080e-07  4.269000e-03
  3.300000e+06  1.715110e-07  4.569000e-03
  3.500000e+06  1.665130e-07  4.894000e-03
  3.700000e+06  1.611160e-07  5.229000e-03
  3.900000e+06  1.552190e-07  5.595000e-03
  4.100000e+06  1.490220e-07  5.996000e-03
  4.300000e+06  1.425260e-07  6.437000e-03
  4.500000e+06  1.358290e-07  6.932000e-03
  4.700000e+06  1.289330e-07  7.503000e-03
  4.900000e+06  1.219360e-07  8.139000e-03
  5.100000e+06  1.149400e-07  8.849000e-03
  5.300000e+06  1.079440e-07  9.643000e-03
  5.500000e+06  1.010470e-07  1.053000e-02
  5.700000e+06  9.421090e-08  1.153000e-02
  5.900000e+06  8.764430e-08  1.264000e-02
  6.100000e+06  8.132760e-08  1.388000e-02
  6.300000e+06  7.532080e-08  1.526000e-02
  6.500000e+06  6.967370e-08  1.679000e-02
  6.700000e+06  6.440650e-08  1.846000e-02
  6.900000e+06  5.954900e-08  2.029000e-02
  7.100000e+06  5.511130e-08  2.225000e-02
  7.300000e+06  5.105340e-08  2.354000e-02
  7.500000e+06  4.735530e-08  2.445000e-02
  7.700000e+06  4.402710e-08  2.530000e-02
  7.900000e+06  4.100860e-08  2.611000e-02
  8.100000e+06  3.821010e-08  2.683000e-02
  8.300000e+06  3.554150e-08  2.750000e-02
  8.500000e+06  3.287290e-08  2.820000e-02
  8.700000e+06  3.011430e-08  2.905000e-02
  8.900000e+06  2.722580e-08  3.012000e-02
  9.100000e+06  2.418740e-08  3.155000e-02
  9.300000e+06  2.096910e-08  3.357000e-02
  9.500000e+06  1.754090e-08  3.663000e-02
  9.700000e+06  1.387280e-08  4.174000e-02
  9.900000e+06  9.931830e-09  5.172000e-02
  1.010000e+07  5.671050e-09  7.867000e-02
  1.030000e+07  1.050450e-09  3.583000e-01
  1.050000e+07  3.048410e-10  1.000000e+00
  1.070000e+07  2.311800e-10  1.000000e+00
  1.090000e+07  1.556190e-10  1.000000e+00
  1.110000e+07  7.806930e-11  1.000000e+00
  1.130000e+07  0.000000e+00  1.000000e+00
  1.250000e+07            60             0             2
  0.000000e+00  0.000000e+00  0.000000e+00
  1.000000e+05  9.869000e-09  1.745000e-03
  3.000000e+05  3.573190e-08  1.837000e-03
  5.000000e+05  7.348280e-08  1.937000e-03
  7.000000e+05  1.158410e-07  2.045000e-03
  9.000000e+05  1.332330e-07  2.155000e-03
  1.100000e+06  1.472250e-07  2.275000e-03
  1.300000e+06  1.583200e-07  2.405000e-03
  1.500000e+06  1.668160e-07  2.546000e-03
  1.700000e+06  1.730120e-07  2.699000e-03
  1.900000e+06  1.772100e-07  2.864000e-03
  2.100000e+06  1.796090e-07  3.043000e-03
  2.300000e+06  1.805090e-07  3.237000e-03
  2.500000e+06  1.801090e-07  3.446000e-03
  2.700000e+06  1.786100e-07  3.673000e-03
  2.900000e+06  1.761110e-07  3.918000e-03
  3.100000e+06  1.728130e-07  4.183000e-03
  3.300000e+06  1.688150e-07  4.471000e-03
  3.500000e+06  1.642170e-07  4.783000e-03
  3.700000e+06  1.592190e-07  5.123000e-03
  3.900000e+06  1.537220e-07  5.488000e-03
  4.100000e+06  1.479250e-07  5.868000e-03
  4.300000e+06  1.419280e-07  6.283000e-03
  4.500000e+06  1.356310e-07  6.737000e-03
  4.700000e+06  1.292350e-07  7.236000e-03
  4.900000e+06  1.226380e-07  7.801000e-03
  5.100000e+06  1.160410e-07  8.448000e-03
  5.300000e+06  1.094450e-07  9.168000e-03
  5.500000e+06  1.028480e-07  9.973000e-03
  5.700000e+06  9.632120e-08  1.087000e-02
  5.900000e+06  8.993450e-08  1.188000e-02
  6.100000e+06  8.372760e-08  1.300000e-02
  6.300000e+06  7.774060e-08  1.426000e-02
  6.500000e+06  7.203350e-08  1.565000e-02
  6.700000e+06  6.663630e-08  1.720000e-02
  6.900000e+06  6.158880e-08  1.891000e-02
  7.100000e+06  5.689120e-08  2.078000e-02
  7.300000e+06  5.257340e-08  2.282000e-02
  7.500000e+06  4.864540e-08  2.501000e-02
  7.700000e+06  4.503720e-08  2.632000e-02
  7.900000e+06  4.176890e-08  2.731000e-02
  8.100000e+06  3.882030e-08  2.824000e-02
  8.300000e+06  3.613170e-08  2.913000e-02
  8.500000e+06  3.364300e-08  2.992000e-02
  8.700000e+06  3.125420e-08  3.066000e-02
  8.900000e+06  2.885540e-08  3.146000e-02
  9.100000e+06  2.637660e-08  3.243000e-02
  9.300000e+06  2.379800e-08  3.366000e-02
  9.500000e+06  2.107930e-08  3.531000e-02
  9.700000e+06  1.821080e-08  3.765000e-02
  9.900000e+06  1.516230e-08  4.121000e-02
  1.010000e+07  1.191400e-08  4.720000e-02
  1.030000e+07  8.416740e-09  5.909000e-02
  1.050000e+07  4.653640e-09  9.256000e-02
  1.070000e+07  3.622170e-10  1.000000e+00
  1.090000e+07  2.918520e-10  1.000000e+00
  1.110000e+07  2.195890e-10  1.000000e+00
  1.130000e+07  1.454260e-10  1.000000e+00
  1.150000e+07  6.945480e-11  1.000000e+00
  1.170000e+07  0.000000e+00  1.000000e+00
  1.300000e+07            62             0             2
  0.000000e+00  0.000000e+00  0.000000e+00
  1.000000e+05  9.499240e-09  1.728000e-03
  3.000000e+05  3.444270e-08  1.816000e-03
  5.000000e+05  7.093440e-08  1.912000e-03
  7.000000e+05  1.120440e-07  2.017000e-03
  9.000000e+05  1.290350e-07  2.131000e-03
  1.100000e+06  1.428280e-07  2.252000e-03
  1.300000e+06  1.538230e-07  2.378000e-03
  1.500000e+06  1.623190e-07  2.513000e-03
  1.700000e+06  1.685160e-07  2.660000e-03
  1.900000e+06  1.729130e-07  2.819000e-03
  2.100000e+06  1.755120e-07  2.992000e-03
  2.300000e+06  1.766110e-07  3.178000e-03
  2.500000e+06  1.765120e-07  3.379000e-03
  2.700000e+06  1.752120e-07  3.597000e-03
  2.900000e+06  1.730130e-07  3.832000e-03
  3.100000e+06  1.699150e-07  4.086000e-03
  3.300000e+06  1.662170e-07  4.362000e-03
  3.500000e+06  1.620190e-07  4.660000e-03
  3.700000e+06  1.572210e-07  4.983000e-03
  3.900000e+06  1.521240e-07  5.334000e-03
  4.100000e+06  1.467260e-07  5.716000e-03
  4.300000e+06  1.410290e-07  6.125000e-03
  4.500000e+06  1.351320e-07  6.552000e-03
  4.700000e+06  1.291350e-07  7.019000e-03
  4.900000e+06  1.229380e-07  7.531000e-03
  5.100000e+06  1.167410e-07  8.094000e-03
  5.300000e+06  1.104450e-07  8.733000e-03
  5.500000e+06  1.042480e-07  9.462000e-03
  5.700000e+06  9.803090e-08  1.027000e-02
  5.900000e+06  9.189390e-08  1.118000e-02
  6.100000e+06  8.588690e-08  1.219000e-02
  6.300000e+06  8.003990e-08  1.332000e-02
  6.500000e+06  7.438270e-08  1.458000e-02
  6.700000e+06  6.897540e-08  1.599000e-02
  6.900000e+06  6.383800e-08  1.755000e-02
  7.100000e+06  5.899040e-08  1.928000e-02
  7.300000e+06  5.448270e-08  2.118000e-02
  7.500000e+06  5.030480e-08  2.326000e-02
  7.700000e+06  4.647670e-08  2.552000e-02
  7.900000e+06  4.298840e-08  2.794000e-02
  8.100000e+06  3.979010e-08  2.926000e-02
  8.300000e+06  3.689150e-08  3.033000e-02
  8.500000e+06  3.427280e-08  3.135000e-02
  8.700000e+06  3.188400e-08  3.231000e-02
  8.900000e+06  2.966510e-08  3.318000e-02
  9.100000e+06  2.752620e-08  3.400000e-02
  9.300000e+06  2.537730e-08  3.490000e-02
  9.500000e+06  2.314840e-08  3.600000e-02
  9.700000e+06  2.082960e-08  3.741000e-02
  9.900000e+06  1.840080e-08  3.929000e-02
  1.010000e+07  1.584210e-08  4.198000e-02
  1.030000e+07  1.313340e-08  4.609000e-02
  1.050000e+07  1.023490e-08  5.308000e-02
  1.070000e+07  7.141420e-09  6.719000e-02
  1.090000e+07  3.812090e-09  1.087000e-01
  1.110000e+07  3.472260e-10  1.000000e+00
  1.130000e+07  2.782600e-10  1.000000e+00
  1.150000e+07  2.075960e-10  1.000000e+00
  1.170000e+07  1.351320e-10  1.000000e+00
  1.190000e+07  6.098940e-11  1.000000e+00
  1.210000e+07  0.000000e+00  1.000000e+00
  1.350000e+07            64             0             2
  0.000000e+00  0.000000e+00  0.000000e+00
  1.000000e+05  9.152060e-09  1.705000e-03
  3.000000e+05  3.322570e-08  1.789000e-03
  5.000000e+05  6.854050e-08  1.881000e-03
  7.000000e+05  1.084530e-07  1.981000e-03
  9.000000e+05  1.250460e-07  2.090000e-03
  1.100000e+06  1.386400e-07  2.208000e-03
  1.300000e+06  1.495360e-07  2.336000e-03
  1.500000e+06  1.580320e-07  2.472000e-03
  1.700000e+06  1.643290e-07  2.613000e-03
  1.900000e+06  1.688270e-07  2.765000e-03
  2.100000e+06  1.716260e-07  2.930000e-03
  2.300000e+06  1.729260e-07  3.108000e-03
  2.500000e+06  1.730260e-07  3.301000e-03
  2.700000e+06  1.720260e-07  3.509000e-03
  2.900000e+06  1.700270e-07  3.734000e-03
  3.100000e+06  1.673280e-07  3.977000e-03
  3.300000e+06  1.638290e-07  4.240000e-03
  3.500000e+06  1.598310e-07  4.524000e-03
  3.700000e+06  1.554330e-07  4.831000e-03
  3.900000e+06  1.505350e-07  5.164000e-03
  4.100000e+06  1.454370e-07  5.525000e-03
  4.300000e+06  1.400400e-07  5.917000e-03
  4.500000e+06  1.345420e-07  6.344000e-03
  4.700000e+06  1.287450e-07  6.798000e-03
  4.900000e+06  1.229470e-07  7.276000e-03
  5.100000e+06  1.170500e-07  7.799000e-03
  5.300000e+06  1.111520e-07  8.372000e-03
  5.500000e+06  1.052550e-07  9.002000e-03
  5.700000e+06  9.934720e-08  9.721000e-03
  5.900000e+06  9.349970e-08  1.054000e-02
  6.100000e+06  8.773220e-08  1.144000e-02
  6.300000e+06  8.207470e-08  1.246000e-02
  6.500000e+06  7.656700e-08  1.359000e-02
  6.700000e+06  7.122930e-08  1.485000e-02
  6.900000e+06  6.611150e-08  1.625000e-02
  7.100000e+06  6.122360e-08  1.782000e-02
  7.300000e+06  5.660560e-08  1.955000e-02
  7.500000e+06  5.227750e-08  2.147000e-02
  7.700000e+06  4.824920e-08  2.357000e-02
  7.900000e+06  4.453080e-08  2.587000e-02
  8.100000e+06  4.113230e-08  2.836000e-02
  8.300000e+06  3.805360e-08  3.103000e-02
  8.500000e+06  3.520480e-08  3.232000e-02
  8.700000e+06  3.263600e-08  3.347000e-02
  8.900000e+06  3.031700e-08  3.459000e-02
  9.100000e+06  2.818790e-08  3.563000e-02
  9.300000e+06  2.620870e-08  3.656000e-02
  9.500000e+06  2.428950e-08  3.747000e-02
  9.700000e+06  2.235040e-08  3.849000e-02
  9.900000e+06  2.036120e-08  3.973000e-02
  1.010000e+07  1.828210e-08  4.131000e-02
  1.030000e+07  1.610310e-08  4.346000e-02
  1.050000e+07  1.381410e-08  4.652000e-02
  1.070000e+07  1.139510e-08  5.125000e-02
  1.090000e+07  8.818200e-09  5.935000e-02
  1.110000e+07  6.066390e-09  7.601000e-02
  1.130000e+07  3.113660e-09  1.276000e-01
  1.150000e+07  3.315570e-10  1.000000e+00
  1.170000e+07  2.642860e-10  1.000000e+00
  1.190000e+07  1.953160e-10  1.000000e+00
  1.210000e+07  1.248460e-10  1.000000e+00
  1.230000e+07  5.272730e-11  1.000000e+00
  1.250000e+07  0.000000e+00  1.000000e+00
  1.400000e+07            66             0             2
  0.000000e+00  0.000000e+00  0.000000e+00
  1.000000e+05  8.825030e-09  1.681000e-03
  3.000000e+05  3.208560e-08  1.762000e-03
  5.000000e+05  6.627020e-08  1.850000e-03
  7.000000e+05  1.049530e-07  1.945000e-03
  9.000000e+05  1.212450e-07  2.049000e-03
  1.100000e+06  1.346390e-07  2.161000e-03
  1.300000e+06  1.454350e-07  2.283000e-03
  1.500000e+06  1.539310e-07  2.415000e-03
  1.700000e+06  1.603280e-07  2.559000e-03
  1.900000e+06  1.649260e-07  2.710000e-03
  2.100000e+06  1.679240e-07  2.868000e-03
  2.300000e+06  1.694240e-07  3.038000e-03
  2.500000e+06  1.697240e-07  3.222000e-03
  2.700000e+06  1.689240e-07  3.421000e-03
  2.900000e+06  1.672250e-07  3.636000e-03
  3.100000e+06  1.647260e-07  3.868000e-03
  3.300000e+06  1.616270e-07  4.119000e-03
  3.500000e+06  1.578290e-07  4.389000e-03
  3.700000e+06  1.536310e-07  4.682000e-03
  3.900000e+06  1.491330e-07  4.998000e-03
  4.100000e+06  1.442350e-07  5.340000e-03
  4.300000e+06  1.391370e-07  5.711000e-03
  4.500000e+06  1.337400e-07  6.113000e-03
  4.700000e+06  1.283420e-07  6.549000e-03
  4.900000e+06  1.228450e-07  7.024000e-03
  5.100000e+06  1.172470e-07  7.528000e-03
  5.300000e+06  1.115500e-07  8.062000e-03
  5.500000e+06  1.059520e-07  8.645000e-03
  5.700000e+06  1.003550e-07  9.284000e-03
  5.900000e+06  9.473740e-08  9.987000e-03
  6.100000e+06  8.921990e-08  1.079000e-02
  6.300000e+06  8.379230e-08  1.170000e-02
  6.500000e+06  7.846470e-08  1.272000e-02
  6.700000e+06  7.327700e-08  1.384000e-02
  6.900000e+06  6.824930e-08  1.510000e-02
  7.100000e+06  6.341150e-08  1.650000e-02
  7.300000e+06  5.877360e-08  1.806000e-02
  7.500000e+06  5.438550e-08  1.980000e-02
  7.700000e+06  5.023740e-08  2.172000e-02
  7.900000e+06  4.636910e-08  2.384000e-02
  8.100000e+06  4.278080e-08  2.616000e-02
  8.300000e+06  3.948220e-08  2.869000e-02
  8.500000e+06  3.646360e-08  3.142000e-02
  8.700000e+06  3.372480e-08  3.423000e-02
  8.900000e+06  3.120600e-08  3.560000e-02
  9.100000e+06  2.891700e-08  3.682000e-02
  9.300000e+06  2.685790e-08  3.804000e-02
  9.500000e+06  2.496880e-08  3.916000e-02
  9.700000e+06  2.318960e-08  4.018000e-02
  9.900000e+06  2.147030e-08  4.118000e-02
  1.010000e+07  1.973110e-08  4.231000e-02
  1.030000e+07  1.793190e-08  4.370000e-02
  1.050000e+07  1.606280e-08  4.550000e-02
  1.070000e+07  1.411370e-08  4.792000e-02
  1.090000e+07  1.206460e-08  5.141000e-02
  1.110000e+07  9.905540e-09  5.682000e-02
  1.130000e+07  7.607580e-09  6.618000e-02
  1.150000e+07  5.157680e-09  8.581000e-02
  1.170000e+07  2.534860e-09  1.500000e-01
  1.190000e+07  3.161580e-10  1.000000e+00
  1.210000e+07  2.505870e-10  1.000000e+00
  1.230000e+07  1.835170e-10  1.000000e+00
  1.250000e+07  1.149480e-10  1.000000e+00
  1.270000e+07  4.486980e-11  1.000000e+00
  1.290000e+07  0.000000e+00  1.000000e+00
  1.450000e+07            68             0             2
  0.000000e+00  0.000000e+00  0.000000e+00
  1.000000e+05  8.516470e-09  1.658000e-03
  3.000000e+05  3.099710e-08  1.736000e-03
  5.000000e+05  6.411340e-08  1.820000e-03
  7.000000e+05  1.016580e-07  1.912000e-03
  9.000000e+05  1.176510e-07  2.011000e-03
  1.100000e+06  1.308460e-07  2.118000e-03
  1.300000e+06  1.415410e-07  2.234000e-03
  1.500000e+06  1.499380e-07  2.360000e-03
  1.700000e+06  1.564350e-07  2.497000e-03
  1.900000e+06  1.611330e-07  2.645000e-03
  2.100000e+06  1.643320e-07  2.805000e-03
  2.300000e+06  1.660310e-07  2.973000e-03
  2.500000e+06  1.666310e-07  3.149000e-03
  2.700000e+06  1.661310e-07  3.339000e-03
  2.900000e+06  1.646320e-07  3.544000e-03
  3.100000e+06  1.623330e-07  3.766000e-03
  3.300000e+06  1.594340e-07  4.005000e-03
  3.500000e+06  1.559350e-07  4.263000e-03
  3.700000e+06  1.520370e-07  4.541000e-03
  3.900000e+06  1.476390e-07  4.842000e-03
  4.100000e+06  1.430410e-07  5.167000e-03
  4.300000e+06  1.381430e-07  5.518000e-03
  4.500000e+06  1.330450e-07  5.899000e-03
  4.700000e+06  1.278470e-07  6.310000e-03
  4.900000e+06  1.225490e-07  6.757000e-03
  5.100000e+06  1.171510e-07  7.243000e-03
  5.300000e+06  1.118540e-07  7.771000e-03
  5.500000e+06  1.064560e-07  8.329000e-03
  5.700000e+06  1.010580e-07  8.923000e-03
  5.900000e+06  9.569030e-08  9.572000e-03
  6.100000e+06  9.041250e-08  1.028000e-02
  6.300000e+06  8.519460e-08  1.107000e-02
  6.500000e+06  8.007680e-08  1.197000e-02
  6.700000e+06  7.505890e-08  1.298000e-02
  6.900000e+06  7.017090e-08  1.411000e-02
  7.100000e+06  6.543280e-08  1.536000e-02
  7.300000e+06  6.086470e-08  1.676000e-02
  7.500000e+06  5.647660e-08  1.831000e-02
  7.700000e+06  5.229830e-08  2.004000e-02
  7.900000e+06  4.834990e-08  2.196000e-02
  8.100000e+06  4.464150e-08  2.408000e-02
  8.300000e+06  4.118290e-08  2.642000e-02
  8.500000e+06  3.798420e-08  2.897000e-02
  8.700000e+06  3.504550e-08  3.175000e-02
  8.900000e+06  3.237660e-08  3.474000e-02
  9.100000e+06  2.993760e-08  3.766000e-02
  9.300000e+06  2.769850e-08  3.913000e-02
  9.500000e+06  2.566930e-08  4.044000e-02
  9.700000e+06  2.384010e-08  4.176000e-02
  9.900000e+06  2.215080e-08  4.296000e-02
  1.010000e+07  2.056150e-08  4.407000e-02
  1.030000e+07  1.901210e-08  4.518000e-02
  1.050000e+07  1.744280e-08  4.644000e-02
  1.070000e+07  1.582340e-08  4.800000e-02
  1.090000e+07  1.415410e-08  5.002000e-02
  1.110000e+07  1.240490e-08  5.276000e-02
  1.130000e+07  1.056560e-08  5.672000e-02
  1.150000e+07  8.628420e-09  6.290000e-02
  1.170000e+07  6.576270e-09  7.370000e-02
  1.190000e+07  4.391180e-09  9.682000e-02
  1.210000e+07  2.055150e-09  1.772000e-01
  1.230000e+07  3.016750e-10  1.000000e+00
  1.250000e+07  2.377010e-10  1.000000e+00
  1.270000e+07  1.723280e-10  1.000000e+00
  1.290000e+07  1.056560e-10  1.000000e+00
  1.310000e+07  3.746450e-11  1.000000e+00
  1.330000e+07  0.000000e+00  1.000000e+00
  1.500000e+07            70             0             2
  0.000000e+00  0.000000e+00  0.000000e+00
  1.000000e+05  8.224630e-09  1.638000e-03
  3.000000e+05  2.997770e-08  1.713000e-03
  5.000000e+05  6.207460e-08  1.793000e-03
  7.000000e+05  9.856970e-08  1.881000e-03
  9.000000e+05  1.141530e-07  1.976000e-03
  1.100000e+06  1.271480e-07  2.078000e-03
  1.300000e+06  1.377440e-07  2.189000e-03
  1.500000e+06  1.461400e-07  2.309000e-03
  1.700000e+06  1.527370e-07  2.439000e-03
  1.900000e+06  1.575360e-07  2.580000e-03
  2.100000e+06  1.608340e-07  2.733000e-03
  2.300000e+06  1.628330e-07  2.898000e-03
  2.500000e+06  1.636330e-07  3.076000e-03
  2.700000e+06  1.633330e-07  3.263000e-03
  2.900000e+06  1.620340e-07  3.458000e-03
  3.100000e+06  1.600340e-07  3.670000e-03
  3.300000e+06  1.574360e-07  3.898000e-03
  3.500000e+06  1.541370e-07  4.144000e-03
  3.700000e+06  1.504380e-07  4.410000e-03
  3.900000e+06  1.463400e-07  4.696000e-03
  4.100000e+06  1.419420e-07  5.005000e-03
  4.300000e+06  1.372440e-07  5.339000e-03
  4.500000e+06  1.323460e-07  5.700000e-03
  4.700000e+06  1.273480e-07  6.090000e-03
  4.900000e+06  1.222500e-07  6.512000e-03
  5.100000e+06  1.170520e-07  6.969000e-03
  5.300000e+06  1.119540e-07  7.465000e-03
  5.500000e+06  1.067560e-07  8.004000e-03
  5.700000e+06  1.015580e-07  8.592000e-03
  5.900000e+06  9.642050e-08  9.208000e-03
  6.100000e+06  9.134260e-08  9.868000e-03
  6.300000e+06  8.632470e-08  1.059000e-02
  6.500000e+06  8.139670e-08  1.138000e-02
  6.700000e+06  7.655870e-08  1.225000e-02
  6.900000e+06  7.183060e-08  1.326000e-02
  7.100000e+06  6.723250e-08  1.439000e-02
  7.300000e+06  6.276430e-08  1.564000e-02
  7.500000e+06  5.844610e-08  1.703000e-02
  7.700000e+06  5.429780e-08  1.858000e-02
  7.900000e+06  5.032940e-08  2.030000e-02
  8.100000e+06  4.657090e-08  2.221000e-02
  8.300000e+06  4.302240e-08  2.433000e-02
  8.500000e+06  3.970370e-08  2.667000e-02
  8.700000e+06  3.662500e-08  2.924000e-02
  8.900000e+06  3.377620e-08  3.204000e-02
  9.100000e+06  3.116720e-08  3.508000e-02
  9.300000e+06  2.878820e-08  3.835000e-02
  9.500000e+06  2.662910e-08  4.137000e-02
  9.700000e+06  2.463990e-08  4.294000e-02
  9.900000e+06  2.283070e-08  4.434000e-02
  1.010000e+07  2.119130e-08  4.577000e-02
  1.030000e+07  1.968190e-08  4.707000e-02
  1.050000e+07  1.826250e-08  4.827000e-02
  1.070000e+07  1.687310e-08  4.949000e-02
  1.090000e+07  1.545370e-08  5.090000e-02
  1.110000e+07  1.399430e-08  5.265000e-02
  1.130000e+07  1.248490e-08  5.491000e-02
  1.150000e+07  1.091550e-08  5.801000e-02
  1.170000e+07  9.267210e-09  6.249000e-02
  1.190000e+07  7.530920e-09  6.954000e-02
  1.210000e+07  5.693670e-09  8.198000e-02
  1.230000e+07  3.741470e-09  1.092000e-01
  1.250000e+07  1.658320e-09  2.104000e-01
  1.270000e+07  2.878820e-10  1.000000e+00
  1.290000e+07  2.255080e-10  1.000000e+00
  1.310000e+07  1.618340e-10  1.000000e+00
  1.330000e+07  9.681040e-11  1.000000e+00
  1.350000e+07  3.047750e-11  1.000000e+00
  1.370000e+07  0.000000e+00  1.000000e+00
