             0             3
             4
             0
           304
  6.088050e+06  0.000000e+00  6.090000e+06  1.942500e-06  6.120000e+06  2.213100e-05
  6.150000e+06  7.826700e-05  6.180000e+06  2.192900e-04  6.210000e+06  5.445400e-04
  6.240000e+06  1.272400e-03  6.270000e+06  2.880400e-03  6.300000e+06  6.214500e-03
  6.330000e+06  1.147100e-02  6.360000e+06  1.527100e-02  6.390000e+06  1.488300e-02
  6.420000e+06  1.293200e-02  6.450000e+06  1.148500e-02  6.480000e+06  1.100000e-02
  6.510000e+06  1.160000e-02  6.540000e+06  1.357100e-02  6.570000e+06  1.753000e-02
  6.600000e+06  2.443700e-02  6.630000e+06  3.502300e-02  6.660000e+06  4.768900e-02
  6.690000e+06  5.675800e-02  6.720000e+06  5.775100e-02  6.724540e+06  5.704034e-02
  6.750000e+06  5.317813e-02  6.780000e+06  4.745322e-02  6.810000e+06  4.263231e-02
  6.840000e+06  4.077210e-02  6.870000e+06  4.492380e-02  6.900000e+06  5.576660e-02
  6.930000e+06  4.526150e-02  6.960000e+06  3.861860e-02  6.990000e+06  3.727520e-02
  7.020000e+06  3.826900e-02  7.050000e+06  4.068680e-02  7.080000e+06  4.406070e-02
  7.110000e+06  4.781000e-02  7.140000e+06  5.114000e-02  7.170000e+06  5.333900e-02
  7.200000e+06  5.425200e-02  7.230000e+06  5.438200e-02  7.260000e+06  5.445100e-02
  7.290000e+06  5.498000e-02  7.320000e+06  5.615600e-02  7.350000e+06  5.790100e-02
  7.380000e+06  5.998500e-02  7.410000e+06  6.211900e-02  7.440000e+06  6.402000e-02
  7.470000e+06  6.547000e-02  7.500000e+06  6.634400e-02  7.530000e+06  6.661000e-02
  7.560000e+06  6.631300e-02  7.590000e+06  6.554200e-02  7.620000e+06  6.440800e-02
  7.650000e+06  6.302100e-02  7.680000e+06  6.147500e-02  7.710000e+06  5.985100e-02
  7.740000e+06  5.820700e-02  7.770000e+06  5.659100e-02  7.800000e+06  5.503800e-02
  7.830000e+06  5.357700e-02  7.860000e+06  5.223400e-02  7.890000e+06  5.104100e-02
  7.920000e+06  5.003700e-02  7.950000e+06  4.928600e-02  7.980000e+06  4.889200e-02
  8.010000e+06  4.903000e-02  8.040000e+06  4.999600e-02  8.070000e+06  5.226600e-02
  8.100000e+06  5.647400e-02  8.130000e+06  6.295200e-02  8.160000e+06  7.041100e-02
  8.190000e+06  7.541700e-02  8.220000e+06  7.587100e-02  8.250000e+06  7.343100e-02
  8.280000e+06  7.063900e-02  8.310000e+06  6.869700e-02  8.340000e+06  6.803000e-02
  8.370000e+06  6.869200e-02  8.400000e+06  7.066700e-02  8.430000e+06  7.391500e-02
  8.460000e+06  7.834200e-02  8.490000e+06  8.373300e-02  8.520000e+06  8.968900e-02
  8.550000e+06  9.561000e-02  8.580000e+06  1.007800e-01  8.610000e+06  1.045600e-01
  8.640000e+06  1.065500e-01  8.670000e+06  1.067700e-01  8.700000e+06  1.054900e-01
  8.730000e+06  1.031700e-01  8.760000e+06  1.002800e-01  8.790000e+06  9.722300e-02
  8.820000e+06  9.429500e-02  8.850000e+06  9.172600e-02  8.880000e+06  8.968600e-02
  8.910000e+06  8.831900e-02  8.940000e+06  8.776500e-02  8.970000e+06  8.818000e-02
  9.000000e+06  8.973000e-02  9.030000e+06  9.235600e-02  9.060000e+06  9.656400e-02
  9.090000e+06  1.020000e-01  9.120000e+06  1.081700e-01  9.150000e+06  1.140700e-01
  9.180000e+06  1.184700e-01  9.210000e+06  1.203500e-01  9.240000e+06  1.194200e-01
  9.270000e+06  1.162000e-01  9.300000e+06  1.115900e-01  9.330000e+06  1.064700e-01
  9.360000e+06  1.016400e-01  9.390000e+06  9.834300e-02  9.420000e+06  9.931400e-02
  9.450000e+06  1.014700e-01  9.480000e+06  9.762800e-02  9.510000e+06  9.310500e-02
  9.540000e+06  8.968900e-02  9.570000e+06  8.717100e-02  9.600000e+06  8.526800e-02
  9.630000e+06  8.377900e-02  9.660000e+06  8.255100e-02  9.690000e+06  8.144700e-02
  9.720000e+06  8.034600e-02  9.750000e+06  7.912500e-02  9.780000e+06  7.766200e-02
  9.810000e+06  1.072500e-01  9.840000e+06  7.460100e-02  9.870000e+06  7.216900e-02
  9.900000e+06  6.955400e-02  9.930000e+06  6.667900e-02  9.960000e+06  6.353000e-02
  9.990000e+06  6.008800e-02  1.002000e+07  5.632300e-02  1.005000e+07  5.225600e-02
  1.007930e+07  4.828487e-02  1.008000e+07  4.819208e-02  1.011000e+07  4.548009e-02
  1.014000e+07  4.690210e-02  1.017000e+07  5.377811e-02  1.020000e+07  6.112313e-02
  1.023000e+07  6.467714e-02  1.026000e+07  6.570349e-02  1.029000e+07  6.541980e-02
  1.032000e+07  6.470850e-02  1.035000e+07  6.397030e-02  1.038000e+07  6.341770e-02
  1.041000e+07  6.312610e-02  1.044000e+07  6.320570e-02  1.047000e+07  6.410930e-02
  1.050000e+07  6.600080e-02  1.053000e+07  6.809690e-02  1.056000e+07  6.806050e-02
  1.059000e+07  6.517010e-02  1.062000e+07  6.163050e-02  1.065000e+07  5.891300e-02
  1.068000e+07  5.720600e-02  1.071000e+07  5.639480e-02  1.074000e+07  5.645700e-02
  1.077000e+07  5.752350e-02  1.080000e+07  5.988660e-02  1.083000e+07  6.393930e-02
  1.086000e+07  6.997830e-02  1.089000e+07  7.747990e-02  1.092000e+07  8.410570e-02
  1.095000e+07  8.615060e-02  1.098000e+07  8.193730e-02  1.101000e+07  7.357120e-02
  1.104000e+07  6.422110e-02  1.104750e+07  6.215145e-02  1.107000e+07  5.599883e-02
  1.110000e+07  5.007494e-02  1.113000e+07  4.780485e-02  1.116000e+07  5.110636e-02
  1.119000e+07  6.084327e-02  1.122000e+07  7.362988e-02  1.125000e+07  8.407070e-02
  1.128000e+07  8.889260e-02  1.131000e+07  8.944200e-02  1.134000e+07  8.783880e-02
  1.137000e+07  8.543920e-02  1.140000e+07  8.290460e-02  1.143000e+07  7.999510e-02
  1.146000e+07  7.733180e-02  1.149000e+07  7.492870e-02  1.152000e+07  7.276860e-02
  1.155000e+07  7.081960e-02  1.158000e+07  6.905760e-02  1.161000e+07  6.744810e-02
  1.164000e+07  6.595340e-02  1.167000e+07  6.458540e-02  1.170000e+07  6.332350e-02
  1.173000e+07  6.214230e-02  1.176000e+07  6.098060e-02  1.179000e+07  8.123240e-02
  1.182000e+07  6.184040e-02  1.185000e+07  6.050180e-02  1.188000e+07  6.023890e-02
  1.191000e+07  6.065560e-02  1.194000e+07  6.197120e-02  1.197000e+07  6.461460e-02
  1.200000e+07  6.884370e-02  1.203000e+07  7.324060e-02  1.205430e+07  7.369947e-02
  1.206000e+07  7.381095e-02  1.209000e+07  6.915373e-02  1.212000e+07  6.307341e-02
  1.215000e+07  5.815319e-02  1.218000e+07  5.460727e-02  1.221000e+07  5.203685e-02
  1.224000e+07  5.036303e-02  1.227000e+07  4.910459e-02  1.230000e+07  4.815144e-02
  1.233000e+07  4.748110e-02  1.236000e+07  4.722420e-02  1.239000e+07  4.797100e-02
  1.242000e+07  5.215670e-02  1.245000e+07  6.048510e-02  1.248000e+07  5.290930e-02
  1.251000e+07  4.753060e-02  1.251720e+07  4.695630e-02  1.254000e+07  4.517753e-02
  1.257000e+07  4.385783e-02  1.260000e+07  4.295333e-02  1.263000e+07  4.223713e-02
  1.266000e+07  4.179070e-02  1.269000e+07  4.143792e-02  1.272000e+07  4.115903e-02
  1.275000e+07  4.094599e-02  1.278000e+07  4.080580e-02  1.281000e+07  4.068390e-02
  1.284000e+07  4.054470e-02  1.287000e+07  4.049550e-02  1.290000e+07  4.055220e-02
  1.293000e+07  4.073800e-02  1.296000e+07  4.107680e-02  1.299000e+07  4.159800e-02
  1.302000e+07  4.241840e-02  1.305000e+07  4.350880e-02  1.308000e+07  4.478740e-02
  1.311000e+07  4.617030e-02  1.314000e+07  4.750170e-02  1.317000e+07  4.860360e-02
  1.320000e+07  4.934170e-02  1.323000e+07  4.956930e-02  1.326000e+07  4.946360e-02
  1.329000e+07  4.916120e-02  1.332000e+07  4.879900e-02  1.335000e+07  4.850510e-02
  1.338000e+07  4.837260e-02  1.341000e+07  4.849510e-02  1.344000e+07  4.899510e-02
  1.347000e+07  5.018140e-02  1.350000e+07  5.263550e-02  1.353000e+07  5.757080e-02
  1.356000e+07  6.665000e-02  1.359000e+07  7.675700e-02  1.362000e+07  7.677890e-02
  1.365000e+07  7.007700e-02  1.368000e+07  6.489800e-02  1.371000e+07  6.218120e-02
  1.374000e+07  6.108530e-02  1.377000e+07  6.098940e-02  1.380000e+07  6.154560e-02
  1.383000e+07  6.240960e-02  1.386000e+07  6.362510e-02  1.389000e+07  6.512180e-02
  1.392000e+07  6.685290e-02  1.395000e+07  6.878780e-02  1.398000e+07  7.089200e-02
  1.401000e+07  7.306970e-02  1.404000e+07  7.521520e-02  1.407000e+07  7.742180e-02
  1.410000e+07  7.964840e-02  1.413000e+07  8.185390e-02  1.416000e+07  8.401310e-02
  1.419000e+07  8.607860e-02  1.422000e+07  8.785890e-02  1.425000e+07  8.939870e-02
  1.428000e+07  9.075360e-02  1.431000e+07  9.190060e-02  1.434000e+07  9.284350e-02
  1.437000e+07  9.357750e-02  1.440000e+07  9.411350e-02  1.443000e+07  9.448140e-02
  1.446000e+07  9.467620e-02  1.449000e+07  9.472740e-02  1.452000e+07  9.464930e-02
  1.455000e+07  9.446520e-02  1.458000e+07  9.419090e-02  1.461000e+07  9.381780e-02
  1.464000e+07  9.332880e-02  1.467000e+07  9.280790e-02  1.470000e+07  9.225760e-02
  1.473000e+07  9.169970e-02  1.476000e+07  9.113990e-02  1.479000e+07  9.058270e-02
  1.482000e+07  9.004130e-02  1.485000e+07  8.951800e-02  1.488000e+07  8.900850e-02
  1.491000e+07  8.852490e-02  1.494000e+07  8.806560e-02  1.497000e+07  8.762390e-02
  1.500000e+07  8.721130e-02
             4
             6
  1.388280e+01             3             1
  1.000000e+00  1.000000e+00             0             1
 -4.734700e+06 -4.734700e+06             2
             1
             2             2
  6.088050e+06  1.000000e+00  1.500000e+07  1.000000e+00
          7014             2             2            19
             1
            19            22
  6.088050e+06             3             0             2
  0.000000e+00  0.000000e+00  0.000000e+00
  5.000000e-01  2.000000e+00  0.000000e+00
  1.000000e+00  0.000000e+00  0.000000e+00
  6.500000e+06            11             0             2
  0.000000e+00  0.000000e+00  0.000000e+00
  1.711000e+04  1.664330e-06  0.000000e+00
  5.133000e+04  5.160610e-06  0.000000e+00
  8.559000e+04  8.516880e-06  0.000000e+00
  1.197900e+05  9.064100e-06  0.000000e+00
  1.539900e+05  5.174420e-06  5.217000e-03
  1.881900e+05  2.446210e-08  1.000000e+00
  2.223900e+05  1.972940e-08  1.000000e+00
  2.566900e+05  1.291630e-08  1.000000e+00
  2.908900e+05  4.117450e-09  1.000000e+00
  3.250900e+05  0.000000e+00  1.000000e+00
  7.000000e+06            11             0             2
  0.000000e+00  0.000000e+00  0.000000e+00
  3.783500e+04  7.525340e-07  0.000000e+00
  1.134650e+05  2.333310e-06  0.000000e+00
  1.891650e+05  3.851390e-06  0.000000e+00
  2.648650e+05  4.098810e-06  3.000000e-03
  3.404650e+05  2.340210e-06  5.217000e-03
  4.161650e+05  1.106030e-08  1.000000e+00
  4.918650e+05  8.921180e-09  1.000000e+00
  5.674650e+05  5.841650e-09  1.000000e+00
  6.431650e+05  1.862110e-09  1.000000e+00
  7.188650e+05  0.000000e+00  1.000000e+00
  7.500000e+06            11             0             2
  0.000000e+00  0.000000e+00  0.000000e+00
  5.855000e+04  4.861890e-07  0.000000e+00
  1.756500e+05  1.507270e-06  0.000000e+00
  2.927500e+05  2.488120e-06  2.375000e-03
  4.098500e+05  2.647820e-06  3.000000e-03
  5.270500e+05  1.512190e-06  5.217000e-03
  6.441500e+05  7.146940e-09  1.000000e+00
  7.612500e+05  5.763890e-09  1.000000e+00
  8.783500e+05  3.774570e-09  1.000000e+00
  9.954500e+05  1.202660e-09  1.000000e+00
  1.112550e+06  0.000000e+00  1.000000e+00
  8.000000e+06            11             0             2
  0.000000e+00  0.000000e+00  0.000000e+00
  7.930000e+04  3.591500e-07  0.000000e+00
  2.378000e+05  1.114030e-06  2.088000e-03
  3.964000e+05  1.837650e-06  2.375000e-03
  5.549000e+05  1.955950e-06  3.000000e-03
  7.135000e+05  1.116980e-06  5.217000e-03
  8.720000e+05  5.279300e-09  1.000000e+00
  1.030700e+06  4.257950e-09  1.000000e+00
  1.188700e+06  2.788020e-09  1.000000e+00
  1.347700e+06  8.885590e-10  1.000000e+00
  1.506700e+06  0.000000e+00  1.000000e+00
  8.500000e+06            11             0             2
  0.000000e+00  0.000000e+00  0.000000e+00
  1.000000e+05  2.847160e-07  1.927000e-03
  3.000000e+05  8.828360e-07  2.088000e-03
  5.000000e+05  1.457100e-06  2.375000e-03
  7.000000e+05  1.550750e-06  3.000000e-03
  9.000000e+05  8.853000e-07  5.217000e-03
  1.100000e+06  4.184970e-09  1.000000e+00
  1.300000e+06  3.375580e-09  1.000000e+00
  1.500000e+06  2.210290e-09  1.000000e+00
  1.700000e+06  7.043950e-10  1.000000e+00
  1.900000e+06  0.000000e+00  1.000000e+00
  9.000000e+06            13             0             2
  0.000000e+00  0.000000e+00  0.000000e+00
  1.000000e+05  1.489750e-07  2.317000e-03
  3.000000e+05  4.920820e-07  2.416000e-03
  5.000000e+05  9.011920e-07  2.557000e-03
  7.000000e+05  1.163210e-06  2.778000e-03
  9.000000e+05  1.070910e-06  3.175000e-03
  1.100000e+06  8.282430e-07  4.054000e-03
  1.300000e+06  4.261800e-07  7.315000e-03
  1.500000e+06  2.690670e-09  1.000000e+00
  1.700000e+06  2.084250e-09  1.000000e+00
  1.900000e+06  1.308120e-09  1.000000e+00
  2.100000e+06  3.669280e-10  1.000000e+00
  2.300000e+06  0.000000e+00  1.000000e+00
  9.500000e+06            15             0             2
  0.000000e+00  0.000000e+00  0.000000e+00
  1.000000e+05  9.466830e-08  2.802000e-03
  3.000000e+05  3.208690e-07  2.897000e-03
  5.000000e+05  6.131740e-07  2.998000e-03
  7.000000e+05  8.449680e-07  3.130000e-03
  9.000000e+05  8.658690e-07  3.319000e-03
  1.100000e+06  8.188930e-07  3.617000e-03
  1.300000e+06  7.026470e-07  4.154000e-03
  1.500000e+06  5.131520e-07  5.361000e-03
  1.700000e+06  2.446330e-07  1.008000e-02
  1.900000e+06  2.065150e-09  1.000000e+00
  2.100000e+06  1.556570e-09  1.000000e+00
  2.300000e+06  9.431000e-10  1.000000e+00
  2.500000e+06  2.290070e-10  1.000000e+00
  2.700000e+06  0.000000e+00  1.000000e+00
  1.000000e+07            17             0             2
  0.000000e+00  0.000000e+00  0.000000e+00
  1.000000e+05  6.880200e-08  3.270000e-03
  3.000000e+05  2.330940e-07  3.422000e-03
  5.000000e+05  4.504420e-07  3.553000e-03
  7.000000e+05  6.375940e-07  3.672000e-03
  9.000000e+05  6.827380e-07  3.804000e-03
  1.100000e+06  6.908100e-07  3.976000e-03
  1.300000e+06  6.622090e-07  4.224000e-03
  1.500000e+06  5.964370e-07  4.617000e-03
  1.700000e+06  4.917990e-07  5.329000e-03
  1.900000e+06  3.455050e-07  6.955000e-03
  2.100000e+06  1.538680e-07  1.368000e-02
  2.300000e+06  1.727030e-09  1.000000e+00
  2.500000e+06  1.274590e-09  1.000000e+00
  2.700000e+06  7.489090e-10  1.000000e+00
  2.900000e+06  1.526720e-10  1.000000e+00
  3.100000e+06  0.000000e+00  1.000000e+00
  1.050000e+07            19             0             2
  0.000000e+00  0.000000e+00  0.000000e+00
  1.000000e+05  5.511680e-08  3.646000e-03
  3.000000e+05  1.856840e-07  3.873000e-03
  5.000000e+05  3.570080e-07  4.082000e-03
  7.000000e+05  5.056950e-07  4.267000e-03
  9.000000e+05  5.482760e-07  4.429000e-03
  1.100000e+06  5.706140e-07  4.578000e-03
  1.300000e+06  5.724090e-07  4.745000e-03
  1.500000e+06  5.525640e-07  4.967000e-03
  1.700000e+06  5.109800e-07  5.286000e-03
  1.900000e+06  4.468580e-07  5.794000e-03
  2.100000e+06  3.587030e-07  6.723000e-03
  2.300000e+06  2.446200e-07  8.878000e-03
  2.500000e+06  1.019170e-07  1.836000e-02
  2.700000e+06  1.511800e-09  1.000000e+00
  2.900000e+06  1.095950e-09  1.000000e+00
  3.100000e+06  6.253620e-10  1.000000e+00
  3.300000e+06  1.017170e-10  1.000000e+00
  3.500000e+06  0.000000e+00  1.000000e+00
  1.100000e+07            21             0             2
  0.000000e+00  0.000000e+00  0.000000e+00
  1.000000e+05  4.703940e-08  3.926000e-03
  3.000000e+05  1.579290e-07  4.214000e-03
  5.000000e+05  3.020890e-07  4.500000e-03
  7.000000e+05  4.254990e-07  4.774000e-03
  9.000000e+05  4.595190e-07  5.027000e-03
  1.100000e+06  4.790730e-07  5.250000e-03
  1.300000e+06  4.871540e-07  5.446000e-03
  1.500000e+06  4.843610e-07  5.631000e-03
  1.700000e+06  4.693960e-07  5.841000e-03
  1.900000e+06  4.407630e-07  6.120000e-03
  2.100000e+06  3.983630e-07  6.526000e-03
  2.300000e+06  3.412970e-07  7.174000e-03
  2.500000e+06  2.684680e-07  8.368000e-03
  2.700000e+06  1.784800e-07  1.119000e-02
  2.900000e+06  6.940670e-08  2.448000e-02
  3.100000e+06  1.354810e-09  1.000000e+00
  3.300000e+06  9.674240e-10  1.000000e+00
  3.500000e+06  5.364380e-10  1.000000e+00
  3.700000e+06  6.341080e-11  1.000000e+00
  3.900000e+06  0.000000e+00  1.000000e+00
  1.150000e+07            23             0             2
  0.000000e+00  0.000000e+00  0.000000e+00
  1.000000e+05  4.167280e-08  4.139000e-03
  3.000000e+05  1.400070e-07  4.463000e-03
  5.000000e+05  2.674400e-07  4.803000e-03
  7.000000e+05  3.754140e-07  5.150000e-03
  9.000000e+05  4.033560e-07  5.494000e-03
  1.100000e+06  4.183250e-07  5.822000e-03
  1.300000e+06  4.239130e-07  6.124000e-03
  1.500000e+06  4.227150e-07  6.391000e-03
  1.700000e+06  4.158300e-07  6.627000e-03
  1.900000e+06  4.027570e-07  6.852000e-03
  2.100000e+06  3.819010e-07  7.113000e-03
  2.300000e+06  3.521630e-07  7.463000e-03
  2.500000e+06  3.130450e-07  7.971000e-03
  2.700000e+06  2.641470e-07  8.789000e-03
  2.900000e+06  2.043720e-07  1.031000e-02
  3.100000e+06  1.328220e-07  1.395000e-02
  3.300000e+06  4.793970e-08  3.255000e-02
  3.500000e+06  1.231420e-09  1.000000e+00
  3.700000e+06  8.667860e-10  1.000000e+00
  3.900000e+06  4.668230e-10  1.000000e+00
  4.100000e+06  3.265170e-11  1.000000e+00
  4.300000e+06  0.000000e+00  1.000000e+00
  1.200000e+07            24             0             2
  0.000000e+00  0.000000e+00  0.000000e+00
  1.000000e+05  3.767840e-08  4.318000e-03
  3.000000e+05  1.270590e-07  4.659000e-03
  5.000000e+05  2.434380e-07  5.027000e-03
  7.000000e+05  3.418510e-07  5.418000e-03
  9.000000e+05  3.667030e-07  5.826000e-03
  1.100000e+06  3.788800e-07  6.241000e-03
  1.300000e+06  3.820740e-07  6.650000e-03
  1.500000e+06  3.790800e-07  7.040000e-03
  1.700000e+06  3.718940e-07  7.397000e-03
  1.900000e+06  3.616130e-07  7.714000e-03
  2.100000e+06  3.484380e-07  7.996000e-03
  2.300000e+06  3.317700e-07  8.269000e-03
  2.500000e+06  3.099110e-07  8.591000e-03
  2.700000e+06  2.819640e-07  9.024000e-03
  2.900000e+06  2.476300e-07  9.656000e-03
  3.100000e+06  2.063080e-07  1.068000e-02
  3.300000e+06  1.574010e-07  1.259000e-02
  3.500000e+06  1.001100e-07  1.727000e-02
  3.700000e+06  3.329670e-08  4.337000e-02
  3.900000e+06  1.128860e-09  1.000000e+00
  4.100000e+06  7.836110e-10  1.000000e+00
  4.300000e+06  4.094220e-10  1.000000e+00
  4.500000e+06  0.000000e+00  1.000000e+00
  1.250000e+07            26             0             2
  0.000000e+00  0.000000e+00  0.000000e+00
  1.000000e+05  3.444110e-08  4.486000e-03
  3.000000e+05  1.168000e-07  4.832000e-03
  5.000000e+05  2.248150e-07  5.210000e-03
  7.000000e+05  3.168580e-07  5.620000e-03
  9.000000e+05  3.406170e-07  6.062000e-03
  1.100000e+06  3.519980e-07  6.529000e-03
  1.300000e+06  3.543940e-07  7.014000e-03
  1.500000e+06  3.503010e-07  7.507000e-03
  1.700000e+06  3.419150e-07  7.991000e-03
  1.900000e+06  3.309340e-07  8.451000e-03
  2.100000e+06  3.182560e-07  8.871000e-03
  2.300000e+06  3.044790e-07  9.244000e-03
  2.500000e+06  2.894050e-07  9.579000e-03
  2.700000e+06  2.722340e-07  9.908000e-03
  2.900000e+06  2.514700e-07  1.030000e-02
  3.100000e+06  2.265130e-07  1.083000e-02
  3.300000e+06  1.969630e-07  1.161000e-02
  3.500000e+06  1.624220e-07  1.288000e-02
  3.700000e+06  1.223910e-07  1.527000e-02
  3.900000e+06  7.617970e-08  2.125000e-02
  4.100000e+06  2.311050e-08  5.807000e-02
  4.300000e+06  1.040220e-09  1.000000e+00
  4.500000e+06  7.124810e-10  1.000000e+00
  4.700000e+06  3.606830e-10  1.000000e+00
  4.900000e+06  0.000000e+00  1.000000e+00
  1.300000e+07            28             0             2
  0.000000e+00  0.000000e+00  0.000000e+00
  1.000000e+05  3.166920e-08  4.652000e-03
  3.000000e+05  1.080270e-07  4.997000e-03
  5.000000e+05  2.091640e-07  5.375000e-03
  7.000000e+05  2.964240e-07  5.789000e-03
  9.000000e+05  3.200860e-07  6.242000e-03
  1.100000e+06  3.318680e-07  6.732000e-03
  1.300000e+06  3.346630e-07  7.257000e-03
  1.500000e+06  3.307690e-07  7.811000e-03
  1.700000e+06  3.221830e-07  8.385000e-03
  1.900000e+06  3.107020e-07  8.965000e-03
  2.100000e+06  2.974230e-07  9.533000e-03
  2.300000e+06  2.833450e-07  1.007000e-02
  2.500000e+06  2.689680e-07  1.056000e-02
  2.700000e+06  2.544920e-07  1.100000e-02
  2.900000e+06  2.395160e-07  1.139000e-02
  3.100000e+06  2.232420e-07  1.179000e-02
  3.300000e+06  2.044720e-07  1.227000e-02
  3.500000e+06  1.826070e-07  1.291000e-02
  3.700000e+06  1.574470e-07  1.387000e-02
  3.900000e+06  1.286940e-07  1.543000e-02
  4.100000e+06  9.583620e-08  1.839000e-02
  4.300000e+06  5.844620e-08  2.597000e-02
  4.500000e+06  1.594440e-08  7.842000e-02
  4.700000e+06  9.606590e-10  1.000000e+00
  4.900000e+06  6.498570e-10  1.000000e+00
  5.100000e+06  3.180900e-10  1.000000e+00
  5.300000e+06  0.000000e+00  1.000000e+00
  1.350000e+07            30             0             2
  0.000000e+00  0.000000e+00  0.000000e+00
  1.000000e+05  2.922890e-08  4.817000e-03
  3.000000e+05  1.003590e-07  5.159000e-03
  5.000000e+05  1.953250e-07  5.534000e-03
  7.000000e+05  2.784090e-07  5.945000e-03
  9.000000e+05  3.022750e-07  6.396000e-03
  1.100000e+06  3.150570e-07  6.889000e-03
  1.300000e+06  3.190520e-07  7.427000e-03
  1.500000e+06  3.163550e-07  8.007000e-03
  1.700000e+06  3.086660e-07  8.627000e-03
  1.900000e+06  2.974820e-07  9.280000e-03
  2.100000e+06  2.841010e-07  9.954000e-03
  2.300000e+06  2.696210e-07  1.063000e-02
  2.500000e+06  2.548420e-07  1.129000e-02
  2.700000e+06  2.401620e-07  1.192000e-02
  2.900000e+06  2.258820e-07  1.249000e-02
  3.100000e+06  2.120020e-07  1.300000e-02
  3.300000e+06  1.980220e-07  1.346000e-02
  3.500000e+06  1.832420e-07  1.393000e-02
  3.700000e+06  1.666660e-07  1.450000e-02
  3.900000e+06  1.478920e-07  1.529000e-02
  4.100000e+06  1.266220e-07  1.644000e-02
  4.300000e+06  1.026560e-07  1.835000e-02
  4.500000e+06  7.560370e-08  2.201000e-02
  4.700000e+06  4.515650e-08  3.155000e-02
  4.900000e+06  1.086470e-08  1.073000e-01
  5.100000e+06  8.893500e-10  1.000000e+00
  5.300000e+06  5.938650e-10  1.000000e+00
  5.500000e+06  2.804060e-10  1.000000e+00
  5.700000e+06  0.000000e+00  1.000000e+00
  1.400000e+07            32             0             2
  0.000000e+00  0.000000e+00  0.000000e+00
  1.000000e+05  2.709440e-08  4.979000e-03
  3.000000e+05  9.339720e-08  5.320000e-03
  5.000000e+05  1.827600e-07  5.692000e-03
  7.000000e+05  2.619560e-07  6.098000e-03
  9.000000e+05  2.861240e-07  6.543000e-03
  1.100000e+06  2.999060e-07  7.030000e-03
  1.300000e+06  3.053990e-07  7.563000e-03
  1.500000e+06  3.043000e-07  8.146000e-03
  1.700000e+06  2.980080e-07  8.779000e-03
  1.900000e+06  2.880210e-07  9.462000e-03
  2.100000e+06  2.754380e-07  1.019000e-02
  2.300000e+06  2.612570e-07  1.095000e-02
  2.500000e+06  2.463760e-07  1.174000e-02
  2.700000e+06  2.312960e-07  1.252000e-02
  2.900000e+06  2.166150e-07  1.329000e-02
  3.100000e+06  2.026340e-07  1.401000e-02
  3.300000e+06  1.892510e-07  1.467000e-02
  3.500000e+06  1.765680e-07  1.526000e-02
  3.700000e+06  1.639840e-07  1.580000e-02
  3.900000e+06  1.509020e-07  1.635000e-02
  4.100000e+06  1.364210e-07  1.704000e-02
  4.300000e+06  1.203420e-07  1.798000e-02
  4.500000e+06  1.023650e-07  1.937000e-02
  4.700000e+06  8.234180e-08  2.168000e-02
  4.900000e+06  6.003110e-08  2.616000e-02
  5.100000e+06  3.511380e-08  3.811000e-02
  5.300000e+06  7.258460e-09  1.501000e-01
  5.500000e+06  8.244160e-10  1.000000e+00
  5.700000e+06  5.433860e-10  1.000000e+00
  5.900000e+06  2.466760e-10  1.000000e+00
  6.100000e+06  0.000000e+00  1.000000e+00
  1.450000e+07            34             0             2
  0.000000e+00  0.000000e+00  0.000000e+00
  1.000000e+05  2.520870e-08  5.134000e-03
  3.000000e+05  8.725170e-08  5.476000e-03
  5.000000e+05  1.714870e-07  5.847000e-03
  7.000000e+05  2.469930e-07  6.250000e-03
  9.000000e+05  2.710630e-07  6.688000e-03
  1.100000e+06  2.857450e-07  7.167000e-03
  1.300000e+06  2.926370e-07  7.691000e-03
  1.500000e+06  2.931360e-07  8.264000e-03
  1.700000e+06  2.886420e-07  8.891000e-03
  1.900000e+06  2.802520e-07  9.575000e-03
  2.100000e+06  2.690660e-07  1.032000e-02
  2.300000e+06  2.558820e-07  1.111000e-02
  2.500000e+06  2.415000e-07  1.196000e-02
  2.700000e+06  2.265190e-07  1.285000e-02
  2.900000e+06  2.116370e-07  1.376000e-02
  3.100000e+06  1.971550e-07  1.466000e-02
  3.300000e+06  1.834720e-07  1.554000e-02
  3.500000e+06  1.705880e-07  1.637000e-02
  3.700000e+06  1.586030e-07  1.712000e-02
  3.900000e+06  1.472170e-07  1.780000e-02
  4.100000e+06  1.360310e-07  1.843000e-02
  4.300000e+06  1.245450e-07  1.908000e-02
  4.500000e+06  1.120610e-07  1.989000e-02
  4.700000e+06  9.833790e-08  2.101000e-02
  4.900000e+06  8.319670e-08  2.269000e-02
  5.100000e+06  6.646750e-08  2.546000e-02
  5.300000e+06  4.797040e-08  3.091000e-02
  5.500000e+06  2.746590e-08  4.580000e-02
  5.700000e+06  4.691170e-09  2.172000e-01
  5.900000e+06  7.652500e-10  1.000000e+00
  6.100000e+06  4.977820e-10  1.000000e+00
  6.300000e+06  2.165310e-10  1.000000e+00
  6.500000e+06  0.000000e+00  1.000000e+00
  1.500000e+07            36             0             2
  0.000000e+00  0.000000e+00  0.000000e+00
  1.000000e+05  2.356130e-08  5.279000e-03
  3.000000e+05  8.180040e-08  5.624000e-03
  5.000000e+05  1.614030e-07  5.995000e-03
  7.000000e+05  2.332160e-07  6.396000e-03
  9.000000e+05  2.571870e-07  6.831000e-03
  1.100000e+06  2.723680e-07  7.303000e-03
  1.300000e+06  2.802590e-07  7.817000e-03
  1.500000e+06  2.823560e-07  8.378000e-03
  1.700000e+06  2.795600e-07  8.992000e-03
  1.900000e+06  2.729680e-07  9.662000e-03
  2.100000e+06  2.633790e-07  1.039000e-02
  2.300000e+06  2.514940e-07  1.119000e-02
  2.500000e+06  2.382100e-07  1.205000e-02
  2.700000e+06  2.240270e-07  1.298000e-02
  2.900000e+06  2.094450e-07  1.396000e-02
  3.100000e+06  1.949630e-07  1.498000e-02
  3.300000e+06  1.809800e-07  1.603000e-02
  3.500000e+06  1.675960e-07  1.707000e-02
  3.700000e+06  1.552110e-07  1.808000e-02
  3.900000e+06  1.437250e-07  1.902000e-02
  4.100000e+06  1.330380e-07  1.988000e-02
  4.300000e+06  1.229500e-07  2.065000e-02
  4.500000e+06  1.132620e-07  2.137000e-02
  4.700000e+06  1.032740e-07  2.213000e-02
  4.900000e+06  9.250730e-08  2.310000e-02
  5.100000e+06  8.079160e-08  2.442000e-02
  5.300000e+06  6.798720e-08  2.641000e-02
  5.500000e+06  5.397430e-08  2.974000e-02
  5.700000e+06  3.857300e-08  3.632000e-02
  5.900000e+06  2.160370e-08  5.479000e-02
  6.100000e+06  2.865510e-09  3.328000e-01
  6.300000e+06  7.111340e-10  1.000000e+00
  6.500000e+06  4.562440e-10  1.000000e+00
  6.700000e+06  1.892690e-10  1.000000e+00
  6.900000e+06  0.000000e+00  1.000000e+00
