             0             3
             4
             0
           106
  8.131080e+06  0.000000e+00  8.140000e+06  5.065400e-05  8.210000e+06  1.656700e-02
  8.280000e+06  3.844400e-03  8.350000e+06  1.072900e-03  8.420000e+06  5.843300e-04
  8.490000e+06  5.686100e-04  8.560000e+06  2.246300e-03  8.630000e+06  6.791300e-04
  8.700000e+06  9.016700e-04  8.770000e+06  1.642100e-03  8.840000e+06  3.823900e-03
  8.910000e+06  3.136400e-03  8.980000e+06  2.798200e-03  9.050000e+06  2.015300e-03
  9.120000e+06  1.591700e-03  9.190000e+06  3.159400e-03  9.260000e+06  1.553000e-03
  9.318110e+06  1.191390e-03  9.330000e+06  1.131328e-03  9.400000e+06  1.061564e-03
  9.451130e+06  2.028619e-03  9.470000e+06  2.385571e-03  9.500530e+06  2.259259e-03
  9.540000e+06  2.096562e-03  9.551210e+06  1.871107e-03  9.610000e+06  6.910288e-04
  9.680000e+06  5.373278e-04  9.750000e+06  4.525186e-04  9.820000e+06  3.925474e-04
  9.890000e+06  3.467444e-04  9.960000e+06  3.110473e-04  1.003000e+07  2.844800e-04
  1.010000e+07  2.703147e-04  1.017000e+07  2.873977e-04  1.024000e+07  4.567010e-04
  1.028470e+07  1.722602e-03  1.028500e+07  1.731098e-03  1.031000e+07  2.442749e-03
  1.038000e+07  4.303253e-03  1.045000e+07  1.398012e-03  1.052000e+07  9.545710e-04
  1.059000e+07  8.632250e-04  1.066000e+07  9.023820e-04  1.073000e+07  1.041305e-03
  1.080000e+07  1.301107e-03  1.087000e+07  1.735910e-03  1.094000e+07  2.414502e-03
  1.101000e+07  3.310354e-03  1.108000e+07  4.037770e-03  1.115000e+07  4.014049e-03
  1.122000e+07  3.366407e-03  1.129000e+07  2.661398e-03  1.136000e+07  2.155399e-03
  1.143000e+07  1.867814e-03  1.150000e+07  1.784096e-03  1.157000e+07  1.947406e-03
  1.164000e+07  2.581086e-03  1.171000e+07  4.567936e-03  1.178000e+07  8.825230e-03
  1.185000e+07  3.852684e-03  1.192000e+07  1.137907e-03  1.199000e+07  5.951810e-04
  1.206000e+07  6.762190e-04  1.213000e+07  1.366010e-03  1.220000e+07  3.591882e-03
  1.227000e+07  8.924960e-03  1.234000e+07  1.001802e-02  1.241000e+07  6.262384e-03
  1.248000e+07  4.035740e-03  1.255000e+07  2.939608e-03  1.262000e+07  2.362594e-03
  1.269000e+07  2.044005e-03  1.276000e+07  1.873183e-03  1.283000e+07  1.800204e-03
  1.290000e+07  1.803412e-03  1.297000e+07  1.876099e-03  1.304000e+07  2.021691e-03
  1.311000e+07  2.251591e-03  1.318000e+07  2.583737e-03  1.325000e+07  3.038043e-03
  1.332000e+07  3.622538e-03  1.339000e+07  4.301271e-03  1.346000e+07  4.947664e-03
  1.353000e+07  5.341579e-03  1.360000e+07  5.302350e-03  1.367000e+07  4.861793e-03
  1.374000e+07  4.225770e-03  1.381000e+07  3.590092e-03  1.388000e+07  3.052502e-03
  1.395000e+07  2.635900e-03  1.402000e+07  2.331230e-03  1.409000e+07  2.121936e-03
  1.416000e+07  1.994157e-03  1.423000e+07  1.940640e-03  1.430000e+07  1.961138e-03
  1.437000e+07  2.064494e-03  1.444000e+07  2.270670e-03  1.451000e+07  2.615226e-03
  1.458000e+07  3.153544e-03  1.465000e+07  3.958113e-03  1.472000e+07  5.074331e-03
  1.479000e+07  6.369826e-03  1.486000e+07  7.312938e-03  1.493000e+07  7.238834e-03
  1.500000e+07  6.219047e-03
             4
             6
  1.487130e+01             3             1
  1.000000e+00  1.000000e+00             0             1
 -6.418410e+06 -6.418410e+06             2
             1
             2             2
  8.131080e+06  1.000000e+00  1.500000e+07  1.000000e+00
          7015             2             2            15
             1
            15            22
  8.131080e+06             3             0             2
  0.000000e+00  0.000000e+00  0.000000e+00
  5.000000e-01  2.000000e+00  0.000000e+00
  1.000000e+00  0.000000e+00  0.000000e+00
  8.500000e+06            10             0             2
  0.000000e+00  0.000000e+00  0.000000e+00
  1.291500e+04  0.000000e+00  0.000000e+00
  3.873500e+04  5.435970e-07  0.000000e+00
  6.456500e+04  2.273990e-06  0.000000e+00
  9.038500e+04  4.900980e-06  0.000000e+00
  1.161850e+05  7.715960e-06  0.000000e+00
  1.420850e+05  9.641960e-06  0.000000e+00
  1.678850e+05  9.199960e-06  0.000000e+00
  1.936850e+05  4.444980e-06  0.000000e+00
  2.194850e+05  0.000000e+00  0.000000e+00
  9.000000e+06            10             0             2
  0.000000e+00  0.000000e+00  0.000000e+00
  3.033000e+04  0.000000e+00  0.000000e+00
  9.097000e+04  2.313980e-07  0.000000e+00
  1.516700e+05  9.679920e-07  0.000000e+00
  2.122700e+05  2.086980e-06  0.000000e+00
  2.729700e+05  3.284970e-06  0.000000e+00
  3.336700e+05  4.104970e-06  0.000000e+00
  3.942700e+05  3.916970e-06  0.000000e+00
  4.549700e+05  1.891980e-06  0.000000e+00
  5.155700e+05  0.000000e+00  0.000000e+00
  9.500000e+06            10             0             2
  0.000000e+00  0.000000e+00  0.000000e+00
  4.775000e+04  0.000000e+00  0.000000e+00
  1.432500e+05  1.469900e-07  0.000000e+00
  2.387500e+05  6.148590e-07  0.000000e+00
  3.342500e+05  1.325910e-06  0.000000e+00
  4.297500e+05  2.086860e-06  0.000000e+00
  5.252500e+05  2.606830e-06  0.000000e+00
  6.207500e+05  2.487830e-06  0.000000e+00
  7.162500e+05  1.201920e-06  0.000000e+00
  8.117500e+05  0.000000e+00  0.000000e+00
  1.000000e+07            10             0             2
  0.000000e+00  0.000000e+00  0.000000e+00
  6.515000e+04  0.000000e+00  0.000000e+00
  1.955500e+05  1.076620e-07  0.000000e+00
  3.258500e+05  4.503390e-07  0.000000e+00
  4.561500e+05  9.708530e-07  0.000000e+00
  5.865500e+05  1.528450e-06  0.000000e+00
  7.168500e+05  1.910320e-06  0.000000e+00
  8.471500e+05  1.822350e-06  0.000000e+00
  9.778500e+05  8.804860e-07  0.000000e+00
  1.107850e+06  0.000000e+00  0.000000e+00
  1.050000e+07            10             0             2
  0.000000e+00  0.000000e+00  0.000000e+00
  8.260000e+04  0.000000e+00  0.000000e+00
  2.477000e+05  8.500960e-08  0.000000e+00
  4.129000e+05  3.555820e-07  0.000000e+00
  5.781000e+05  7.665770e-07  0.000000e+00
  7.432000e+05  1.207280e-06  0.000000e+00
  9.084000e+05  1.508350e-06  0.000000e+00
  1.073400e+06  1.439330e-06  0.000000e+00
  1.238400e+06  6.952610e-07  0.000000e+00
  1.403400e+06  0.000000e+00  0.000000e+00
  1.100000e+07            10             0             2
  0.000000e+00  0.000000e+00  0.000000e+00
  1.000000e+05  0.000000e+00  0.000000e+00
  3.000000e+05  7.018870e-08  0.000000e+00
  5.000000e+05  2.935950e-07  0.000000e+00
  7.000000e+05  6.328890e-07  0.000000e+00
  9.000000e+05  9.963820e-07  0.000000e+00
  1.100000e+06  1.244980e-06  0.000000e+00
  1.300000e+06  1.187980e-06  0.000000e+00
  1.500000e+06  5.739900e-07  0.000000e+00
  1.700000e+06  0.000000e+00  0.000000e+00
  1.150000e+07            12             0             2
  0.000000e+00  0.000000e+00  0.000000e+00
  1.000000e+05  0.000000e+00  0.000000e+00
  3.000000e+05  3.354110e-08  0.000000e+00
  5.000000e+05  1.431050e-07  0.000000e+00
  7.000000e+05  3.221100e-07  0.000000e+00
  9.000000e+05  5.465180e-07  0.000000e+00
  1.100000e+06  7.755250e-07  0.000000e+00
  1.300000e+06  9.540310e-07  0.000000e+00
  1.500000e+06  1.010030e-06  0.000000e+00
  1.700000e+06  8.522270e-07  0.000000e+00
  1.900000e+06  3.629120e-07  0.000000e+00
  2.100000e+06  0.000000e+00  0.000000e+00
  1.200000e+07            14             0             2
  0.000000e+00  0.000000e+00  0.000000e+00
  1.000000e+05  0.000000e+00  0.000000e+00
  3.000000e+05  1.917000e-08  0.000000e+00
  5.000000e+05  8.183000e-08  0.000000e+00
  7.000000e+05  1.855000e-07  0.000000e+00
  9.000000e+05  3.214000e-07  0.000000e+00
  1.100000e+06  4.768000e-07  0.000000e+00
  1.300000e+06  6.329000e-07  0.000000e+00
  1.500000e+06  7.630000e-07  0.000000e+00
  1.700000e+06  8.348000e-07  0.000000e+00
  1.900000e+06  8.080000e-07  0.000000e+00
  2.100000e+06  6.322000e-07  0.000000e+00
  2.300000e+06  2.444000e-07  0.000000e+00
  2.500000e+06  0.000000e+00  0.000000e+00
  1.250000e+07            16             0             2
  0.000000e+00  0.000000e+00  0.000000e+00
  1.000000e+05  0.000000e+00  0.000000e+00
  3.000000e+05  1.243010e-08  0.000000e+00
  5.000000e+05  5.302050e-08  0.000000e+00
  7.000000e+05  1.200010e-07  0.000000e+00
  9.000000e+05  2.082020e-07  0.000000e+00
  1.100000e+06  3.113030e-07  0.000000e+00
  1.300000e+06  4.224040e-07  0.000000e+00
  1.500000e+06  5.330050e-07  0.000000e+00
  1.700000e+06  6.300060e-07  0.000000e+00
  1.900000e+06  6.958070e-07  0.000000e+00
  2.100000e+06  7.105070e-07  0.000000e+00
  2.300000e+06  6.494060e-07  0.000000e+00
  2.500000e+06  4.823050e-07  0.000000e+00
  2.700000e+06  1.716020e-07  0.000000e+00
  2.900000e+06  0.000000e+00  0.000000e+00
  1.300000e+07            18             0             2
  0.000000e+00  0.000000e+00  0.000000e+00
  1.000000e+05  0.000000e+00  0.000000e+00
  3.000000e+05  8.792080e-09  0.000000e+00
  5.000000e+05  3.755040e-08  0.000000e+00
  7.000000e+05  8.501080e-08  0.000000e+00
  9.000000e+05  1.473010e-07  0.000000e+00
  1.100000e+06  2.199020e-07  0.000000e+00
  1.300000e+06  2.989030e-07  0.000000e+00
  1.500000e+06  3.804040e-07  0.000000e+00
  1.700000e+06  4.601040e-07  0.000000e+00
  1.900000e+06  5.324050e-07  0.000000e+00
  2.100000e+06  5.881060e-07  0.000000e+00
  2.300000e+06  6.150060e-07  0.000000e+00
  2.500000e+06  5.998060e-07  0.000000e+00
  2.700000e+06  5.267050e-07  0.000000e+00
  2.900000e+06  3.761040e-07  0.000000e+00
  3.100000e+06  1.239010e-07  0.000000e+00
  3.300000e+06  0.000000e+00  0.000000e+00
  1.350000e+07            20             0             2
  0.000000e+00  0.000000e+00  0.000000e+00
  1.000000e+05  0.000000e+00  0.000000e+00
  3.000000e+05  6.585130e-09  0.000000e+00
  5.000000e+05  2.825050e-08  0.000000e+00
  7.000000e+05  6.415120e-08  0.000000e+00
  9.000000e+05  1.113020e-07  0.000000e+00
  1.100000e+06  1.662030e-07  0.000000e+00
  1.300000e+06  2.256040e-07  0.000000e+00
  1.500000e+06  2.868050e-07  0.000000e+00
  1.700000e+06  3.476070e-07  0.000000e+00
  1.900000e+06  4.060080e-07  0.000000e+00
  2.100000e+06  4.594090e-07  0.000000e+00
  2.300000e+06  5.037100e-07  0.000000e+00
  2.500000e+06  5.322100e-07  0.000000e+00
  2.700000e+06  5.359100e-07  0.000000e+00
  2.900000e+06  5.058100e-07  0.000000e+00
  3.100000e+06  4.310080e-07  0.000000e+00
  3.300000e+06  2.983060e-07  0.000000e+00
  3.500000e+06  9.112170e-08  0.000000e+00
  3.700000e+06  0.000000e+00  0.000000e+00
  1.400000e+07            22             0             2
  0.000000e+00  0.000000e+00  0.000000e+00
  1.000000e+05  0.000000e+00  0.000000e+00
  3.000000e+05  5.127960e-09  0.000000e+00
  5.000000e+05  2.212980e-08  0.000000e+00
  7.000000e+05  5.051960e-08  0.000000e+00
  9.000000e+05  8.800930e-08  0.000000e+00
  1.100000e+06  1.317990e-07  0.000000e+00
  1.300000e+06  1.790990e-07  0.000000e+00
  1.500000e+06  2.276980e-07  0.000000e+00
  1.700000e+06  2.755980e-07  0.000000e+00
  1.900000e+06  3.216980e-07  0.000000e+00
  2.100000e+06  3.648970e-07  0.000000e+00
  2.300000e+06  4.041970e-07  0.000000e+00
  2.500000e+06  4.377970e-07  0.000000e+00
  2.700000e+06  4.627960e-07  0.000000e+00
  2.900000e+06  4.737960e-07  0.000000e+00
  3.100000e+06  4.641960e-07  0.000000e+00
  3.300000e+06  4.273970e-07  0.000000e+00
  3.500000e+06  3.556970e-07  0.000000e+00
  3.700000e+06  2.396980e-07  0.000000e+00
  3.900000e+06  6.784950e-08  0.000000e+00
  4.100000e+06  0.000000e+00  0.000000e+00
  1.450000e+07            24             0             2
  0.000000e+00  0.000000e+00  0.000000e+00
  1.000000e+05  0.000000e+00  0.000000e+00
  3.000000e+05  4.106080e-09  0.000000e+00
  5.000000e+05  1.783030e-08  0.000000e+00
  7.000000e+05  4.094080e-08  0.000000e+00
  9.000000e+05  7.174140e-08  0.000000e+00
  1.100000e+06  1.080020e-07  0.000000e+00
  1.300000e+06  1.473030e-07  0.000000e+00
  1.500000e+06  1.877040e-07  0.000000e+00
  1.700000e+06  2.275040e-07  0.000000e+00
  1.900000e+06  2.655050e-07  0.000000e+00
  2.100000e+06  3.008060e-07  0.000000e+00
  2.300000e+06  3.330060e-07  0.000000e+00
  2.500000e+06  3.618070e-07  0.000000e+00
  2.700000e+06  3.866070e-07  0.000000e+00
  2.900000e+06  4.062080e-07  0.000000e+00
  3.100000e+06  4.181080e-07  0.000000e+00
  3.300000e+06  4.182080e-07  0.000000e+00
  3.500000e+06  4.011080e-07  0.000000e+00
  3.700000e+06  3.621070e-07  0.000000e+00
  3.900000e+06  2.957060e-07  0.000000e+00
  4.100000e+06  1.948040e-07  0.000000e+00
  4.300000e+06  5.089100e-08  0.000000e+00
  4.500000e+06  0.000000e+00  0.000000e+00
  1.500000e+07            26             0             2
  0.000000e+00  0.000000e+00  0.000000e+00
  1.000000e+05  0.000000e+00  0.000000e+00
  3.000000e+05  3.358010e-09  0.000000e+00
  5.000000e+05  1.466010e-08  0.000000e+00
  7.000000e+05  3.387020e-08  0.000000e+00
  9.000000e+05  5.970030e-08  0.000000e+00
  1.100000e+06  9.039040e-08  0.000000e+00
  1.300000e+06  1.240010e-07  0.000000e+00
  1.500000e+06  1.588010e-07  0.000000e+00
  1.700000e+06  1.932010e-07  0.000000e+00
  1.900000e+06  2.260010e-07  0.000000e+00
  2.100000e+06  2.563010e-07  0.000000e+00
  2.300000e+06  2.836010e-07  0.000000e+00
  2.500000e+06  3.078010e-07  0.000000e+00
  2.700000e+06  3.288010e-07  0.000000e+00
  2.900000e+06  3.466020e-07  0.000000e+00
  3.100000e+06  3.609020e-07  0.000000e+00
  3.300000e+06  3.707020e-07  0.000000e+00
  3.500000e+06  3.741020e-07  0.000000e+00
  3.700000e+06  3.673020e-07  0.000000e+00
  3.900000e+06  3.465020e-07  0.000000e+00
  4.100000e+06  3.080010e-07  0.000000e+00
  4.300000e+06  2.474010e-07  0.000000e+00
  4.500000e+06  1.597010e-07  0.000000e+00
  4.700000e+06  3.830020e-08  0.000000e+00
  4.900000e+06  0.000000e+00  0.000000e+00
