             0             3
             4
             0
           404
  1.000000e-05  0.000000e+00  8.000000e+05  0.000000e+00  9.000000e+05  2.000000e-06
  1.294120e+06  2.431509e-05  1.429000e+06  3.700050e-05  1.443000e+06  7.710000e-04
  1.454000e+06  8.630000e-04  1.476000e+06  1.999970e-04  1.500000e+06  5.550000e-05
  1.524000e+06  4.930000e-05  1.574000e+06  9.870000e-05  1.613000e+06  2.159970e-04
  1.639000e+06  4.010020e-04  1.671000e+06  4.370010e-04  1.727000e+06  1.329955e-03
  1.746000e+06  2.310020e-03  1.769000e+06  3.170020e-03  1.800000e+06  1.610002e-03
  1.830000e+06  6.170040e-04  1.853000e+06  1.389960e-03  1.884000e+06  1.230037e-03
  1.917000e+06  1.080014e-03  1.944000e+06  3.550030e-03  1.966000e+06  8.630000e-03
  1.986000e+06  5.089960e-03  2.000000e+06  4.319950e-03  2.026000e+06  9.250010e-03
  2.046000e+06  5.550020e-03  2.070000e+06  6.319990e-03  2.080000e+06  7.152000e-03
  2.090000e+06  7.985010e-03  2.100000e+06  8.816960e-03  2.110000e+06  9.650030e-03
  2.120000e+06  1.048193e-02  2.130000e+06  1.131485e-02  2.140000e+06  1.214660e-02
  2.150000e+06  1.690077e-02  2.160000e+06  2.274971e-02  2.170000e+06  2.787608e-02
  2.180000e+06  2.929017e-02  2.190000e+06  2.630237e-02  2.200000e+06  2.136903e-02
  2.210000e+06  1.673186e-02  2.220000e+06  1.307487e-02  2.230000e+06  1.038051e-02
  2.240000e+06  8.425900e-03  2.250000e+06  7.004490e-03  2.260000e+06  5.968860e-03
  2.270000e+06  5.234760e-03  2.280000e+06  4.818560e-03  2.290000e+06  5.290450e-03
  2.300000e+06  1.315042e-02  2.310000e+06  4.759790e-03  2.320000e+06  3.665490e-03
  2.330000e+06  3.443360e-03  2.340000e+06  3.563480e-03  2.350000e+06  4.227750e-03
  2.360000e+06  6.758540e-03  2.370000e+06  2.110032e-02  2.380000e+06  2.121754e-02
  2.390000e+06  8.167800e-03  2.400000e+06  8.042810e-03  2.410000e+06  1.794023e-02
  2.420000e+06  1.743714e-02  2.430000e+06  6.973340e-03  2.440000e+06  4.476150e-03
  2.450000e+06  3.803470e-03  2.460000e+06  3.862130e-03  2.470000e+06  4.709670e-03
  2.480000e+06  7.541520e-03  2.490000e+06  1.611188e-02  2.500000e+06  1.584772e-02
  2.510000e+06  7.727720e-03  2.520000e+06  4.981230e-03  2.530000e+06  4.055910e-03
  2.540000e+06  3.758660e-03  2.550000e+06  3.757670e-03  2.560000e+06  3.952440e-03
  2.570000e+06  4.323030e-03  2.580000e+06  4.892790e-03  2.590000e+06  5.723230e-03
  2.600000e+06  6.923560e-03  2.610000e+06  8.647440e-03  2.620000e+06  1.121949e-02
  2.630000e+06  1.511184e-02  2.640000e+06  2.095082e-02  2.650000e+06  2.898920e-02
  2.660000e+06  3.728680e-02  2.670000e+06  4.047850e-02  2.680000e+06  3.593210e-02
  2.690000e+06  2.810000e-02  2.700000e+06  2.121376e-02  2.710000e+06  1.625761e-02
  2.720000e+06  1.288137e-02  2.730000e+06  1.058416e-02  2.740000e+06  9.003420e-03
  2.750000e+06  7.903030e-03  2.760000e+06  7.134960e-03  2.770000e+06  6.606870e-03
  2.780000e+06  6.261180e-03  2.790000e+06  6.062640e-03  2.800000e+06  5.992490e-03
  2.810000e+06  6.023560e-03  2.820000e+06  6.182270e-03  2.830000e+06  6.490270e-03
  2.840000e+06  6.993890e-03  2.850000e+06  7.786840e-03  2.860000e+06  9.068130e-03
  2.870000e+06  1.132541e-02  2.880000e+06  1.601490e-02  2.890000e+06  2.834070e-02
  2.900000e+06  4.859140e-02  2.910000e+06  3.787700e-02  2.920000e+06  4.052150e-02
  2.930000e+06  6.296480e-02  2.940000e+06  8.498720e-02  2.950000e+06  6.315170e-02
  2.960000e+06  4.129810e-02  2.970000e+06  3.271340e-02  2.980000e+06  3.155080e-02
  2.990000e+06  3.537410e-02  3.000000e+06  4.440160e-02  3.010000e+06  6.025730e-02
  3.020000e+06  8.425410e-02  3.030000e+06  1.083730e-01  3.040000e+06  1.133051e-01
  3.050000e+06  1.038304e-01  3.060000e+06  1.070461e-01  3.070000e+06  1.336448e-01
  3.080000e+06  1.267034e-01  3.090000e+06  8.670620e-02  3.100000e+06  6.674730e-02
  3.110000e+06  6.312700e-02  3.120000e+06  6.913590e-02  3.130000e+06  7.884020e-02
  3.140000e+06  8.252050e-02  3.150000e+06  7.489360e-02  3.160000e+06  6.308990e-02
  3.170000e+06  5.571340e-02  3.180000e+06  5.812700e-02  3.190000e+06  7.144730e-02
  3.200000e+06  6.649980e-02  3.210000e+06  4.428670e-02  3.220000e+06  3.096100e-02
  3.230000e+06  2.419312e-02  3.240000e+06  2.047290e-02  3.250000e+06  1.828599e-02
  3.260000e+06  1.698830e-02  3.270000e+06  1.629014e-02  3.280000e+06  1.606231e-02
  3.290000e+06  1.626949e-02  3.300000e+06  1.695257e-02  3.310000e+06  1.824932e-02
  3.320000e+06  2.044808e-02  3.330000e+06  2.413670e-02  3.340000e+06  3.050680e-02
  3.350000e+06  4.172940e-02  3.360000e+06  5.911130e-02  3.370000e+06  7.185640e-02
  3.380000e+06  6.635520e-02  3.390000e+06  5.931130e-02  3.400000e+06  6.156840e-02
  3.410000e+06  7.075880e-02  3.420000e+06  7.571960e-02  3.430000e+06  6.762020e-02
  3.440000e+06  5.522190e-02  3.450000e+06  4.680600e-02  3.460000e+06  4.356750e-02
  3.470000e+06  4.548630e-02  3.480000e+06  5.417580e-02  3.490000e+06  7.210650e-02
  3.500000e+06  8.629460e-02  3.510000e+06  7.459790e-02  3.520000e+06  6.058480e-02
  3.530000e+06  5.541620e-02  3.540000e+06  5.654310e-02  3.550000e+06  6.214640e-02
  3.560000e+06  7.175760e-02  3.570000e+06  8.530520e-02  3.580000e+06  1.019398e-01
  3.590000e+06  1.187101e-01  3.600000e+06  1.311604e-01  3.610000e+06  1.375202e-01
  3.620000e+06  1.405968e-01  3.630000e+06  1.421148e-01  3.640000e+06  1.385511e-01
  3.650000e+06  1.274264e-01  3.660000e+06  1.132162e-01  3.670000e+06  1.018196e-01
  3.680000e+06  9.595090e-02  3.690000e+06  9.644700e-02  3.700000e+06  1.040600e-01
  3.710000e+06  1.200849e-01  3.720000e+06  1.450622e-01  3.730000e+06  1.732510e-01
  3.740000e+06  1.874466e-01  3.750000e+06  1.765299e-01  3.760000e+06  1.540447e-01
  3.770000e+06  1.359939e-01  3.780000e+06  1.271474e-01  3.790000e+06  1.267725e-01
  3.800000e+06  1.326006e-01  3.810000e+06  1.410787e-01  3.820000e+06  1.469211e-01
  3.830000e+06  1.455566e-01  3.840000e+06  1.370152e-01  3.850000e+06  1.254180e-01
  3.860000e+06  1.146154e-01  3.870000e+06  1.063752e-01  3.880000e+06  1.009602e-01
  3.890000e+06  9.801750e-02  3.900000e+06  9.709110e-02  3.910000e+06  9.779280e-02
  3.920000e+06  9.982360e-02  3.930000e+06  1.029701e-01  3.940000e+06  1.070629e-01
  3.950000e+06  1.120177e-01  3.960000e+06  1.177994e-01  3.970000e+06  1.244294e-01
  3.980000e+06  1.321068e-01  3.990000e+06  1.412396e-01  4.000000e+06  1.525191e-01
  4.010000e+06  1.668253e-01  4.020000e+06  1.848362e-01  4.030000e+06  2.032437e-01
  4.040000e+06  2.115920e-01  4.050000e+06  2.024498e-01  4.060000e+06  1.838040e-01
  4.070000e+06  1.658189e-01  4.080000e+06  1.516124e-01  4.090000e+06  1.407035e-01
  4.100000e+06  1.321814e-01  4.110000e+06  1.254283e-01  4.120000e+06  1.201718e-01
  4.130000e+06  1.164962e-01  4.140000e+06  1.148609e-01  4.150000e+06  1.163441e-01
  4.160000e+06  1.232273e-01  4.170000e+06  1.397472e-01  4.180000e+06  1.684041e-01
  4.190000e+06  1.864188e-01  4.200000e+06  1.621606e-01  4.210000e+06  1.280245e-01
  4.220000e+06  1.056720e-01  4.230000e+06  9.270880e-02  4.240000e+06  8.511860e-02
  4.250000e+06  8.076460e-02  4.260000e+06  7.869980e-02  4.270000e+06  7.864580e-02
  4.280000e+06  8.078730e-02  4.290000e+06  8.572050e-02  4.300000e+06  9.437700e-02
  4.310000e+06  1.072072e-01  4.320000e+06  1.213539e-01  4.330000e+06  1.276668e-01
  4.340000e+06  1.198395e-01  4.350000e+06  1.048389e-01  4.360000e+06  9.134610e-02
  4.370000e+06  8.188350e-02  4.380000e+06  7.601020e-02  4.390000e+06  7.302640e-02
  4.400000e+06  7.288580e-02  4.410000e+06  7.681040e-02  4.420000e+06  8.534640e-02
  4.430000e+06  8.484590e-02  4.440000e+06  7.568800e-02  4.450000e+06  7.072910e-02
  4.460000e+06  6.895680e-02  4.470000e+06  6.870040e-02  4.480000e+06  6.925100e-02
  4.490000e+06  7.031270e-02  4.500000e+06  7.176310e-02  4.510000e+06  7.344760e-02
  4.520000e+06  7.549250e-02  4.523610e+06  7.638760e-02  4.530000e+06  7.802114e-02
  4.540000e+06  8.120035e-02  4.550000e+06  8.541176e-02  4.560000e+06  9.161997e-02
  4.570000e+06  1.021769e-01  4.580000e+06  1.215211e-01  4.590000e+06  1.412171e-01
  4.600000e+06  1.364828e-01  4.610000e+06  1.358210e-01  4.620000e+06  1.459278e-01
  4.630000e+06  1.435168e-01  4.640000e+06  1.271023e-01  4.650000e+06  1.142944e-01
  4.660000e+06  1.074801e-01  4.670000e+06  1.044798e-01  4.680000e+06  1.040504e-01
  4.690000e+06  1.062398e-01  4.700000e+06  1.127658e-01  4.710000e+06  1.284284e-01
  4.720000e+06  1.558559e-01  4.730000e+06  1.565711e-01  4.740000e+06  1.320535e-01
  4.750000e+06  1.209239e-01  4.760000e+06  1.209252e-01  4.770000e+06  1.242146e-01
  4.780000e+06  1.209372e-01  4.790000e+06  1.107194e-01  4.800000e+06  1.010496e-01
  4.810000e+06  9.473360e-02  4.820000e+06  9.147610e-02  4.830000e+06  9.095430e-02
  4.840000e+06  9.366790e-02  4.850000e+06  1.014705e-01  4.860000e+06  1.176298e-01
  4.870000e+06  1.390231e-01  4.880000e+06  1.386862e-01  4.890000e+06  1.173597e-01
  4.900000e+06  1.016800e-01  4.910000e+06  9.457260e-02  4.920000e+06  9.299860e-02
  4.930000e+06  9.535120e-02  4.940000e+06  1.013006e-01  4.950000e+06  1.113093e-01
  4.960000e+06  1.263114e-01  4.970000e+06  1.472324e-01  4.980000e+06  1.740649e-01
  4.990000e+06  2.045047e-01  5.000000e+06  2.316079e-01  5.010000e+06  2.374552e-01
  5.020000e+06  2.101823e-01  5.030000e+06  1.719731e-01  5.040000e+06  1.422842e-01
  5.050000e+06  1.232296e-01  5.060000e+06  1.121300e-01  5.070000e+06  1.067699e-01
  5.080000e+06  1.059696e-01  5.090000e+06  1.093703e-01  5.100000e+06  1.173000e-01
  5.110000e+06  1.304427e-01  5.120000e+06  1.491673e-01  5.130000e+06  1.719892e-01
  5.140000e+06  1.954723e-01  5.150000e+06  2.193243e-01  5.160000e+06  2.449777e-01
  5.170000e+06  2.560202e-01  5.180000e+06  2.343717e-01  5.190000e+06  2.015366e-01
  5.200000e+06  1.782207e-01  5.210000e+06  1.661152e-01  5.220000e+06  1.618741e-01
  5.230000e+06  1.629033e-01  5.240000e+06  1.680122e-01  5.250000e+06  1.773631e-01
  5.260000e+06  1.918702e-01  5.270000e+06  2.093017e-01  5.280000e+06  2.154231e-01
  5.290000e+06  1.977675e-01  5.300000e+06  1.850022e-01  5.400000e+06  2.078610e-01
  5.413150e+06  2.092649e-01  5.600000e+06  2.292132e-01  5.800000e+06  2.446215e-01
  6.000000e+06  2.556601e-01  6.200000e+06  2.635239e-01  6.219900e+06  2.640936e-01
  6.400000e+06  2.692491e-01  6.600000e+06  2.738253e-01  6.800000e+06  2.779578e-01
  7.000000e+06  2.823097e-01  7.200000e+06  2.873752e-01  7.400000e+06  2.932004e-01
  7.600000e+06  2.945979e-01  7.800000e+06  2.962589e-01  8.000000e+06  2.923815e-01
  8.200000e+06  2.936486e-01  8.400000e+06  2.931265e-01  8.600000e+06  2.932835e-01
  8.800000e+06  2.954546e-01  9.000000e+06  2.968090e-01  9.200000e+06  2.960262e-01
  9.400000e+06  2.931162e-01  9.600000e+06  2.926493e-01  9.800000e+06  2.954831e-01
  1.000000e+07  2.964381e-01  1.020000e+07  2.974025e-01  1.040000e+07  2.966670e-01
  1.060000e+07  2.952453e-01  1.080000e+07  2.935394e-01  1.100000e+07  2.911303e-01
  1.120000e+07  2.894729e-01  1.140000e+07  2.874063e-01  1.160000e+07  2.855374e-01
  1.180000e+07  2.838960e-01  1.200000e+07  2.818765e-01  1.220000e+07  2.806164e-01
  1.240000e+07  2.790413e-01  1.260000e+07  2.776309e-01  1.280000e+07  2.763983e-01
  1.300000e+07  2.749819e-01  1.320000e+07  2.741597e-01  1.340000e+07  2.731911e-01
  1.360000e+07  2.723931e-01  1.380000e+07  2.717841e-01  1.400000e+07  2.710405e-01
  1.420000e+07  2.705789e-01  1.440000e+07  2.700024e-01  1.460000e+07  2.695793e-01
  1.480000e+07  2.692864e-01  1.500000e+07  2.688742e-01
             4
             6
  1.685310e+01             3             1
  1.000000e+00  1.000000e+00             0             1
  5.865160e+05  5.865160e+05             2
             1
             2             2
  1.000000e-05  1.000000e+00  1.500000e+07  1.000000e+00
          8017             2             2            31
             1
            31            22
  1.000000e-05            11             0             2
  0.000000e+00  0.000000e+00  0.000000e+00
  5.510000e+04  5.160700e-07  0.000000e+00
  1.653000e+05  1.617710e-06  0.000000e+00
  2.756000e+05  2.718850e-06  0.000000e+00
  3.858000e+05  2.670550e-06  0.000000e+00
  4.960000e+05  1.677840e-06  0.000000e+00
  6.062000e+05  1.974570e-10  0.000000e+00
  7.164000e+05  1.508280e-10  0.000000e+00
  8.267000e+05  8.541030e-11  0.000000e+00
  9.369000e+05  1.978510e-12  0.000000e+00
  1.047100e+06  0.000000e+00  0.000000e+00
  5.000000e+05            11             0             2
  0.000000e+00  0.000000e+00  0.000000e+00
  5.510000e+04  5.160700e-07  0.000000e+00
  1.653000e+05  1.617710e-06  0.000000e+00
  2.756000e+05  2.718850e-06  0.000000e+00
  3.858000e+05  2.670550e-06  0.000000e+00
  4.960000e+05  1.677840e-06  0.000000e+00
  6.062000e+05  1.974570e-10  0.000000e+00
  7.164000e+05  1.508280e-10  0.000000e+00
  8.267000e+05  8.541030e-11  0.000000e+00
  9.369000e+05  1.978510e-12  0.000000e+00
  1.047100e+06  0.000000e+00  0.000000e+00
  1.000000e+06            11             0             2
  0.000000e+00  0.000000e+00  0.000000e+00
  7.755000e+04  3.667180e-07  0.000000e+00
  2.326500e+05  1.149440e-06  0.000000e+00
  3.877500e+05  1.932170e-06  0.000000e+00
  5.428500e+05  1.897670e-06  0.000000e+00
  6.980500e+05  1.191830e-06  0.000000e+00
  8.531500e+05  1.403780e-10  0.000000e+00
  1.008450e+06  1.071560e-10  0.000000e+00
  1.163450e+06  6.069570e-11  0.000000e+00
  1.318450e+06  1.405750e-12  0.000000e+00
  1.473450e+06  0.000000e+00  0.000000e+00
  1.500000e+06            11             0             2
  0.000000e+00  0.000000e+00  0.000000e+00
  1.000000e+05  2.844260e-07  0.000000e+00
  3.000000e+05  8.913330e-07  0.000000e+00
  5.000000e+05  1.498540e-06  0.000000e+00
  7.000000e+05  1.471920e-06  0.000000e+00
  9.000000e+05  9.246560e-07  0.000000e+00
  1.100000e+06  1.088410e-10  0.000000e+00
  1.300000e+06  8.313910e-11  0.000000e+00
  1.500000e+06  4.707570e-11  0.000000e+00
  1.700000e+06  1.090380e-12  0.000000e+00
  1.900000e+06  0.000000e+00  0.000000e+00
  2.000000e+06            13             0             2
  0.000000e+00  0.000000e+00  0.000000e+00
  1.000000e+05  1.528480e-07  0.000000e+00
  3.000000e+05  5.055880e-07  0.000000e+00
  5.000000e+05  9.328660e-07  0.000000e+00
  7.000000e+05  1.088790e-06  0.000000e+00
  9.000000e+05  1.027250e-06  0.000000e+00
  1.100000e+06  8.338130e-07  0.000000e+00
  1.300000e+06  4.959610e-07  0.000000e+00
  1.500000e+06  5.017170e-10  0.000000e+00
  1.700000e+06  3.720940e-10  0.000000e+00
  1.900000e+06  2.077340e-10  0.000000e+00
  2.100000e+06  9.727650e-12  0.000000e+00
  2.300000e+06  0.000000e+00  0.000000e+00
  2.500000e+06            15             0             2
  0.000000e+00  0.000000e+00  0.000000e+00
  1.000000e+05  1.018810e-07  0.000000e+00
  3.000000e+05  3.381760e-07  0.000000e+00
  5.000000e+05  6.404350e-07  0.000000e+00
  7.000000e+05  7.896740e-07  0.000000e+00
  9.000000e+05  8.171340e-07  0.000000e+00
  1.100000e+06  7.863910e-07  0.000000e+00
  1.300000e+06  6.957530e-07  0.000000e+00
  1.500000e+06  5.407430e-07  0.000000e+00
  1.700000e+06  3.140990e-07  0.000000e+00
  1.900000e+06  5.478070e-10  0.000000e+00
  2.100000e+06  3.996620e-10  0.000000e+00
  2.300000e+06  2.217690e-10  0.000000e+00
  2.500000e+06  1.529200e-11  0.000000e+00
  2.700000e+06  0.000000e+00  0.000000e+00
  3.000000e+06            17             0             2
  0.000000e+00  0.000000e+00  0.000000e+00
  1.000000e+05  7.850050e-08  0.000000e+00
  3.000000e+05  2.584810e-07  0.000000e+00
  5.000000e+05  4.863820e-07  0.000000e+00
  7.000000e+05  6.023250e-07  0.000000e+00
  9.000000e+05  6.399770e-07  0.000000e+00
  1.100000e+06  6.505350e-07  0.000000e+00
  1.300000e+06  6.311120e-07  0.000000e+00
  1.500000e+06  5.805110e-07  0.000000e+00
  1.700000e+06  4.968410e-07  0.000000e+00
  1.900000e+06  3.771130e-07  0.000000e+00
  2.100000e+06  2.167450e-07  0.000000e+00
  2.300000e+06  5.102880e-10  0.000000e+00
  2.500000e+06  3.685470e-10  0.000000e+00
  2.700000e+06  2.043940e-10  0.000000e+00
  2.900000e+06  1.835760e-11  0.000000e+00
  3.100000e+06  0.000000e+00  0.000000e+00
  3.500000e+06            19             0             2
  0.000000e+00  0.000000e+00  0.000000e+00
  1.000000e+05  6.555380e-08  0.000000e+00
  3.000000e+05  2.154890e-07  0.000000e+00
  5.000000e+05  4.031700e-07  0.000000e+00
  7.000000e+05  4.953660e-07  0.000000e+00
  9.000000e+05  5.235730e-07  0.000000e+00
  1.100000e+06  5.348360e-07  0.000000e+00
  1.300000e+06  5.330420e-07  0.000000e+00
  1.500000e+06  5.177920e-07  0.000000e+00
  1.700000e+06  4.857970e-07  0.000000e+00
  1.900000e+06  4.354630e-07  0.000000e+00
  2.100000e+06  3.653950e-07  0.000000e+00
  2.300000e+06  2.732980e-07  0.000000e+00
  2.500000e+06  1.563840e-07  0.000000e+00
  2.700000e+06  1.068480e-08  0.000000e+00
  2.900000e+06  3.371880e-10  0.000000e+00
  3.100000e+06  1.872820e-10  0.000000e+00
  3.300000e+06  2.053230e-11  0.000000e+00
  3.500000e+06  0.000000e+00  0.000000e+00
  4.000000e+06            21             0             2
  0.000000e+00  0.000000e+00  0.000000e+00
  1.000000e+05  5.719630e-08  0.000000e+00
  3.000000e+05  1.888590e-07  0.000000e+00
  5.000000e+05  3.538870e-07  0.000000e+00
  7.000000e+05  4.339580e-07  0.000000e+00
  9.000000e+05  4.560940e-07  0.000000e+00
  1.100000e+06  4.625760e-07  0.000000e+00
  1.300000e+06  4.588860e-07  0.000000e+00
  1.500000e+06  4.484160e-07  0.000000e+00
  1.700000e+06  4.322630e-07  0.000000e+00
  1.900000e+06  4.091290e-07  0.000000e+00
  2.100000e+06  3.760240e-07  0.000000e+00
  2.300000e+06  3.315510e-07  0.000000e+00
  2.500000e+06  2.745140e-07  0.000000e+00
  2.700000e+06  2.035170e-07  0.000000e+00
  2.900000e+06  1.163670e-07  0.000000e+00
  3.100000e+06  1.055980e-08  0.000000e+00
  3.300000e+06  3.086160e-10  0.000000e+00
  3.500000e+06  1.720080e-10  0.000000e+00
  3.700000e+06  2.210670e-11  0.000000e+00
  3.900000e+06  0.000000e+00  0.000000e+00
  4.500000e+06            23             0             2
  0.000000e+00  0.000000e+00  0.000000e+00
  1.000000e+05  5.089800e-08  0.000000e+00
  3.000000e+05  1.694610e-07  0.000000e+00
  5.000000e+05  3.196710e-07  0.000000e+00
  7.000000e+05  3.935800e-07  0.000000e+00
  9.000000e+05  4.141260e-07  0.000000e+00
  1.100000e+06  4.190140e-07  0.000000e+00
  1.300000e+06  4.133280e-07  0.000000e+00
  1.500000e+06  4.011600e-07  0.000000e+00
  1.700000e+06  3.852010e-07  0.000000e+00
  1.900000e+06  3.670480e-07  0.000000e+00
  2.100000e+06  3.467010e-07  0.000000e+00
  2.300000e+06  3.227630e-07  0.000000e+00
  2.500000e+06  2.926410e-07  0.000000e+00
  2.700000e+06  2.550390e-07  0.000000e+00
  2.900000e+06  2.092580e-07  0.000000e+00
  3.100000e+06  1.542000e-07  0.000000e+00
  3.300000e+06  8.827120e-08  0.000000e+00
  3.500000e+06  9.896340e-09  0.000000e+00
  3.700000e+06  2.841630e-10  0.000000e+00
  3.900000e+06  1.590880e-10  0.000000e+00
  4.100000e+06  2.330960e-11  0.000000e+00
  4.300000e+06  0.000000e+00  0.000000e+00
  5.000000e+06            25             0             2
  0.000000e+00  0.000000e+00  0.000000e+00
  1.000000e+05  4.574540e-08  0.000000e+00
  3.000000e+05  1.536490e-07  0.000000e+00
  5.000000e+05  2.923320e-07  0.000000e+00
  7.000000e+05  3.627710e-07  0.000000e+00
  9.000000e+05  3.840220e-07  0.000000e+00
  1.100000e+06  3.901080e-07  0.000000e+00
  1.300000e+06  3.851200e-07  0.000000e+00
  1.500000e+06  3.727480e-07  0.000000e+00
  1.700000e+06  3.560860e-07  0.000000e+00
  1.900000e+06  3.370300e-07  0.000000e+00
  2.100000e+06  3.173750e-07  0.000000e+00
  2.300000e+06  2.975200e-07  0.000000e+00
  2.500000e+06  2.772660e-07  0.000000e+00
  2.700000e+06  2.552170e-07  0.000000e+00
  2.900000e+06  2.290760e-07  0.000000e+00
  3.100000e+06  1.980470e-07  0.000000e+00
  3.300000e+06  1.614310e-07  0.000000e+00
  3.500000e+06  1.184290e-07  0.000000e+00
  3.700000e+06  6.801450e-08  0.000000e+00
  3.900000e+06  9.011400e-09  0.000000e+00
  4.100000e+06  2.651940e-10  0.000000e+00
  4.300000e+06  1.492590e-10  0.000000e+00
  4.500000e+06  2.444410e-11  0.000000e+00
  4.700000e+06  0.000000e+00  0.000000e+00
  5.500000e+06            27             0             2
  0.000000e+00  0.000000e+00  0.000000e+00
  1.000000e+05  4.141490e-08  1.319000e-03
  3.000000e+05  1.402120e-07  1.424000e-03
  5.000000e+05  2.689480e-07  1.541000e-03
  7.000000e+05  3.366090e-07  1.670000e-03
  9.000000e+05  3.592620e-07  1.815000e-03
  1.100000e+06  3.675450e-07  1.975000e-03
  1.300000e+06  3.649500e-07  2.153000e-03
  1.500000e+06  3.544720e-07  2.346000e-03
  1.700000e+06  3.387040e-07  2.553000e-03
  1.900000e+06  3.198430e-07  2.770000e-03
  2.100000e+06  2.995850e-07  2.989000e-03
  2.300000e+06  2.791270e-07  3.202000e-03
  2.500000e+06  2.594670e-07  3.399000e-03
  2.700000e+06  2.405060e-07  3.572000e-03
  2.900000e+06  2.220440e-07  3.726000e-03
  3.100000e+06  2.025840e-07  3.877000e-03
  3.300000e+06  1.805290e-07  4.068000e-03
  3.500000e+06  1.550810e-07  4.350000e-03
  3.700000e+06  1.258420e-07  4.818000e-03
  3.900000e+06  9.205090e-08  5.750000e-03
  4.100000e+06  5.309090e-08  8.366000e-03
  4.300000e+06  8.071420e-09  4.349000e-02
  4.500000e+06  2.500860e-10  1.000000e+00
  4.700000e+06  1.415090e-10  1.000000e+00
  4.900000e+06  2.552760e-11  1.000000e+00
  5.100000e+06  0.000000e+00  1.000000e+00
  6.000000e+06            29             0             2
  0.000000e+00  0.000000e+00  0.000000e+00
  1.000000e+05  3.776870e-08  1.382000e-03
  3.000000e+05  1.285570e-07  1.487000e-03
  5.000000e+05  2.484310e-07  1.604000e-03
  7.000000e+05  3.132090e-07  1.733000e-03
  9.000000e+05  3.370640e-07  1.875000e-03
  1.100000e+06  3.477440e-07  2.034000e-03
  1.300000e+06  3.480430e-07  2.210000e-03
  1.500000e+06  3.403580e-07  2.406000e-03
  1.700000e+06  3.269830e-07  2.622000e-03
  1.900000e+06  3.096160e-07  2.856000e-03
  2.100000e+06  2.900530e-07  3.107000e-03
  2.300000e+06  2.695910e-07  3.368000e-03
  2.500000e+06  2.492300e-07  3.632000e-03
  2.700000e+06  2.297670e-07  3.888000e-03
  2.900000e+06  2.116010e-07  4.125000e-03
  3.100000e+06  1.946330e-07  4.335000e-03
  3.300000e+06  1.783630e-07  4.521000e-03
  3.500000e+06  1.616950e-07  4.706000e-03
  3.700000e+06  1.433300e-07  4.939000e-03
  3.900000e+06  1.225690e-07  5.280000e-03
  4.100000e+06  9.902320e-08  5.847000e-03
  4.300000e+06  7.233350e-08  6.965000e-03
  4.500000e+06  4.192090e-08  1.006000e-02
  4.700000e+06  7.160490e-09  4.646000e-02
  4.900000e+06  2.370530e-10  1.000000e+00
  5.100000e+06  1.349450e-10  1.000000e+00
  5.300000e+06  2.649000e-11  1.000000e+00
  5.500000e+06  0.000000e+00  1.000000e+00
  6.500000e+06            31             0             2
  0.000000e+00  0.000000e+00  0.000000e+00
  1.000000e+05  3.468820e-08  1.439000e-03
  3.000000e+05  1.186890e-07  1.546000e-03
  5.000000e+05  2.304900e-07  1.663000e-03
  7.000000e+05  2.923790e-07  1.791000e-03
  9.000000e+05  3.167360e-07  1.933000e-03
  1.100000e+06  3.292140e-07  2.089000e-03
  1.300000e+06  3.321090e-07  2.262000e-03
  1.500000e+06  3.274170e-07  2.454000e-03
  1.700000e+06  3.169360e-07  2.667000e-03
  1.900000e+06  3.020620e-07  2.903000e-03
  2.100000e+06  2.843940e-07  3.163000e-03
  2.300000e+06  2.650280e-07  3.444000e-03
  2.500000e+06  2.450640e-07  3.745000e-03
  2.700000e+06  2.252990e-07  4.057000e-03
  2.900000e+06  2.064320e-07  4.372000e-03
  3.100000e+06  1.888640e-07  4.677000e-03
  3.300000e+06  1.727920e-07  4.960000e-03
  3.500000e+06  1.579190e-07  5.211000e-03
  3.700000e+06  1.439440e-07  5.435000e-03
  3.900000e+06  1.298690e-07  5.658000e-03
  4.100000e+06  1.145960e-07  5.939000e-03
  4.300000e+06  9.757630e-08  6.350000e-03
  4.500000e+06  7.864000e-08  7.028000e-03
  4.700000e+06  5.739780e-08  8.357000e-03
  4.900000e+06  3.344050e-08  1.198000e-02
  5.100000e+06  6.316750e-09  4.998000e-02
  5.300000e+06  2.251990e-10  1.000000e+00
  5.500000e+06  1.289700e-10  1.000000e+00
  5.700000e+06  2.727140e-11  1.000000e+00
  5.900000e+06  0.000000e+00  1.000000e+00
  7.000000e+06            33             0             2
  0.000000e+00  0.000000e+00  0.000000e+00
  1.000000e+05  3.208810e-08  1.487000e-03
  3.000000e+05  1.102220e-07  1.596000e-03
  5.000000e+05  2.148530e-07  1.714000e-03
  7.000000e+05  2.739570e-07  1.843000e-03
  9.000000e+05  2.983180e-07  1.984000e-03
  1.100000e+06  3.119950e-07  2.138000e-03
  1.300000e+06  3.167880e-07  2.308000e-03
  1.500000e+06  3.146910e-07  2.495000e-03
  1.700000e+06  3.069040e-07  2.702000e-03
  1.900000e+06  2.949230e-07  2.932000e-03
  2.100000e+06  2.796480e-07  3.187000e-03
  2.300000e+06  2.622760e-07  3.469000e-03
  2.500000e+06  2.436060e-07  3.779000e-03
  2.700000e+06  2.245370e-07  4.113000e-03
  2.900000e+06  2.056670e-07  4.470000e-03
  3.100000e+06  1.875970e-07  4.840000e-03
  3.300000e+06  1.708240e-07  5.213000e-03
  3.500000e+06  1.553490e-07  5.573000e-03
  3.700000e+06  1.413710e-07  5.907000e-03
  3.900000e+06  1.285920e-07  6.205000e-03
  4.100000e+06  1.167110e-07  6.471000e-03
  4.300000e+06  1.048300e-07  6.738000e-03
  4.500000e+06  9.219090e-08  7.073000e-03
  4.700000e+06  7.830340e-08  7.562000e-03
  4.900000e+06  6.297820e-08  8.365000e-03
  5.100000e+06  4.595570e-08  9.928000e-03
  5.300000e+06  2.692650e-08  1.413000e-02
  5.500000e+06  5.556020e-09  5.394000e-02
  5.700000e+06  2.138540e-10  1.000000e+00
  5.900000e+06  1.233010e-10  1.000000e+00
  6.100000e+06  2.788490e-11  1.000000e+00
  6.300000e+06  0.000000e+00  1.000000e+00
  7.500000e+06            35             0             2
  0.000000e+00  0.000000e+00  0.000000e+00
  1.000000e+05  2.987580e-08  1.551000e-03
  3.000000e+05  1.029480e-07  1.648000e-03
  5.000000e+05  2.014020e-07  1.757000e-03
  7.000000e+05  2.577190e-07  1.886000e-03
  9.000000e+05  2.818830e-07  2.027000e-03
  1.100000e+06  2.961620e-07  2.180000e-03
  1.300000e+06  3.024530e-07  2.347000e-03
  1.500000e+06  3.021530e-07  2.531000e-03
  1.700000e+06  2.966610e-07  2.733000e-03
  1.900000e+06  2.870750e-07  2.955000e-03
  2.100000e+06  2.743940e-07  3.202000e-03
  2.300000e+06  2.592170e-07  3.475000e-03
  2.500000e+06  2.425410e-07  3.777000e-03
  2.700000e+06  2.248670e-07  4.111000e-03
  2.900000e+06  2.068940e-07  4.476000e-03
  3.100000e+06  1.891200e-07  4.871000e-03
  3.300000e+06  1.721450e-07  5.290000e-03
  3.500000e+06  1.560690e-07  5.725000e-03
  3.700000e+06  1.413910e-07  6.162000e-03
  3.900000e+06  1.280110e-07  6.584000e-03
  4.100000e+06  1.160280e-07  6.975000e-03
  4.300000e+06  1.052440e-07  7.326000e-03
  4.500000e+06  9.509930e-08  7.641000e-03
  4.700000e+06  8.517400e-08  7.956000e-03
  4.900000e+06  7.467950e-08  8.352000e-03
  5.100000e+06  6.327640e-08  8.929000e-03
  5.300000e+06  5.081480e-08  9.871000e-03
  5.500000e+06  3.708510e-08  1.169000e-02
  5.700000e+06  2.185770e-08  1.653000e-02
  5.900000e+06  4.878780e-09  5.829000e-02
  6.100000e+06  2.031990e-10  1.000000e+00
  6.300000e+06  1.178260e-10  1.000000e+00
  6.500000e+06  2.832810e-11  1.000000e+00
  6.700000e+06  0.000000e+00  1.000000e+00
  8.000000e+06            37             0             2
  0.000000e+00  0.000000e+00  0.000000e+00
  1.000000e+05  2.797100e-08  1.587000e-03
  3.000000e+05  9.664510e-08  1.711000e-03
  5.000000e+05  1.897350e-07  1.819000e-03
  7.000000e+05  2.435600e-07  1.933000e-03
  9.000000e+05  2.673270e-07  2.062000e-03
  1.100000e+06  2.819060e-07  2.214000e-03
  1.300000e+06  2.890960e-07  2.380000e-03
  1.500000e+06  2.902950e-07  2.561000e-03
  1.700000e+06  2.865000e-07  2.759000e-03
  1.900000e+06  2.789110e-07  2.976000e-03
  2.100000e+06  2.683250e-07  3.214000e-03
  2.300000e+06  2.553440e-07  3.477000e-03
  2.500000e+06  2.405640e-07  3.768000e-03
  2.700000e+06  2.246860e-07  4.089000e-03
  2.900000e+06  2.082090e-07  4.445000e-03
  3.100000e+06  1.914330e-07  4.837000e-03
  3.300000e+06  1.749560e-07  5.265000e-03
  3.500000e+06  1.589780e-07  5.727000e-03
  3.700000e+06  1.438990e-07  6.217000e-03
  3.900000e+06  1.299190e-07  6.724000e-03
  4.100000e+06  1.172360e-07  7.232000e-03
  4.300000e+06  1.058520e-07  7.724000e-03
  4.500000e+06  9.559660e-08  8.180000e-03
  4.700000e+06  8.638940e-08  8.589000e-03
  4.900000e+06  7.787130e-08  8.958000e-03
  5.100000e+06  6.955290e-08  9.329000e-03
  5.300000e+06  6.084510e-08  9.793000e-03
  5.500000e+06  5.146820e-08  1.047000e-02
  5.700000e+06  4.128240e-08  1.157000e-02
  5.900000e+06  3.014790e-08  1.367000e-02
  6.100000e+06  1.787500e-08  1.919000e-02
  6.300000e+06  4.281020e-09  6.308000e-02
  6.500000e+06  1.932300e-10  1.000000e+00
  6.700000e+06  1.127430e-10  1.000000e+00
  6.900000e+06  2.864000e-11  1.000000e+00
  7.100000e+06  0.000000e+00  1.000000e+00
  8.500000e+06            39             0             2
  0.000000e+00  0.000000e+00  0.000000e+00
  1.000000e+05  2.630570e-08  1.560000e-03
  3.000000e+05  9.115120e-08  1.697000e-03
  5.000000e+05  1.794660e-07  1.850000e-03
  7.000000e+05  2.310990e-07  1.997000e-03
  9.000000e+05  2.543680e-07  2.124000e-03
  1.100000e+06  2.691490e-07  2.258000e-03
  1.300000e+06  2.770390e-07  2.409000e-03
  1.500000e+06  2.791360e-07  2.588000e-03
  1.700000e+06  2.767390e-07  2.783000e-03
  1.900000e+06  2.707470e-07  2.995000e-03
  2.100000e+06  2.618590e-07  3.228000e-03
  2.300000e+06  2.506730e-07  3.482000e-03
  2.500000e+06  2.376900e-07  3.762000e-03
  2.700000e+06  2.236080e-07  4.070000e-03
  2.900000e+06  2.086280e-07  4.411000e-03
  3.100000e+06  1.932480e-07  4.788000e-03
  3.300000e+06  1.776680e-07  5.204000e-03
  3.500000e+06  1.623880e-07  5.662000e-03
  3.700000e+06  1.476080e-07  6.162000e-03
  3.900000e+06  1.335260e-07  6.700000e-03
  4.100000e+06  1.203430e-07  7.269000e-03
  4.300000e+06  1.083590e-07  7.857000e-03
  4.500000e+06  9.745290e-08  8.446000e-03
  4.700000e+06  8.770560e-08  9.015000e-03
  4.900000e+06  7.903690e-08  9.543000e-03
  5.100000e+06  7.124710e-08  1.002000e-02
  5.300000e+06  6.406650e-08  1.045000e-02
  5.500000e+06  5.709560e-08  1.088000e-02
  5.700000e+06  4.985500e-08  1.142000e-02
  5.900000e+06  4.210510e-08  1.221000e-02
  6.100000e+06  3.374600e-08  1.348000e-02
  6.300000e+06  2.466780e-08  1.591000e-02
  6.500000e+06  1.472080e-08  2.217000e-02
  6.700000e+06  3.758100e-09  6.835000e-02
  6.900000e+06  1.841600e-10  1.000000e+00
  7.100000e+06  1.080590e-10  1.000000e+00
  7.300000e+06  2.887240e-11  1.000000e+00
  7.500000e+06  0.000000e+00  1.000000e+00
  9.000000e+06            41             0             2
  0.000000e+00  0.000000e+00  0.000000e+00
  1.000000e+05  2.482920e-08  1.562000e-03
  3.000000e+05  8.628290e-08  1.695000e-03
  5.000000e+05  1.703880e-07  1.842000e-03
  7.000000e+05  2.199270e-07  2.005000e-03
  9.000000e+05  2.428980e-07  2.186000e-03
  1.100000e+06  2.577800e-07  2.363000e-03
  1.300000e+06  2.660700e-07  2.514000e-03
  1.500000e+06  2.689660e-07  2.675000e-03
  1.700000e+06  2.676680e-07  2.853000e-03
  1.900000e+06  2.627740e-07  3.066000e-03
  2.100000e+06  2.552830e-07  3.298000e-03
  2.300000e+06  2.454950e-07  3.551000e-03
  2.500000e+06  2.341090e-07  3.827000e-03
  2.700000e+06  2.215250e-07  4.130000e-03
  2.900000e+06  2.080420e-07  4.463000e-03
  3.100000e+06  1.939590e-07  4.829000e-03
  3.300000e+06  1.796770e-07  5.234000e-03
  3.500000e+06  1.653950e-07  5.681000e-03
  3.700000e+06  1.512120e-07  6.175000e-03
  3.900000e+06  1.375290e-07  6.716000e-03
  4.100000e+06  1.244450e-07  7.306000e-03
  4.300000e+06  1.121610e-07  7.940000e-03
  4.500000e+06  1.008750e-07  8.610000e-03
  4.700000e+06  9.050760e-08  9.301000e-03
  4.900000e+06  8.121910e-08  9.993000e-03
  5.100000e+06  7.293940e-08  1.066000e-02
  5.300000e+06  6.558860e-08  1.128000e-02
  5.500000e+06  5.900670e-08  1.184000e-02
  5.700000e+06  5.295420e-08  1.235000e-02
  5.900000e+06  4.711150e-08  1.286000e-02
  6.100000e+06  4.106900e-08  1.350000e-02
  6.300000e+06  3.464700e-08  1.442000e-02
  6.500000e+06  2.775550e-08  1.591000e-02
  6.700000e+06  2.030480e-08  1.874000e-02
  6.900000e+06  1.219490e-08  2.594000e-02
  7.100000e+06  3.304900e-09  7.538000e-02
  7.300000e+06  1.788780e-10  1.000000e+00
  7.500000e+06  1.056690e-10  1.000000e+00
  7.700000e+06  2.956330e-11  1.000000e+00
  7.900000e+06  0.000000e+00  1.000000e+00
  9.500000e+06            43             0             2
  0.000000e+00  0.000000e+00  0.000000e+00
  1.000000e+05  2.350120e-08  1.579000e-03
  3.000000e+05  8.189970e-08  1.709000e-03
  5.000000e+05  1.622010e-07  1.852000e-03
  7.000000e+05  2.099430e-07  2.011000e-03
  9.000000e+05  2.325150e-07  2.187000e-03
  1.100000e+06  2.473970e-07  2.381000e-03
  1.300000e+06  2.560860e-07  2.598000e-03
  1.500000e+06  2.596820e-07  2.811000e-03
  1.700000e+06  2.591830e-07  2.992000e-03
  1.900000e+06  2.553870e-07  3.184000e-03
  2.100000e+06  2.488950e-07  3.397000e-03
  2.300000e+06  2.403060e-07  3.652000e-03
  2.500000e+06  2.301180e-07  3.929000e-03
  2.700000e+06  2.188320e-07  4.231000e-03
  2.900000e+06  2.066470e-07  4.561000e-03
  3.100000e+06  1.937630e-07  4.922000e-03
  3.300000e+06  1.806790e-07  5.320000e-03
  3.500000e+06  1.673950e-07  5.757000e-03
  3.700000e+06  1.541110e-07  6.240000e-03
  3.900000e+06  1.411270e-07  6.772000e-03
  4.100000e+06  1.285430e-07  7.359000e-03
  4.300000e+06  1.164570e-07  8.002000e-03
  4.500000e+06  1.050710e-07  8.702000e-03
  4.700000e+06  9.439440e-08  9.453000e-03
  4.900000e+06  8.464630e-08  1.024000e-02
  5.100000e+06  7.580720e-08  1.106000e-02
  5.300000e+06  6.788690e-08  1.188000e-02
  5.500000e+06  6.086550e-08  1.266000e-02
  5.700000e+06  5.463310e-08  1.339000e-02
  5.900000e+06  4.906990e-08  1.406000e-02
  6.100000e+06  4.396620e-08  1.466000e-02
  6.300000e+06  3.905220e-08  1.527000e-02
  6.500000e+06  3.399840e-08  1.602000e-02
  6.700000e+06  2.865490e-08  1.711000e-02
  6.900000e+06  2.295190e-08  1.887000e-02
  7.100000e+06  1.681940e-08  2.217000e-02
  7.300000e+06  1.016750e-08  3.047000e-02
  7.500000e+06  2.912430e-09  8.382000e-02
  7.700000e+06  1.755850e-10  1.000000e+00
  7.900000e+06  1.043720e-10  1.000000e+00
  8.100000e+06  3.047270e-11  1.000000e+00
  8.300000e+06  0.000000e+00  1.000000e+00
  1.000000e+07            45             0             2
  0.000000e+00  0.000000e+00  0.000000e+00
  1.000000e+05  2.229470e-08  1.599000e-03
  3.000000e+05  7.793150e-08  1.726000e-03
  5.000000e+05  1.547240e-07  1.866000e-03
  7.000000e+05  2.008720e-07  2.020000e-03
  9.000000e+05  2.230470e-07  2.191000e-03
  1.100000e+06  2.380300e-07  2.380000e-03
  1.300000e+06  2.470190e-07  2.589000e-03
  1.500000e+06  2.512150e-07  2.821000e-03
  1.700000e+06  2.514140e-07  3.079000e-03
  1.900000e+06  2.484180e-07  3.335000e-03
  2.100000e+06  2.428240e-07  3.550000e-03
  2.300000e+06  2.352330e-07  3.779000e-03
  2.500000e+06  2.261430e-07  4.032000e-03
  2.700000e+06  2.158550e-07  4.336000e-03
  2.900000e+06  2.046670e-07  4.665000e-03
  3.100000e+06  1.928810e-07  5.025000e-03
  3.300000e+06  1.807950e-07  5.418000e-03
  3.500000e+06  1.685090e-07  5.848000e-03
  3.700000e+06  1.561230e-07  6.320000e-03
  3.900000e+06  1.439360e-07  6.840000e-03
  4.100000e+06  1.319500e-07  7.414000e-03
  4.300000e+06  1.203630e-07  8.046000e-03
  4.500000e+06  1.091760e-07  8.741000e-03
  4.700000e+06  9.862790e-08  9.502000e-03
  4.900000e+06  8.872920e-08  1.033000e-02
  5.100000e+06  7.956960e-08  1.121000e-02
  5.300000e+06  7.120910e-08  1.215000e-02
  5.500000e+06  6.366770e-08  1.311000e-02
  5.700000e+06  5.692530e-08  1.406000e-02
  5.900000e+06  5.096210e-08  1.499000e-02
  6.100000e+06  4.568810e-08  1.585000e-02
  6.300000e+06  4.097340e-08  1.663000e-02
  6.500000e+06  3.665830e-08  1.734000e-02
  6.700000e+06  3.252300e-08  1.806000e-02
  6.900000e+06  2.828790e-08  1.895000e-02
  7.100000e+06  2.382290e-08  2.023000e-02
  7.300000e+06  1.908830e-08  2.228000e-02
  7.500000e+06  1.401410e-08  2.613000e-02
  7.700000e+06  8.529310e-09  3.566000e-02
  7.900000e+06  2.571080e-09  9.321000e-02
  8.100000e+06  1.727040e-10  1.000000e+00
  8.300000e+06  1.032830e-10  1.000000e+00
  8.500000e+06  3.137440e-11  1.000000e+00
  8.700000e+06  0.000000e+00  1.000000e+00
  1.050000e+07            47             0             2
  0.000000e+00  0.000000e+00  0.000000e+00
  1.000000e+05  2.119760e-08  1.623000e-03
  3.000000e+05  7.428160e-08  1.747000e-03
  5.000000e+05  1.478440e-07  1.884000e-03
  7.000000e+05  1.924970e-07  2.035000e-03
  9.000000e+05  2.143740e-07  2.202000e-03
  1.100000e+06  2.293580e-07  2.386000e-03
  1.300000e+06  2.386480e-07  2.589000e-03
  1.500000e+06  2.433430e-07  2.813000e-03
  1.700000e+06  2.442420e-07  3.062000e-03
  1.900000e+06  2.419450e-07  3.337000e-03
  2.100000e+06  2.372500e-07  3.643000e-03
  2.300000e+06  2.304570e-07  3.949000e-03
  2.500000e+06  2.222650e-07  4.205000e-03
  2.700000e+06  2.127750e-07  4.478000e-03
  2.900000e+06  2.024860e-07  4.778000e-03
  3.100000e+06  1.915980e-07  5.138000e-03
  3.300000e+06  1.803100e-07  5.530000e-03
  3.500000e+06  1.688220e-07  5.957000e-03
  3.700000e+06  1.573340e-07  6.423000e-03
  3.900000e+06  1.458460e-07  6.934000e-03
  4.100000e+06  1.345580e-07  7.494000e-03
  4.300000e+06  1.235700e-07  8.111000e-03
  4.500000e+06  1.128810e-07  8.790000e-03
  4.700000e+06  1.025920e-07  9.537000e-03
  4.900000e+06  9.283200e-08  1.036000e-02
  5.100000e+06  8.365170e-08  1.126000e-02
  5.300000e+06  7.509070e-08  1.223000e-02
  5.500000e+06  6.721900e-08  1.327000e-02
  5.700000e+06  6.006660e-08  1.437000e-02
  5.900000e+06  5.362340e-08  1.549000e-02
  6.100000e+06  4.789940e-08  1.662000e-02
  6.300000e+06  4.282480e-08  1.770000e-02
  6.500000e+06  3.834950e-08  1.871000e-02
  6.700000e+06  3.435370e-08  1.962000e-02
  6.900000e+06  3.070760e-08  2.046000e-02
  7.100000e+06  2.720130e-08  2.130000e-02
  7.300000e+06  2.364500e-08  2.235000e-02
  7.500000e+06  1.990900e-08  2.385000e-02
  7.700000e+06  1.595320e-08  2.625000e-02
  7.900000e+06  1.172760e-08  3.071000e-02
  8.100000e+06  7.191410e-09  4.162000e-02
  8.300000e+06  2.275600e-09  1.037000e-01
  8.500000e+06  1.704200e-10  1.000000e+00
  8.700000e+06  1.024920e-10  1.000000e+00
  8.900000e+06  3.230590e-11  1.000000e+00
  9.100000e+06  0.000000e+00  1.000000e+00
  1.100000e+07            49             0             2
  0.000000e+00  0.000000e+00  0.000000e+00
  1.000000e+05  2.017970e-08  1.656000e-03
  3.000000e+05  7.089880e-08  1.779000e-03
  5.000000e+05  1.415580e-07  1.913000e-03
  7.000000e+05  1.847140e-07  2.061000e-03
  9.000000e+05  2.061930e-07  2.224000e-03
  1.100000e+06  2.212780e-07  2.404000e-03
  1.300000e+06  2.308680e-07  2.603000e-03
  1.500000e+06  2.360630e-07  2.822000e-03
  1.700000e+06  2.374610e-07  3.063000e-03
  1.900000e+06  2.359630e-07  3.330000e-03
  2.100000e+06  2.318670e-07  3.626000e-03
  2.300000e+06  2.259730e-07  3.953000e-03
  2.500000e+06  2.184810e-07  4.316000e-03
  2.700000e+06  2.097890e-07  4.683000e-03
  2.900000e+06  2.002990e-07  4.988000e-03
  3.100000e+06  1.901090e-07  5.313000e-03
  3.300000e+06  1.796200e-07  5.668000e-03
  3.500000e+06  1.688300e-07  6.096000e-03
  3.700000e+06  1.579410e-07  6.562000e-03
  3.900000e+06  1.471520e-07  7.069000e-03
  4.100000e+06  1.364630e-07  7.623000e-03
  4.300000e+06  1.259730e-07  8.229000e-03
  4.500000e+06  1.157840e-07  8.894000e-03
  4.700000e+06  1.059940e-07  9.625000e-03
  4.900000e+06  9.652310e-08  1.043000e-02
  5.100000e+06  8.752210e-08  1.131000e-02
  5.300000e+06  7.902060e-08  1.229000e-02
  5.500000e+06  7.105860e-08  1.335000e-02
  5.700000e+06  6.368600e-08  1.449000e-02
  5.900000e+06  5.693280e-08  1.572000e-02
  6.100000e+06  5.080900e-08  1.701000e-02
  6.300000e+06  4.531450e-08  1.833000e-02
  6.500000e+06  4.042940e-08  1.964000e-02
  6.700000e+06  3.612370e-08  2.091000e-02
  6.900000e+06  3.231750e-08  2.209000e-02
  7.100000e+06  2.892100e-08  2.316000e-02
  7.300000e+06  2.582410e-08  2.415000e-02
  7.500000e+06  2.285700e-08  2.514000e-02
  7.700000e+06  1.985010e-08  2.637000e-02
  7.900000e+06  1.671320e-08  2.813000e-02
  8.100000e+06  1.339650e-08  3.093000e-02
  8.300000e+06  9.873080e-09  3.609000e-02
  8.500000e+06  6.095880e-09  4.857000e-02
  8.700000e+06  2.019970e-09  1.157000e-01
  8.900000e+06  1.690300e-10  1.000000e+00
  9.100000e+06  1.021970e-10  1.000000e+00
  9.300000e+06  3.336650e-11  1.000000e+00
  9.500000e+06  0.000000e+00  1.000000e+00
  1.150000e+07            51             0             2
  0.000000e+00  0.000000e+00  0.000000e+00
  1.000000e+05  1.923090e-08  1.696000e-03
  3.000000e+05  6.774280e-08  1.816000e-03
  5.000000e+05  1.355650e-07  1.949000e-03
  7.000000e+05  1.774240e-07  2.095000e-03
  9.000000e+05  1.986030e-07  2.255000e-03
  1.100000e+06  2.136880e-07  2.432000e-03
  1.300000e+06  2.235780e-07  2.626000e-03
  1.500000e+06  2.291730e-07  2.840000e-03
  1.700000e+06  2.311710e-07  3.075000e-03
  1.900000e+06  2.301720e-07  3.335000e-03
  2.100000e+06  2.268750e-07  3.622000e-03
  2.300000e+06  2.216800e-07  3.940000e-03
  2.500000e+06  2.148870e-07  4.290000e-03
  2.700000e+06  2.068950e-07  4.678000e-03
  2.900000e+06  1.981030e-07  5.109000e-03
  3.100000e+06  1.886130e-07  5.549000e-03
  3.300000e+06  1.787230e-07  5.911000e-03
  3.500000e+06  1.685330e-07  6.297000e-03
  3.700000e+06  1.582430e-07  6.718000e-03
  3.900000e+06  1.479530e-07  7.225000e-03
  4.100000e+06  1.378630e-07  7.777000e-03
  4.300000e+06  1.278730e-07  8.378000e-03
  4.500000e+06  1.181830e-07  9.035000e-03
  4.700000e+06  1.086920e-07  9.753000e-03
  4.900000e+06  9.965110e-08  1.054000e-02
  5.100000e+06  9.092980e-08  1.141000e-02
  5.300000e+06  8.262800e-08  1.236000e-02
  5.500000e+06  7.476580e-08  1.340000e-02
  5.700000e+06  6.737310e-08  1.455000e-02
  5.900000e+06  6.049000e-08  1.580000e-02
  6.100000e+06  5.414630e-08  1.715000e-02
  6.300000e+06  4.834200e-08  1.859000e-02
  6.500000e+06  4.309720e-08  2.009000e-02
  6.700000e+06  3.841190e-08  2.164000e-02
  6.900000e+06  3.424600e-08  2.318000e-02
  7.100000e+06  3.057970e-08  2.466000e-02
  7.300000e+06  2.733290e-08  2.604000e-02
  7.500000e+06  2.444570e-08  2.729000e-02
  7.700000e+06  2.180840e-08  2.845000e-02
  7.900000e+06  1.929090e-08  2.962000e-02
  8.100000e+06  1.675340e-08  3.106000e-02
  8.300000e+06  1.409600e-08  3.311000e-02
  8.500000e+06  1.130880e-08  3.637000e-02
  8.700000e+06  8.351710e-09  4.233000e-02
  8.900000e+06  5.193850e-09  5.657000e-02
  9.100000e+06  1.798220e-09  1.290000e-01
  9.300000e+06  1.681330e-10  1.000000e+00
  9.500000e+06  1.022980e-10  1.000000e+00
  9.700000e+06  3.447580e-11  1.000000e+00
  9.900000e+06  0.000000e+00  1.000000e+00
  1.200000e+07            53             0             2
  0.000000e+00  0.000000e+00  0.000000e+00
  1.000000e+05  1.834320e-08  1.735000e-03
  3.000000e+05  6.480070e-08  1.855000e-03
  5.000000e+05  1.299810e-07  1.985000e-03
  7.000000e+05  1.706440e-07  2.129000e-03
  9.000000e+05  1.914250e-07  2.286000e-03
  1.100000e+06  2.065110e-07  2.459000e-03
  1.300000e+06  2.166020e-07  2.649000e-03
  1.500000e+06  2.225960e-07  2.858000e-03
  1.700000e+06  2.250940e-07  3.087000e-03
  1.900000e+06  2.247940e-07  3.341000e-03
  2.100000e+06  2.220970e-07  3.619000e-03
  2.300000e+06  2.175010e-07  3.927000e-03
  2.500000e+06  2.114070e-07  4.266000e-03
  2.700000e+06  2.041130e-07  4.641000e-03
  2.900000e+06  1.959210e-07  5.055000e-03
  3.100000e+06  1.870290e-07  5.514000e-03
  3.300000e+06  1.777370e-07  6.022000e-03
  3.500000e+06  1.681460e-07  6.545000e-03
  3.700000e+06  1.583550e-07  6.974000e-03
  3.900000e+06  1.485640e-07  7.430000e-03
  4.100000e+06  1.388730e-07  7.926000e-03
  4.300000e+06  1.293820e-07  8.525000e-03
  4.500000e+06  1.199900e-07  9.176000e-03
  4.700000e+06  1.109980e-07  9.885000e-03
  4.900000e+06  1.022070e-07  1.066000e-02
  5.100000e+06  9.382420e-08  1.151000e-02
  5.300000e+06  8.577160e-08  1.243000e-02
  5.500000e+06  7.809860e-08  1.345000e-02
  5.700000e+06  7.082520e-08  1.457000e-02
  5.900000e+06  6.397150e-08  1.580000e-02
  6.100000e+06  5.756740e-08  1.714000e-02
  6.300000e+06  5.162280e-08  1.861000e-02
  6.500000e+06  4.615780e-08  2.018000e-02
  6.700000e+06  4.117230e-08  2.186000e-02
  6.900000e+06  3.668650e-08  2.362000e-02
  7.100000e+06  3.267010e-08  2.542000e-02
  7.300000e+06  2.911340e-08  2.721000e-02
  7.500000e+06  2.597620e-08  2.893000e-02
  7.700000e+06  2.321880e-08  3.054000e-02
  7.900000e+06  2.075100e-08  3.200000e-02
  8.100000e+06  1.849310e-08  3.335000e-02
  8.300000e+06  1.635500e-08  3.471000e-02
  8.500000e+06  1.419700e-08  3.639000e-02
  8.700000e+06  1.194910e-08  3.877000e-02
  8.900000e+06  9.591230e-09  4.253000e-02
  9.100000e+06  7.100510e-09  4.938000e-02
  9.300000e+06  4.448930e-09  6.551000e-02
  9.500000e+06  1.605530e-09  1.434000e-01
  9.700000e+06  1.672470e-10  1.000000e+00
  9.900000e+06  1.023060e-10  1.000000e+00
  1.010000e+07  3.554750e-11  1.000000e+00
  1.030000e+07  0.000000e+00  1.000000e+00
  1.250000e+07            55             0             2
  0.000000e+00  0.000000e+00  0.000000e+00
  1.000000e+05  1.785390e-08  1.738000e-03
  3.000000e+05  6.297320e-08  1.860000e-03
  5.000000e+05  1.262860e-07  1.994000e-03
  7.000000e+05  1.656510e-07  2.139000e-03
  9.000000e+05  1.858320e-07  2.297000e-03
  1.100000e+06  2.005190e-07  2.470000e-03
  1.300000e+06  2.105100e-07  2.659000e-03
  1.500000e+06  2.166050e-07  2.866000e-03
  1.700000e+06  2.194020e-07  3.092000e-03
  1.900000e+06  2.195020e-07  3.341000e-03
  2.100000e+06  2.173040e-07  3.613000e-03
  2.300000e+06  2.132080e-07  3.913000e-03
  2.500000e+06  2.077130e-07  4.242000e-03
  2.700000e+06  2.010190e-07  4.605000e-03
  2.900000e+06  1.933260e-07  5.005000e-03
  3.100000e+06  1.850330e-07  5.446000e-03
  3.300000e+06  1.762410e-07  5.933000e-03
  3.500000e+06  1.672490e-07  6.472000e-03
  3.700000e+06  1.579580e-07  7.069000e-03
  3.900000e+06  1.486660e-07  7.690000e-03
  4.100000e+06  1.393740e-07  8.194000e-03
  4.300000e+06  1.302830e-07  8.731000e-03
  4.500000e+06  1.212910e-07  9.312000e-03
  4.700000e+06  1.125990e-07  1.002000e-02
  4.900000e+06  1.042060e-07  1.078000e-02
  5.100000e+06  9.605340e-08  1.161000e-02
  5.300000e+06  8.826040e-08  1.252000e-02
  5.500000e+06  8.080720e-08  1.351000e-02
  5.700000e+06  7.372350e-08  1.460000e-02
  5.900000e+06  6.699960e-08  1.579000e-02
  6.100000e+06  6.066530e-08  1.710000e-02
  6.300000e+06  5.472070e-08  1.854000e-02
  6.500000e+06  4.918570e-08  2.011000e-02
  6.700000e+06  4.406030e-08  2.181000e-02
  6.900000e+06  3.936450e-08  2.365000e-02
  7.100000e+06  3.508840e-08  2.560000e-02
  7.300000e+06  3.125180e-08  2.764000e-02
  7.500000e+06  2.782490e-08  2.972000e-02
  7.700000e+06  2.478770e-08  3.179000e-02
  7.900000e+06  2.211010e-08  3.378000e-02
  8.100000e+06  1.974220e-08  3.563000e-02
  8.300000e+06  1.764410e-08  3.732000e-02
  8.500000e+06  1.571580e-08  3.889000e-02
  8.700000e+06  1.388750e-08  4.047000e-02
  8.900000e+06  1.204910e-08  4.241000e-02
  9.100000e+06  1.015080e-08  4.516000e-02
  9.300000e+06  8.154650e-09  4.948000e-02
  9.500000e+06  6.052540e-09  5.729000e-02
  9.700000e+06  3.820560e-09  7.545000e-02
  9.900000e+06  1.434710e-09  1.589000e-01
  1.010000e+07  1.659500e-10  1.000000e+00
  1.030000e+07  1.021080e-10  1.000000e+00
  1.050000e+07  3.648710e-11  1.000000e+00
  1.070000e+07  0.000000e+00  1.000000e+00
  1.300000e+07            57             0             2
  0.000000e+00  0.000000e+00  0.000000e+00
  1.000000e+05  1.716550e-08  1.759000e-03
  3.000000e+05  6.065880e-08  1.880000e-03
  5.000000e+05  1.217970e-07  2.012000e-03
  7.000000e+05  1.600650e-07  2.155000e-03
  9.000000e+05  1.799480e-07  2.311000e-03
  1.100000e+06  1.944360e-07  2.481000e-03
  1.300000e+06  2.045270e-07  2.666000e-03
  1.500000e+06  2.109220e-07  2.868000e-03
  1.700000e+06  2.140190e-07  3.089000e-03
  1.900000e+06  2.145190e-07  3.331000e-03
  2.100000e+06  2.128210e-07  3.596000e-03
  2.300000e+06  2.093230e-07  3.886000e-03
  2.500000e+06  2.043280e-07  4.205000e-03
  2.700000e+06  1.982330e-07  4.555000e-03
  2.900000e+06  1.911390e-07  4.940000e-03
  3.100000e+06  1.833450e-07  5.364000e-03
  3.300000e+06  1.750520e-07  5.831000e-03
  3.500000e+06  1.664600e-07  6.346000e-03
  3.700000e+06  1.576670e-07  6.914000e-03
  3.900000e+06  1.487750e-07  7.543000e-03
  4.100000e+06  1.398820e-07  8.239000e-03
  4.300000e+06  1.310890e-07  8.968000e-03
  4.500000e+06  1.224970e-07  9.557000e-03
  4.700000e+06  1.141040e-07  1.018000e-02
  4.900000e+06  1.059110e-07  1.086000e-02
  5.100000e+06  9.802730e-08  1.168000e-02
  5.300000e+06  9.047370e-08  1.257000e-02
  5.500000e+06  8.322980e-08  1.354000e-02
  5.700000e+06  7.631560e-08  1.460000e-02
  5.900000e+06  6.975120e-08  1.575000e-02
  6.100000e+06  6.352640e-08  1.702000e-02
  6.300000e+06  5.765140e-08  1.840000e-02
  6.500000e+06  5.212600e-08  1.992000e-02
  6.700000e+06  4.696040e-08  2.158000e-02
  6.900000e+06  4.217440e-08  2.340000e-02
  7.100000e+06  3.774820e-08  2.537000e-02
  7.300000e+06  3.370160e-08  2.748000e-02
  7.500000e+06  3.003470e-08  2.973000e-02
  7.700000e+06  2.673740e-08  3.207000e-02
  7.900000e+06  2.379990e-08  3.446000e-02
  8.100000e+06  2.119210e-08  3.683000e-02
  8.300000e+06  1.890410e-08  3.911000e-02
  8.500000e+06  1.687580e-08  4.124000e-02
  8.700000e+06  1.507730e-08  4.318000e-02
  8.900000e+06  1.342870e-08  4.498000e-02
  9.100000e+06  1.186000e-08  4.681000e-02
  9.300000e+06  1.029130e-08  4.902000e-02
  9.500000e+06  8.667690e-09  5.217000e-02
  9.700000e+06  6.972120e-09  5.708000e-02
  9.900000e+06  5.189620e-09  6.592000e-02
  1.010000e+07  3.301220e-09  8.617000e-02
  1.030000e+07  1.286910e-09  1.749000e-01
  1.050000e+07  1.641620e-10  1.000000e+00
  1.070000e+07  1.015140e-10  1.000000e+00
  1.090000e+07  3.729850e-11  1.000000e+00
  1.110000e+07  0.000000e+00  1.000000e+00
  1.350000e+07            59             0             2
  0.000000e+00  0.000000e+00  0.000000e+00
  1.000000e+05  1.653600e-08  1.774000e-03
  3.000000e+05  5.850060e-08  1.893000e-03
  5.000000e+05  1.177010e-07  2.023000e-03
  7.000000e+05  1.548690e-07  2.164000e-03
  9.000000e+05  1.743530e-07  2.317000e-03
  1.100000e+06  1.888410e-07  2.484000e-03
  1.300000e+06  1.989320e-07  2.665000e-03
  1.500000e+06  2.054270e-07  2.863000e-03
  1.700000e+06  2.089240e-07  3.078000e-03
  1.900000e+06  2.098230e-07  3.314000e-03
  2.100000e+06  2.085240e-07  3.571000e-03
  2.300000e+06  2.055260e-07  3.852000e-03
  2.500000e+06  2.011300e-07  4.160000e-03
  2.700000e+06  1.954350e-07  4.497000e-03
  2.900000e+06  1.888410e-07  4.867000e-03
  3.100000e+06  1.816470e-07  5.274000e-03
  3.300000e+06  1.738530e-07  5.721000e-03
  3.500000e+06  1.656600e-07  6.212000e-03
  3.700000e+06  1.572670e-07  6.754000e-03
  3.900000e+06  1.487740e-07  7.352000e-03
  4.100000e+06  1.401820e-07  8.011000e-03
  4.300000e+06  1.317890e-07  8.740000e-03
  4.500000e+06  1.234960e-07  9.546000e-03
  4.700000e+06  1.153030e-07  1.040000e-02
  4.900000e+06  1.074090e-07  1.108000e-02
  5.100000e+06  9.973580e-08  1.181000e-02
  5.300000e+06  9.237200e-08  1.259000e-02
  5.500000e+06  8.530800e-08  1.354000e-02
  5.700000e+06  7.856370e-08  1.457000e-02
  5.900000e+06  7.213910e-08  1.569000e-02
  6.100000e+06  6.603430e-08  1.691000e-02
  6.300000e+06  6.025910e-08  1.825000e-02
  6.500000e+06  5.480370e-08  1.971000e-02
  6.700000e+06  4.966810e-08  2.131000e-02
  6.900000e+06  4.486210e-08  2.306000e-02
  7.100000e+06  4.038590e-08  2.497000e-02
  7.300000e+06  3.623940e-08  2.705000e-02
  7.500000e+06  3.242260e-08  2.931000e-02
  7.700000e+06  2.893560e-08  3.174000e-02
  7.900000e+06  2.577820e-08  3.431000e-02
  8.100000e+06  2.294060e-08  3.698000e-02
  8.300000e+06  2.042280e-08  3.970000e-02
  8.500000e+06  1.818460e-08  4.240000e-02
  8.700000e+06  1.621630e-08  4.500000e-02
  8.900000e+06  1.447780e-08  4.742000e-02
  9.100000e+06  1.292910e-08  4.963000e-02
  9.300000e+06  1.151030e-08  5.168000e-02
  9.500000e+06  1.017140e-08  5.376000e-02
  9.700000e+06  8.822550e-09  5.628000e-02
  9.900000e+06  7.432720e-09  5.985000e-02
  1.010000e+07  5.985950e-09  6.540000e-02
  1.030000e+07  4.468230e-09  7.531000e-02
  1.050000e+07  2.864580e-09  9.773000e-02
  1.070000e+07  1.158020e-09  1.915000e-01
  1.090000e+07  1.620630e-10  1.000000e+00
  1.110000e+07  1.007150e-10  1.000000e+00
  1.130000e+07  3.794800e-11  1.000000e+00
  1.150000e+07  0.000000e+00  1.000000e+00
  1.400000e+07            61             0             2
  0.000000e+00  0.000000e+00  0.000000e+00
  1.000000e+05  1.594790e-08  1.784000e-03
  3.000000e+05  5.650720e-08  1.902000e-03
  5.000000e+05  1.138140e-07  2.029000e-03
  7.000000e+05  1.499860e-07  2.168000e-03
  9.000000e+05  1.691720e-07  2.318000e-03
  1.100000e+06  1.834610e-07  2.481000e-03
  1.300000e+06  1.936530e-07  2.658000e-03
  1.500000e+06  2.003480e-07  2.851000e-03
  1.700000e+06  2.040450e-07  3.061000e-03
  1.900000e+06  2.053440e-07  3.290000e-03
  2.100000e+06  2.044450e-07  3.539000e-03
  2.300000e+06  2.019470e-07  3.811000e-03
  2.500000e+06  1.979500e-07  4.108000e-03
  2.700000e+06  1.927540e-07  4.433000e-03
  2.900000e+06  1.866590e-07  4.788000e-03
  3.100000e+06  1.798640e-07  5.178000e-03
  3.300000e+06  1.724690e-07  5.606000e-03
  3.500000e+06  1.647750e-07  6.075000e-03
  3.700000e+06  1.567810e-07  6.592000e-03
  3.900000e+06  1.485870e-07  7.159000e-03
  4.100000e+06  1.403940e-07  7.785000e-03
  4.300000e+06  1.323000e-07  8.474000e-03
  4.500000e+06  1.242060e-07  9.235000e-03
  4.700000e+06  1.164120e-07  1.007000e-02
  4.900000e+06  1.087180e-07  1.100000e-02
  5.100000e+06  1.012230e-07  1.199000e-02
  5.300000e+06  9.406880e-08  1.278000e-02
  5.500000e+06  8.715400e-08  1.362000e-02
  5.700000e+06  8.054900e-08  1.452000e-02
  5.900000e+06  7.424380e-08  1.561000e-02
  6.100000e+06  6.825830e-08  1.680000e-02
  6.300000e+06  6.257260e-08  1.809000e-02
  6.500000e+06  5.719670e-08  1.949000e-02
  6.700000e+06  5.213050e-08  2.102000e-02
  6.900000e+06  4.735410e-08  2.270000e-02
  7.100000e+06  4.287750e-08  2.453000e-02
  7.300000e+06  3.870070e-08  2.653000e-02
  7.500000e+06  3.481360e-08  2.872000e-02
  7.700000e+06  3.121640e-08  3.110000e-02
  7.900000e+06  2.791890e-08  3.367000e-02
  8.100000e+06  2.491110e-08  3.643000e-02
  8.300000e+06  2.219320e-08  3.935000e-02
  8.500000e+06  1.975500e-08  4.238000e-02
  8.700000e+06  1.757670e-08  4.546000e-02
  8.900000e+06  1.565810e-08  4.851000e-02
  9.100000e+06  1.395940e-08  5.145000e-02
  9.300000e+06  1.247060e-08  5.418000e-02
  9.500000e+06  1.113160e-08  5.668000e-02
  9.700000e+06  9.907500e-09  5.901000e-02
  9.900000e+06  8.749370e-09  6.136000e-02
  1.010000e+07  7.592250e-09  6.421000e-02
  1.030000e+07  6.400150e-09  6.822000e-02
  1.050000e+07  5.161090e-09  7.445000e-02
  1.070000e+07  3.864070e-09  8.548000e-02
  1.090000e+07  2.496110e-09  1.101000e-01
  1.110000e+07  1.044210e-09  2.087000e-01
  1.130000e+07  1.595790e-10  1.000000e+00
  1.150000e+07  9.974450e-11  1.000000e+00
  1.170000e+07  3.848090e-11  1.000000e+00
  1.190000e+07  0.000000e+00  1.000000e+00
  1.450000e+07            63             0             2
  0.000000e+00  0.000000e+00  0.000000e+00
  1.000000e+05  1.539850e-08  1.790000e-03
  3.000000e+05  5.463910e-08  1.906000e-03
  5.000000e+05  1.102180e-07  2.031000e-03
  7.000000e+05  1.454910e-07  2.167000e-03
  9.000000e+05  1.642770e-07  2.314000e-03
  1.100000e+06  1.784670e-07  2.473000e-03
  1.300000e+06  1.886590e-07  2.646000e-03
  1.500000e+06  1.954540e-07  2.834000e-03
  1.700000e+06  1.994510e-07  3.038000e-03
  1.900000e+06  2.010500e-07  3.260000e-03
  2.100000e+06  2.005500e-07  3.502000e-03
  2.300000e+06  1.983520e-07  3.765000e-03
  2.500000e+06  1.947540e-07  4.052000e-03
  2.700000e+06  1.900580e-07  4.365000e-03
  2.900000e+06  1.844620e-07  4.707000e-03
  3.100000e+06  1.780670e-07  5.080000e-03
  3.300000e+06  1.711720e-07  5.490000e-03
  3.500000e+06  1.637780e-07  5.938000e-03
  3.700000e+06  1.561830e-07  6.429000e-03
  3.900000e+06  1.483890e-07  6.969000e-03
  4.100000e+06  1.405950e-07  7.562000e-03
  4.300000e+06  1.327010e-07  8.215000e-03
  4.500000e+06  1.249070e-07  8.933000e-03
  4.700000e+06  1.173120e-07  9.724000e-03
  4.900000e+06  1.098180e-07  1.060000e-02
  5.100000e+06  1.025230e-07  1.156000e-02
  5.300000e+06  9.555850e-08  1.263000e-02
  5.500000e+06  8.882360e-08  1.377000e-02
  5.700000e+06  8.233840e-08  1.467000e-02
  5.900000e+06  7.614310e-08  1.563000e-02
  6.100000e+06  7.023750e-08  1.666000e-02
  6.300000e+06  6.464170e-08  1.791000e-02
  6.500000e+06  5.934560e-08  1.927000e-02
  6.700000e+06  5.432940e-08  2.074000e-02
  6.900000e+06  4.960290e-08  2.235000e-02
  7.100000e+06  4.515620e-08  2.410000e-02
  7.300000e+06  4.097940e-08  2.601000e-02
  7.500000e+06  3.708230e-08  2.810000e-02
  7.700000e+06  3.344500e-08  3.038000e-02
  7.900000e+06  3.006750e-08  3.286000e-02
  8.100000e+06  2.695980e-08  3.556000e-02
  8.300000e+06  2.410200e-08  3.848000e-02
  8.500000e+06  2.150390e-08  4.160000e-02
  8.700000e+06  1.915570e-08  4.489000e-02
  8.900000e+06  1.705720e-08  4.831000e-02
  9.100000e+06  1.517860e-08  5.177000e-02
  9.300000e+06  1.351990e-08  5.520000e-02
  9.500000e+06  1.206100e-08  5.849000e-02
  9.700000e+06  1.077190e-08  6.156000e-02
  9.900000e+06  9.613810e-09  6.438000e-02
  1.010000e+07  8.557600e-09  6.699000e-02
  1.030000e+07  7.556350e-09  6.964000e-02
  1.050000e+07  6.559090e-09  7.284000e-02
  1.070000e+07  5.532860e-09  7.733000e-02
  1.090000e+07  4.467660e-09  8.426000e-02
  1.110000e+07  3.354490e-09  9.646000e-02
  1.130000e+07  2.184370e-09  1.233000e-01
  1.150000e+07  9.444940e-10  2.264000e-01
  1.170000e+07  1.568830e-10  1.000000e+00
  1.190000e+07  9.855630e-11  1.000000e+00
  1.210000e+07  3.891090e-11  1.000000e+00
  1.230000e+07  0.000000e+00  1.000000e+00
  1.500000e+07            65             0             2
  0.000000e+00  0.000000e+00  0.000000e+00
  1.000000e+05  1.487850e-08  1.793000e-03
  3.000000e+05  5.287920e-08  1.906000e-03
  5.000000e+05  1.068180e-07  2.029000e-03
  7.000000e+05  1.411910e-07  2.162000e-03
  9.000000e+05  1.597770e-07  2.306000e-03
  1.100000e+06  1.737660e-07  2.462000e-03
  1.300000e+06  1.839580e-07  2.631000e-03
  1.500000e+06  1.908530e-07  2.814000e-03
  1.700000e+06  1.950490e-07  3.012000e-03
  1.900000e+06  1.968480e-07  3.227000e-03
  2.100000e+06  1.967480e-07  3.462000e-03
  2.300000e+06  1.949500e-07  3.716000e-03
  2.500000e+06  1.917520e-07  3.993000e-03
  2.700000e+06  1.874550e-07  4.294000e-03
  2.900000e+06  1.822590e-07  4.623000e-03
  3.100000e+06  1.762640e-07  4.982000e-03
  3.300000e+06  1.697690e-07  5.373000e-03
  3.500000e+06  1.627740e-07  5.802000e-03
  3.700000e+06  1.555800e-07  6.270000e-03
  3.900000e+06  1.480860e-07  6.784000e-03
  4.100000e+06  1.405910e-07  7.346000e-03
  4.300000e+06  1.329970e-07  7.964000e-03
  4.500000e+06  1.255030e-07  8.643000e-03
  4.700000e+06  1.180090e-07  9.388000e-03
  4.900000e+06  1.108140e-07  1.021000e-02
  5.100000e+06  1.037200e-07  1.111000e-02
  5.300000e+06  9.687520e-08  1.211000e-02
  5.500000e+06  9.027030e-08  1.321000e-02
  5.700000e+06  8.393520e-08  1.443000e-02
  5.900000e+06  7.786990e-08  1.574000e-02
  6.100000e+06  7.205440e-08  1.677000e-02
  6.300000e+06  6.652860e-08  1.787000e-02
  6.500000e+06  6.128270e-08  1.904000e-02
  6.700000e+06  5.632650e-08  2.046000e-02
  6.900000e+06  5.164010e-08  2.201000e-02
  7.100000e+06  4.722360e-08  2.369000e-02
  7.300000e+06  4.307680e-08  2.551000e-02
  7.500000e+06  3.917980e-08  2.750000e-02
  7.700000e+06  3.553260e-08  2.967000e-02
  7.900000e+06  3.213520e-08  3.204000e-02
  8.100000e+06  2.896760e-08  3.462000e-02
  8.300000e+06  2.603990e-08  3.743000e-02
  8.500000e+06  2.333200e-08  4.048000e-02
  8.700000e+06  2.086390e-08  4.376000e-02
  8.900000e+06  1.861560e-08  4.727000e-02
  9.100000e+06  1.658720e-08  5.097000e-02
  9.300000e+06  1.476860e-08  5.479000e-02
  9.500000e+06  1.314980e-08  5.867000e-02
  9.700000e+06  1.172100e-08  6.250000e-02
  9.900000e+06  1.045190e-08  6.617000e-02
  1.010000e+07  9.334790e-09  6.960000e-02
  1.030000e+07  8.333570e-09  7.274000e-02
  1.050000e+07  7.419270e-09  7.567000e-02
  1.070000e+07  6.550940e-09  7.863000e-02
  1.090000e+07  5.687610e-09  8.220000e-02
  1.110000e+07  4.801290e-09  8.718000e-02
  1.130000e+07  3.883000e-09  9.485000e-02
  1.150000e+07  2.924740e-09  1.083000e-01
  1.170000e+07  1.919520e-09  1.374000e-01
  1.190000e+07  8.566390e-10  2.446000e-01
  1.210000e+07  1.539810e-10  1.000000e+00
  1.230000e+07  9.725490e-11  1.000000e+00
  1.250000e+07  3.922970e-11  1.000000e+00
  1.270000e+07  0.000000e+00  1.000000e+00
