             0             3
             4
             0
           351
  8.516980e+05  0.000000e+00  1.280750e+06  1.880460e-04  2.210000e+06  9.058900e-04
  2.220000e+06  9.793000e-04  2.230000e+06  1.059600e-03  2.240000e+06  1.147600e-03
  2.250000e+06  1.244400e-03  2.260000e+06  1.350900e-03  2.270000e+06  1.468800e-03
  2.280000e+06  1.599580e-03  2.290000e+06  1.745310e-03  2.300000e+06  1.908400e-03
  2.310000e+06  2.092020e-03  2.320000e+06  2.299920e-03  2.330000e+06  2.536910e-03
  2.340000e+06  2.809900e-03  2.350000e+06  3.127300e-03  2.360000e+06  3.501100e-03
  2.370000e+06  3.948200e-03  2.380000e+06  4.493500e-03  2.390000e+06  5.175500e-03
  2.400000e+06  6.057600e-03  2.410000e+06  7.251300e-03  2.420000e+06  8.973700e-03
  2.430000e+06  1.170900e-02  2.440000e+06  1.676170e-02  2.450000e+06  2.885600e-02
  2.460000e+06  7.492500e-02  2.470000e+06  1.700990e-01  2.480000e+06  3.124300e-02
  2.490000e+06  1.494700e-02  2.500000e+06  1.408300e-02  2.510000e+06  1.773400e-02
  2.520000e+06  2.578050e-02  2.530000e+06  4.269400e-02  2.540000e+06  8.463100e-02
  2.550000e+06  2.524490e-01  2.560000e+06  2.258830e-01  2.570000e+06  7.975500e-02
  2.580000e+06  3.076500e-02  2.590000e+06  1.496200e-02  2.600000e+06  8.845500e-03
  2.610000e+06  6.311200e-03  2.620000e+06  5.423900e-03  2.630000e+06  5.482200e-03
  2.640000e+06  6.250100e-03  2.650000e+06  7.739600e-03  2.660000e+06  1.019900e-02
  2.670000e+06  1.428300e-02  2.680000e+06  2.171480e-02  2.690000e+06  3.807900e-02
  2.700000e+06  9.088600e-02  2.710000e+06  2.673000e-01  2.720000e+06  1.656620e-01
  2.730000e+06  9.524700e-02  2.740000e+06  4.520300e-02  2.750000e+06  2.288420e-02
  2.760000e+06  1.412600e-02  2.770000e+06  1.076000e-02  2.780000e+06  9.863000e-03
  2.790000e+06  1.038800e-02  2.800000e+06  1.199100e-02  2.810000e+06  1.466400e-02
  2.820000e+06  1.863910e-02  2.830000e+06  2.441690e-02  2.840000e+06  3.286800e-02
  2.850000e+06  4.540100e-02  2.860000e+06  6.397100e-02  2.870000e+06  9.001300e-02
  2.880000e+06  1.202100e-01  2.890000e+06  1.430100e-01  2.900000e+06  1.563600e-01
  2.910000e+06  1.875810e-01  2.920000e+06  1.907760e-01  2.930000e+06  1.056000e-01
  2.940000e+06  5.859400e-02  2.950000e+06  3.803600e-02  2.960000e+06  2.763000e-02
  2.970000e+06  2.174220e-02  2.980000e+06  1.821710e-02  2.985970e+06  1.695140e-02
  2.990000e+06  1.609701e-02  3.000000e+06  1.490304e-02  3.010000e+06  1.437307e-02
  3.020000e+06  1.436510e-02  3.030000e+06  1.480313e-02  3.040000e+06  1.565516e-02
  3.050000e+06  1.692519e-02  3.060000e+06  1.864952e-02  3.070000e+06  2.089285e-02
  3.080000e+06  2.376528e-02  3.090000e+06  2.742931e-02  3.100000e+06  3.211634e-02
  3.110000e+06  3.817037e-02  3.120000e+06  4.607339e-02  3.130000e+06  5.649542e-02
  3.140000e+06  7.028845e-02  3.150000e+06  8.830248e-02  3.160000e+06  1.106395e-01
  3.170000e+06  1.349205e-01  3.180000e+06  1.544096e-01  3.190000e+06  1.604496e-01
  3.200000e+06  1.509796e-01  3.210000e+06  1.331000e-01  3.220000e+06  1.151495e-01
  3.230000e+06  1.012996e-01  3.240000e+06  9.240783e-02  3.250000e+06  8.808120e-02
  3.260000e+06  8.775020e-02  3.270000e+06  9.105550e-02  3.280000e+06  9.789740e-02
  3.290000e+06  1.083600e-01  3.300000e+06  1.224403e-01  3.310000e+06  1.395107e-01
  3.320000e+06  1.571006e-01  3.330000e+06  1.696407e-01  3.340000e+06  1.693696e-01
  3.350000e+06  1.525397e-01  3.360000e+06  1.248297e-01  3.370000e+06  9.631750e-02
  3.380000e+06  7.338510e-02  3.390000e+06  5.747220e-02  3.400000e+06  4.773570e-02
  3.410000e+06  4.330710e-02  3.420000e+06  4.634730e-02  3.430000e+06  6.482590e-02
  3.440000e+06  5.516420e-02  3.450000e+06  5.462490e-02  3.460000e+06  6.063020e-02
  3.470000e+06  7.087210e-02  3.480000e+06  8.571620e-02  3.490000e+06  1.063400e-01
  3.500000e+06  1.332601e-01  3.510000e+06  1.619990e-01  3.520000e+06  1.810910e-01
  3.530000e+06  1.939100e-01  3.540000e+06  2.275010e-01  3.550000e+06  2.699750e-01
  3.560000e+06  2.570770e-01  3.570000e+06  2.251140e-01  3.580000e+06  2.270160e-01
  3.590000e+06  2.798690e-01  3.600000e+06  3.470590e-01  3.610000e+06  3.089970e-01
  3.620000e+06  2.516720e-01  3.630000e+06  2.232020e-01  3.640000e+06  2.109820e-01
  3.650000e+06  2.055600e-01  3.660000e+06  2.025030e-01  3.670000e+06  1.997100e-01
  3.680000e+06  1.962590e-01  3.690000e+06  1.919200e-01  3.700000e+06  1.868500e-01
  3.710000e+06  1.815910e-01  3.720000e+06  1.768500e-01  3.730000e+06  1.735400e-01
  3.740000e+06  1.727300e-01  3.750000e+06  1.756100e-01  3.760000e+06  1.836400e-01
  3.770000e+06  1.985600e-01  3.780000e+06  2.222640e-01  3.790000e+06  2.564510e-01
  3.800000e+06  3.012320e-01  3.810000e+06  3.524420e-01  3.820000e+06  3.989280e-01
  3.830000e+06  4.245580e-01  3.840000e+06  4.194510e-01  3.850000e+06  3.897570e-01
  3.860000e+06  3.522720e-01  3.870000e+06  3.224650e-01  3.880000e+06  3.089250e-01
  3.890000e+06  3.131350e-01  3.900000e+06  3.280990e-01  3.910000e+06  3.376170e-01
  3.920000e+06  3.256360e-01  3.930000e+06  2.909880e-01  3.940000e+06  2.456180e-01
  3.950000e+06  2.011100e-01  3.960000e+06  1.629000e-01  3.970000e+06  1.321100e-01
  3.980000e+06  1.080700e-01  3.990000e+06  1.002990e-01  4.000000e+06  9.247500e-02
  4.010000e+06  9.261000e-02  4.020000e+06  9.301500e-02  4.030000e+06  9.382600e-02
  4.040000e+06  9.315000e-02  4.050000e+06  9.234100e-02  4.060000e+06  1.248700e-01
  4.070000e+06  1.771300e-01  4.080000e+06  2.495460e-01  4.090000e+06  3.215650e-01
  4.100000e+06  3.501560e-01  4.110000e+06  3.217390e-01  4.120000e+06  2.703270e-01
  4.130000e+06  2.263750e-01  4.140000e+06  1.989500e-01  4.150000e+06  1.869300e-01
  4.160000e+06  1.864200e-01  4.170000e+06  1.932100e-01  4.180000e+06  2.046100e-01
  4.190000e+06  2.213900e-01  4.200000e+06  2.479820e-01  4.210000e+06  2.897180e-01
  4.220000e+06  3.469790e-01  4.230000e+06  4.035250e-01  4.240000e+06  4.267570e-01
  4.250000e+06  4.278550e-01  4.260000e+06  4.417440e-01  4.260910e+06  4.394948e-01
  4.267020e+06  4.244383e-01  4.270000e+06  4.171179e-01  4.280000e+06  3.499686e-01
  4.290000e+06  2.930244e-01  4.300000e+06  2.670642e-01  4.310000e+06  2.701119e-01
  4.320000e+06  2.957327e-01  4.330000e+06  3.371115e-01  4.340000e+06  3.866952e-01
  4.350000e+06  4.357200e-01  4.356250e+06  4.604249e-01  4.360000e+06  4.753306e-01
  4.370000e+06  4.987912e-01  4.380000e+06  5.032279e-01  4.390000e+06  4.901975e-01
  4.400000e+06  4.640711e-01  4.410000e+06  4.277888e-01  4.420000e+06  3.900871e-01
  4.430000e+06  3.521545e-01  4.440000e+06  3.161478e-01  4.450000e+06  2.833022e-01
  4.460000e+06  2.544035e-01  4.470000e+06  2.299925e-01  4.480000e+06  1.984833e-01
  4.490000e+06  1.703538e-01  4.500000e+06  1.374957e-01  4.510000e+06  1.694449e-01
  4.520000e+06  2.164576e-01  4.530000e+06  2.733718e-01  4.540000e+06  4.191245e-01
  4.550000e+06  4.794774e-01  4.560000e+06  4.162452e-01  4.570000e+06  4.070171e-01
  4.580000e+06  4.319570e-01  4.590000e+06  4.457229e-01  4.600000e+06  4.448647e-01
  4.610000e+06  4.327646e-01  4.620000e+06  4.414460e-01  4.630000e+06  4.368450e-01
  4.640000e+06  4.393630e-01  4.650000e+06  4.299220e-01  4.660000e+06  4.085490e-01
  4.670000e+06  3.803050e-01  4.680000e+06  3.500060e-01  4.690000e+06  3.206550e-01
  4.700000e+06  2.943510e-01  4.710000e+06  2.754300e-01  4.720000e+06  2.804210e-01
  4.730000e+06  2.673400e-01  4.740000e+06  2.356700e-01  4.750000e+06  2.178610e-01
  4.760000e+06  2.088010e-01  4.770000e+06  2.065100e-01  4.780000e+06  2.091800e-01
  4.790000e+06  2.123800e-01  4.800000e+06  2.102390e-01  4.810000e+06  2.121110e-01
  4.820000e+06  2.353710e-01  4.830000e+06  2.352390e-01  4.840000e+06  2.239410e-01
  4.850000e+06  2.621810e-01  4.860000e+06  3.864360e-01  4.870000e+06  4.525650e-01
  4.880000e+06  3.953730e-01  4.890000e+06  3.195010e-01  4.900000e+06  2.702680e-01
  4.910000e+06  2.698210e-01  4.920000e+06  3.284660e-01  4.930000e+06  3.855110e-01
  4.940000e+06  3.846760e-01  4.950000e+06  3.514690e-01  4.960000e+06  3.130930e-01
  4.970000e+06  2.779370e-01  4.980000e+06  2.469737e-01  4.990000e+06  2.193585e-01
  5.000000e+06  1.941221e-01  5.010000e+06  1.732199e-01  5.020000e+06  1.531904e-01
  5.030000e+06  1.359696e-01  5.040000e+06  1.297405e-01  5.050000e+06  1.615894e-01
  5.060000e+06  2.870977e-01  5.070000e+06  4.613230e-01  5.080000e+06  5.018350e-01
  5.090000e+06  4.550070e-01  5.100000e+06  4.049810e-01  5.110000e+06  3.789980e-01
  5.120000e+06  4.032990e-01  5.130000e+06  4.517690e-01  5.140000e+06  4.226860e-01
  5.150000e+06  3.762410e-01  5.200000e+06  3.705146e-01  5.400000e+06  4.270335e-01
  5.600000e+06  4.659090e-01  5.800000e+06  4.926474e-01  6.000000e+06  5.113190e-01
  6.200000e+06  5.247620e-01  6.400000e+06  5.347462e-01  6.600000e+06  5.423217e-01
  6.800000e+06  5.482056e-01  7.000000e+06  5.528875e-01  7.200000e+06  5.566607e-01
  7.400000e+06  5.599373e-01  7.600000e+06  5.630371e-01  7.800000e+06  5.661899e-01
  8.000000e+06  5.697520e-01  8.200000e+06  5.715937e-01  8.400000e+06  5.733773e-01
  8.600000e+06  5.751002e-01  8.800000e+06  5.768057e-01  9.000000e+06  5.784813e-01
  9.200000e+06  5.814499e-01  9.400000e+06  5.844146e-01  9.600000e+06  5.873667e-01
  9.800000e+06  5.903084e-01  1.000000e+07  5.789910e-01  1.020000e+07  5.812216e-01
  1.040000e+07  5.731255e-01  1.060000e+07  5.557266e-01  1.080000e+07  5.359605e-01
  1.100000e+07  5.002008e-01  1.120000e+07  4.943948e-01  1.140000e+07  4.840790e-01
  1.160000e+07  4.741611e-01  1.180000e+07  4.659469e-01  1.200000e+07  4.562002e-01
  1.220000e+07  4.507515e-01  1.240000e+07  4.445580e-01  1.260000e+07  4.394070e-01
  1.280000e+07  4.353853e-01  1.300000e+07  4.305492e-01  1.320000e+07  4.276761e-01
  1.340000e+07  4.241142e-01  1.360000e+07  4.210253e-01  1.380000e+07  4.185108e-01
  1.400000e+07  4.155361e-01  1.420000e+07  4.138634e-01  1.440000e+07  4.117618e-01
  1.460000e+07  4.100107e-01  1.480000e+07  4.086144e-01  1.500000e+07  4.067988e-01
             4
             6
  1.784450e+01             3             1
  1.000000e+00  1.000000e+00             0             1
 -6.967560e+05 -6.967560e+05             2
             1
             2             2
  8.516980e+05  1.000000e+00  1.500000e+07  1.000000e+00
          8018             2             2            30
             1
            30            22
  8.516980e+05             3             0             2
  0.000000e+00  0.000000e+00  0.000000e+00
  5.000000e-01  2.000000e+00  0.000000e+00
  1.000000e+00  0.000000e+00  0.000000e+00
  1.000000e+06            10             0             2
  0.000000e+00  0.000000e+00  0.000000e+00
  6.835000e+03  3.991430e-06  0.000000e+00
  2.051500e+04  1.245660e-05  0.000000e+00
  3.418500e+04  2.098780e-05  0.000000e+00
  4.786500e+04  2.029740e-05  0.000000e+00
  6.153500e+04  1.379790e-05  0.000000e+00
  7.521500e+04  2.588950e-06  0.000000e+00
  8.888500e+04  2.411420e-09  0.000000e+00
  1.025650e+05  1.220010e-09  0.000000e+00
  1.162450e+05  0.000000e+00  0.000000e+00
  1.500000e+06            10             0             2
  0.000000e+00  0.000000e+00  0.000000e+00
  3.013000e+04  9.059100e-07  0.000000e+00
  9.037000e+04  2.828010e-06  0.000000e+00
  1.506700e+05  4.763330e-06  0.000000e+00
  2.108700e+05  4.606490e-06  0.000000e+00
  2.711700e+05  3.130830e-06  0.000000e+00
  3.313700e+05  5.876970e-07  0.000000e+00
  3.916700e+05  5.474520e-10  0.000000e+00
  4.518700e+05  2.768820e-10  0.000000e+00
  5.120700e+05  0.000000e+00  0.000000e+00
  2.000000e+06            10             0             2
  0.000000e+00  0.000000e+00  0.000000e+00
  5.340000e+04  5.109120e-07  0.000000e+00
  1.603000e+05  1.594870e-06  0.000000e+00
  2.671000e+05  2.686730e-06  0.000000e+00
  3.739000e+05  2.597960e-06  0.000000e+00
  4.808000e+05  1.765510e-06  0.000000e+00
  5.876000e+05  3.314020e-07  0.000000e+00
  6.945000e+05  3.087170e-10  0.000000e+00
  8.013000e+05  1.561340e-10  0.000000e+00
  9.081000e+05  0.000000e+00  0.000000e+00
  2.500000e+06            10             0             2
  0.000000e+00  0.000000e+00  0.000000e+00
  7.670000e+04  3.557340e-07  0.000000e+00
  2.301000e+05  1.110500e-06  0.000000e+00
  3.836000e+05  1.870880e-06  0.000000e+00
  5.370000e+05  1.808750e-06  0.000000e+00
  6.904000e+05  1.229830e-06  0.000000e+00
  8.438000e+05  2.307780e-07  0.000000e+00
  9.973000e+05  2.149980e-10  0.000000e+00
  1.150300e+06  1.086830e-10  0.000000e+00
  1.303300e+06  0.000000e+00  0.000000e+00
  3.000000e+06            10             0             2
  0.000000e+00  0.000000e+00  0.000000e+00
  1.000000e+05  2.729130e-07  0.000000e+00
  3.000000e+05  8.519780e-07  0.000000e+00
  5.000000e+05  1.435090e-06  0.000000e+00
  7.000000e+05  1.387740e-06  0.000000e+00
  9.000000e+05  9.432130e-07  0.000000e+00
  1.100000e+06  1.770430e-07  0.000000e+00
  1.300000e+06  1.649120e-10  0.000000e+00
  1.500000e+06  8.341260e-11  0.000000e+00
  1.700000e+06  0.000000e+00  0.000000e+00
  3.500000e+06            12             0             2
  0.000000e+00  0.000000e+00  0.000000e+00
  1.000000e+05  1.528240e-07  0.000000e+00
  3.000000e+05  5.000530e-07  0.000000e+00
  5.000000e+05  9.177400e-07  0.000000e+00
  7.000000e+05  1.035040e-06  0.000000e+00
  9.000000e+05  9.805570e-07  0.000000e+00
  1.100000e+06  8.122520e-07  0.000000e+00
  1.300000e+06  5.260530e-07  0.000000e+00
  1.500000e+06  1.134270e-07  0.000000e+00
  1.700000e+06  1.731680e-10  0.000000e+00
  1.900000e+06  8.790380e-11  0.000000e+00
  2.100000e+06  0.000000e+00  0.000000e+00
  4.000000e+06            14             0             2
  0.000000e+00  0.000000e+00  0.000000e+00
  1.000000e+05  1.047470e-07  0.000000e+00
  3.000000e+05  3.445820e-07  0.000000e+00
  5.000000e+05  6.447980e-07  0.000000e+00
  7.000000e+05  7.614820e-07  0.000000e+00
  9.000000e+05  7.847590e-07  0.000000e+00
  1.100000e+06  7.551160e-07  0.000000e+00
  1.300000e+06  6.723520e-07  0.000000e+00
  1.500000e+06  5.351760e-07  0.000000e+00
  1.700000e+06  3.403040e-07  0.000000e+00
  1.900000e+06  8.260420e-08  0.000000e+00
  2.100000e+06  1.752750e-10  0.000000e+00
  2.300000e+06  8.990560e-11  0.000000e+00
  2.500000e+06  0.000000e+00  0.000000e+00
  4.500000e+06            16             0             2
  0.000000e+00  0.000000e+00  0.000000e+00
  1.000000e+05  8.128960e-08  0.000000e+00
  3.000000e+05  2.671140e-07  0.000000e+00
  5.000000e+05  4.998680e-07  0.000000e+00
  7.000000e+05  5.935870e-07  0.000000e+00
  9.000000e+05  6.235650e-07  0.000000e+00
  1.100000e+06  6.276490e-07  0.000000e+00
  1.300000e+06  6.070330e-07  0.000000e+00
  1.500000e+06  5.591270e-07  0.000000e+00
  1.700000e+06  4.827380e-07  0.000000e+00
  1.900000e+06  3.763700e-07  0.000000e+00
  2.100000e+06  2.378330e-07  0.000000e+00
  2.300000e+06  6.388030e-08  0.000000e+00
  2.500000e+06  1.762830e-10  0.000000e+00
  2.700000e+06  9.164750e-11  0.000000e+00
  2.900000e+06  0.000000e+00  0.000000e+00
  5.000000e+06            18             0             2
  0.000000e+00  0.000000e+00  0.000000e+00
  1.000000e+05  6.785050e-08  0.000000e+00
  3.000000e+05  2.232450e-07  0.000000e+00
  5.000000e+05  4.176870e-07  0.000000e+00
  7.000000e+05  4.955240e-07  0.000000e+00
  9.000000e+05  5.206390e-07  0.000000e+00
  1.100000e+06  5.270170e-07  0.000000e+00
  1.300000e+06  5.194430e-07  0.000000e+00
  1.500000e+06  5.000080e-07  0.000000e+00
  1.700000e+06  4.681160e-07  0.000000e+00
  1.900000e+06  4.207760e-07  0.000000e+00
  2.100000e+06  3.567930e-07  0.000000e+00
  2.300000e+06  2.749700e-07  0.000000e+00
  2.500000e+06  1.737120e-07  0.000000e+00
  2.700000e+06  5.090780e-08  0.000000e+00
  2.900000e+06  1.796920e-10  0.000000e+00
  3.100000e+06  9.478930e-11  0.000000e+00
  3.300000e+06  0.000000e+00  0.000000e+00
  5.500000e+06            21             0             2
  0.000000e+00  0.000000e+00  0.000000e+00
  1.000000e+05  5.895560e-08  7.123000e-04
  3.000000e+05  1.950230e-07  7.754000e-04
  5.000000e+05  3.660170e-07  8.434000e-04
  7.000000e+05  4.348130e-07  9.156000e-04
  9.000000e+05  4.567480e-07  9.905000e-04
  1.100000e+06  4.619330e-07  1.066000e-03
  1.300000e+06  4.554520e-07  1.140000e-03
  1.500000e+06  4.408950e-07  1.209000e-03
  1.700000e+06  4.205560e-07  1.273000e-03
  1.900000e+06  3.947320e-07  1.334000e-03
  2.100000e+06  3.622280e-07  1.399000e-03
  2.300000e+06  3.207510e-07  1.486000e-03
  2.500000e+06  2.689040e-07  1.623000e-03
  2.700000e+06  2.057910e-07  1.879000e-03
  2.900000e+06  1.304140e-07  2.513000e-03
  3.100000e+06  4.123800e-08  6.304000e-03
  3.300000e+06  1.833570e-10  1.000000e+00
  3.500000e+06  9.821940e-11  1.000000e+00
  3.700000e+06  4.879560e-12  1.000000e+00
  3.900000e+06  0.000000e+00  1.000000e+00
  6.000000e+06            23             0             2
  0.000000e+00  0.000000e+00  0.000000e+00
  1.000000e+05  5.236180e-08  8.111000e-04
  3.000000e+05  1.743400e-07  8.820000e-04
  5.000000e+05  3.294300e-07  9.598000e-04
  7.000000e+05  3.932620e-07  1.045000e-03
  9.000000e+05  4.144060e-07  1.136000e-03
  1.100000e+06  4.196920e-07  1.233000e-03
  1.300000e+06  4.137080e-07  1.333000e-03
  1.500000e+06  4.001440e-07  1.434000e-03
  1.700000e+06  3.817920e-07  1.533000e-03
  1.900000e+06  3.604480e-07  1.626000e-03
  2.100000e+06  3.369100e-07  1.712000e-03
  2.300000e+06  3.111780e-07  1.794000e-03
  2.500000e+06  2.819560e-07  1.881000e-03
  2.700000e+06  2.471470e-07  1.997000e-03
  2.900000e+06  2.056570e-07  2.179000e-03
  3.100000e+06  1.567860e-07  2.514000e-03
  3.300000e+06  9.983640e-08  3.328000e-03
  3.500000e+06  3.374090e-08  7.789000e-03
  3.700000e+06  1.856100e-10  1.000000e+00
  3.900000e+06  1.009340e-10  1.000000e+00
  4.100000e+06  9.136880e-12  1.000000e+00
  4.300000e+06  0.000000e+00  1.000000e+00
  6.500000e+06            25             0             2
  0.000000e+00  0.000000e+00  0.000000e+00
  1.000000e+05  4.713680e-08  9.027000e-04
  3.000000e+05  1.580200e-07  9.796000e-04
  5.000000e+05  3.006780e-07  1.064000e-03
  7.000000e+05  3.614320e-07  1.157000e-03
  9.000000e+05  3.831800e-07  1.259000e-03
  1.100000e+06  3.898640e-07  1.370000e-03
  1.300000e+06  3.854740e-07  1.489000e-03
  1.500000e+06  3.734030e-07  1.615000e-03
  1.700000e+06  3.561440e-07  1.746000e-03
  1.900000e+06  3.358930e-07  1.878000e-03
  2.100000e+06  3.142450e-07  2.007000e-03
  2.300000e+06  2.918990e-07  2.129000e-03
  2.500000e+06  2.693530e-07  2.241000e-03
  2.700000e+06  2.460090e-07  2.348000e-03
  2.900000e+06  2.208690e-07  2.461000e-03
  3.100000e+06  1.922380e-07  2.612000e-03
  3.300000e+06  1.591180e-07  2.846000e-03
  3.500000e+06  1.211090e-07  3.274000e-03
  3.700000e+06  7.760360e-08  4.293000e-03
  3.900000e+06  2.781320e-08  9.457000e-03
  4.100000e+06  1.861530e-10  1.000000e+00
  4.300000e+06  1.028530e-10  1.000000e+00
  4.500000e+06  1.313840e-11  1.000000e+00
  4.700000e+06  0.000000e+00  1.000000e+00
  7.000000e+06            27             0             2
  0.000000e+00  0.000000e+00  0.000000e+00
  1.000000e+05  4.284690e-08  1.001000e-03
  3.000000e+05  1.445860e-07  1.084000e-03
  5.000000e+05  2.767980e-07  1.175000e-03
  7.000000e+05  3.349720e-07  1.275000e-03
  9.000000e+05  3.576230e-07  1.385000e-03
  1.100000e+06  3.662040e-07  1.506000e-03
  1.300000e+06  3.643080e-07  1.638000e-03
  1.500000e+06  3.544300e-07  1.782000e-03
  1.700000e+06  3.391630e-07  1.937000e-03
  1.900000e+06  3.203040e-07  2.100000e-03
  2.100000e+06  2.995490e-07  2.270000e-03
  2.300000e+06  2.780960e-07  2.440000e-03
  2.500000e+06  2.566420e-07  2.607000e-03
  2.700000e+06  2.358870e-07  2.765000e-03
  2.900000e+06  2.155320e-07  2.911000e-03
  3.100000e+06  1.952760e-07  3.050000e-03
  3.300000e+06  1.742210e-07  3.197000e-03
  3.500000e+06  1.507720e-07  3.390000e-03
  3.700000e+06  1.244300e-07  3.689000e-03
  3.900000e+06  9.465430e-08  4.231000e-03
  4.100000e+06  6.104730e-08  5.498000e-03
  4.300000e+06  2.305990e-08  1.148000e-02
  4.500000e+06  1.879910e-10  1.000000e+00
  4.700000e+06  1.053710e-10  1.000000e+00
  4.900000e+06  1.707290e-11  1.000000e+00
  5.100000e+06  0.000000e+00  1.000000e+00
  7.500000e+06            29             0             2
  0.000000e+00  0.000000e+00  0.000000e+00
  1.000000e+05  3.926220e-08  1.093000e-03
  3.000000e+05  1.332360e-07  1.181000e-03
  5.000000e+05  2.564920e-07  1.277000e-03
  7.000000e+05  3.122810e-07  1.383000e-03
  9.000000e+05  3.354350e-07  1.499000e-03
  1.100000e+06  3.459140e-07  1.627000e-03
  1.300000e+06  3.463140e-07  1.767000e-03
  1.500000e+06  3.391280e-07  1.921000e-03
  1.700000e+06  3.263530e-07  2.089000e-03
  1.900000e+06  3.096860e-07  2.272000e-03
  2.100000e+06  2.904240e-07  2.468000e-03
  2.300000e+06  2.699650e-07  2.676000e-03
  2.500000e+06  2.491060e-07  2.891000e-03
  2.700000e+06  2.287470e-07  3.107000e-03
  2.900000e+06  2.091850e-07  3.319000e-03
  3.100000e+06  1.907220e-07  3.519000e-03
  3.300000e+06  1.730570e-07  3.705000e-03
  3.500000e+06  1.558910e-07  3.882000e-03
  3.700000e+06  1.383260e-07  4.068000e-03
  3.900000e+06  1.192640e-07  4.312000e-03
  4.100000e+06  9.820530e-08  4.687000e-03
  4.300000e+06  7.473190e-08  5.358000e-03
  4.500000e+06  4.854380e-08  6.903000e-03
  4.700000e+06  1.923190e-08  1.374000e-02
  4.900000e+06  1.882270e-10  1.000000e+00
  5.100000e+06  1.069880e-10  1.000000e+00
  5.300000e+06  2.071890e-11  1.000000e+00
  5.500000e+06  0.000000e+00  1.000000e+00
  8.000000e+06            31             0             2
  0.000000e+00  0.000000e+00  0.000000e+00
  1.000000e+05  3.624390e-08  1.177000e-03
  3.000000e+05  1.234750e-07  1.270000e-03
  5.000000e+05  2.389640e-07  1.372000e-03
  7.000000e+05  2.923670e-07  1.482000e-03
  9.000000e+05  3.159240e-07  1.604000e-03
  1.100000e+06  3.277020e-07  1.736000e-03
  1.300000e+06  3.301980e-07  1.882000e-03
  1.500000e+06  3.255060e-07  2.042000e-03
  1.700000e+06  3.153250e-07  2.218000e-03
  1.900000e+06  3.010510e-07  2.411000e-03
  2.100000e+06  2.838820e-07  2.622000e-03
  2.300000e+06  2.650160e-07  2.850000e-03
  2.500000e+06  2.452530e-07  3.096000e-03
  2.700000e+06  2.254890e-07  3.355000e-03
  2.900000e+06  2.062240e-07  3.623000e-03
  3.100000e+06  1.878570e-07  3.893000e-03
  3.300000e+06  1.705890e-07  4.157000e-03
  3.500000e+06  1.545180e-07  4.408000e-03
  3.700000e+06  1.395450e-07  4.641000e-03
  3.900000e+06  1.250720e-07  4.862000e-03
  4.100000e+06  1.105980e-07  5.095000e-03
  4.300000e+06  9.511650e-08  5.397000e-03
  4.500000e+06  7.818730e-08  5.858000e-03
  4.700000e+06  5.955130e-08  6.678000e-03
  4.900000e+06  3.896890e-08  8.532000e-03
  5.100000e+06  1.612060e-08  1.628000e-02
  5.300000e+06  1.875580e-10  1.000000e+00
  5.500000e+06  1.081030e-10  1.000000e+00
  5.700000e+06  2.407610e-11  1.000000e+00
  5.900000e+06  0.000000e+00  1.000000e+00
  8.500000e+06            33             0             2
  0.000000e+00  0.000000e+00  0.000000e+00
  1.000000e+05  3.367270e-08  1.257000e-03
  3.000000e+05  1.152040e-07  1.355000e-03
  5.000000e+05  2.237190e-07  1.461000e-03
  7.000000e+05  2.750320e-07  1.576000e-03
  9.000000e+05  2.984920e-07  1.702000e-03
  1.100000e+06  3.112700e-07  1.840000e-03
  1.300000e+06  3.153630e-07  1.990000e-03
  1.500000e+06  3.127680e-07  2.155000e-03
  1.700000e+06  3.048810e-07  2.336000e-03
  1.900000e+06  2.929010e-07  2.534000e-03
  2.100000e+06  2.780270e-07  2.752000e-03
  2.300000e+06  2.611550e-07  2.991000e-03
  2.500000e+06  2.430860e-07  3.252000e-03
  2.700000e+06  2.244180e-07  3.534000e-03
  2.900000e+06  2.057500e-07  3.838000e-03
  3.100000e+06  1.875810e-07  4.157000e-03
  3.300000e+06  1.704100e-07  4.488000e-03
  3.500000e+06  1.543370e-07  4.821000e-03
  3.700000e+06  1.393630e-07  5.147000e-03
  3.900000e+06  1.256860e-07  5.457000e-03
  4.100000e+06  1.130080e-07  5.746000e-03
  4.300000e+06  1.009280e-07  6.020000e-03
  4.500000e+06  8.897850e-08  6.307000e-03
  4.700000e+06  7.638000e-08  6.676000e-03
  4.900000e+06  6.273320e-08  7.238000e-03
  5.100000e+06  4.784860e-08  8.227000e-03
  5.300000e+06  3.153630e-08  1.043000e-02
  5.500000e+06  1.356690e-08  1.914000e-02
  5.700000e+06  1.863830e-10  1.000000e+00
  5.900000e+06  1.088150e-10  1.000000e+00
  6.100000e+06  2.719370e-11  1.000000e+00
  6.300000e+06  0.000000e+00  1.000000e+00
  9.000000e+06            35             0             2
  0.000000e+00  0.000000e+00  0.000000e+00
  1.000000e+05  3.146040e-08  1.357000e-03
  3.000000e+05  1.079300e-07  1.447000e-03
  5.000000e+05  2.104680e-07  1.547000e-03
  7.000000e+05  2.596910e-07  1.667000e-03
  9.000000e+05  2.830540e-07  1.797000e-03
  1.100000e+06  2.964330e-07  1.940000e-03
  1.300000e+06  3.017250e-07  2.095000e-03
  1.500000e+06  3.007260e-07  2.264000e-03
  1.700000e+06  2.947360e-07  2.449000e-03
  1.900000e+06  2.849510e-07  2.652000e-03
  2.100000e+06  2.721710e-07  2.875000e-03
  2.300000e+06  2.572950e-07  3.119000e-03
  2.500000e+06  2.409200e-07  3.387000e-03
  2.700000e+06  2.237470e-07  3.680000e-03
  2.900000e+06  2.062750e-07  4.000000e-03
  3.100000e+06  1.889020e-07  4.346000e-03
  3.300000e+06  1.720290e-07  4.717000e-03
  3.500000e+06  1.559540e-07  5.109000e-03
  3.700000e+06  1.408780e-07  5.514000e-03
  3.900000e+06  1.270000e-07  5.921000e-03
  4.100000e+06  1.142200e-07  6.320000e-03
  4.300000e+06  1.026380e-07  6.700000e-03
  4.500000e+06  9.198510e-08  7.054000e-03
  4.700000e+06  8.193090e-08  7.390000e-03
  4.900000e+06  7.203650e-08  7.742000e-03
  5.100000e+06  6.175270e-08  8.190000e-03
  5.300000e+06  5.070010e-08  8.868000e-03
  5.500000e+06  3.873900e-08  1.005000e-02
  5.700000e+06  2.571950e-08  1.264000e-02
  5.900000e+06  1.147190e-08  2.241000e-02
  6.100000e+06  1.852080e-10  1.000000e+00
  6.300000e+06  1.095270e-10  1.000000e+00
  6.500000e+06  3.013250e-11  1.000000e+00
  6.700000e+06  0.000000e+00  1.000000e+00
  9.500000e+06            37             0             2
  0.000000e+00  0.000000e+00  0.000000e+00
  1.000000e+05  2.953920e-08  1.458000e-03
  3.000000e+05  1.016600e-07  1.555000e-03
  5.000000e+05  1.988250e-07  1.658000e-03
  7.000000e+05  2.461600e-07  1.768000e-03
  9.000000e+05  2.692280e-07  1.890000e-03
  1.100000e+06  2.830090e-07  2.037000e-03
  1.300000e+06  2.893000e-07  2.197000e-03
  1.500000e+06  2.896000e-07  2.371000e-03
  1.700000e+06  2.852060e-07  2.560000e-03
  1.900000e+06  2.770170e-07  2.768000e-03
  2.100000e+06  2.660330e-07  2.994000e-03
  2.300000e+06  2.529510e-07  3.242000e-03
  2.500000e+06  2.383710e-07  3.514000e-03
  2.700000e+06  2.227920e-07  3.812000e-03
  2.900000e+06  2.066150e-07  4.139000e-03
  3.100000e+06  1.903370e-07  4.496000e-03
  3.300000e+06  1.742590e-07  4.886000e-03
  3.500000e+06  1.585810e-07  5.308000e-03
  3.700000e+06  1.437020e-07  5.759000e-03
  3.900000e+06  1.296210e-07  6.235000e-03
  4.100000e+06  1.166390e-07  6.727000e-03
  4.300000e+06  1.047550e-07  7.222000e-03
  4.500000e+06  9.399020e-08  7.707000e-03
  4.700000e+06  8.419370e-08  8.169000e-03
  4.900000e+06  7.523610e-08  8.601000e-03
  5.100000e+06  6.684770e-08  9.011000e-03
  5.300000e+06  5.866900e-08  9.438000e-03
  5.500000e+06  5.024060e-08  9.977000e-03
  5.700000e+06  4.124300e-08  1.079000e-02
  5.900000e+06  3.157640e-08  1.220000e-02
  6.100000e+06  2.112080e-08  1.523000e-02
  6.300000e+06  9.738550e-09  2.614000e-02
  6.500000e+06  1.841460e-10  1.000000e+00
  6.700000e+06  1.101480e-10  1.000000e+00
  6.900000e+06  3.292450e-11  1.000000e+00
  7.100000e+06  0.000000e+00  1.000000e+00
  1.000000e+07            39             0             2
  0.000000e+00  0.000000e+00  0.000000e+00
  1.000000e+05  2.784080e-08  1.564000e-03
  3.000000e+05  9.609470e-08  1.664000e-03
  5.000000e+05  1.885350e-07  1.771000e-03
  7.000000e+05  2.340700e-07  1.889000e-03
  9.000000e+05  2.569380e-07  2.015000e-03
  1.100000e+06  2.709180e-07  2.149000e-03
  1.300000e+06  2.779090e-07  2.296000e-03
  1.500000e+06  2.792070e-07  2.475000e-03
  1.700000e+06  2.761110e-07  2.669000e-03
  1.900000e+06  2.693210e-07  2.880000e-03
  2.100000e+06  2.599340e-07  3.111000e-03
  2.300000e+06  2.483500e-07  3.362000e-03
  2.500000e+06  2.352690e-07  3.637000e-03
  2.700000e+06  2.211890e-07  3.938000e-03
  2.900000e+06  2.064090e-07  4.268000e-03
  3.100000e+06  1.913310e-07  4.630000e-03
  3.300000e+06  1.762520e-07  5.026000e-03
  3.500000e+06  1.613730e-07  5.459000e-03
  3.700000e+06  1.468930e-07  5.931000e-03
  3.900000e+06  1.331130e-07  6.441000e-03
  4.100000e+06  1.200310e-07  6.987000e-03
  4.300000e+06  1.079480e-07  7.562000e-03
  4.500000e+06  9.682370e-08  8.155000e-03
  4.700000e+06  8.670790e-08  8.754000e-03
  4.900000e+06  7.757080e-08  9.339000e-03
  5.100000e+06  6.932240e-08  9.898000e-03
  5.300000e+06  6.181300e-08  1.042000e-02
  5.500000e+06  5.481280e-08  1.092000e-02
  5.700000e+06  4.803240e-08  1.143000e-02
  5.900000e+06  4.110210e-08  1.208000e-02
  6.100000e+06  3.375250e-08  1.304000e-02
  6.300000e+06  2.590350e-08  1.470000e-02
  6.500000e+06  1.745540e-08  1.823000e-02
  6.700000e+06  8.299310e-09  3.039000e-02
  6.900000e+06  1.830420e-10  1.000000e+00
  7.100000e+06  1.108440e-10  1.000000e+00
  7.300000e+06  3.557990e-11  1.000000e+00
  7.500000e+06  0.000000e+00  1.000000e+00
  1.050000e+07            41             0             2
  0.000000e+00  0.000000e+00  0.000000e+00
  1.000000e+05  2.634510e-08  1.670000e-03
  3.000000e+05  9.118910e-08  1.777000e-03
  5.000000e+05  1.793620e-07  1.891000e-03
  7.000000e+05  2.233040e-07  2.013000e-03
  9.000000e+05  2.457740e-07  2.143000e-03
  1.100000e+06  2.599550e-07  2.286000e-03
  1.300000e+06  2.675450e-07  2.439000e-03
  1.500000e+06  2.697420e-07  2.602000e-03
  1.700000e+06  2.675450e-07  2.780000e-03
  1.900000e+06  2.620530e-07  2.996000e-03
  2.100000e+06  2.538640e-07  3.231000e-03
  2.300000e+06  2.435770e-07  3.487000e-03
  2.500000e+06  2.318930e-07  3.766000e-03
  2.700000e+06  2.191100e-07  4.070000e-03
  2.900000e+06  2.055280e-07  4.403000e-03
  3.100000e+06  1.916460e-07  4.767000e-03
  3.300000e+06  1.775650e-07  5.165000e-03
  3.500000e+06  1.634830e-07  5.602000e-03
  3.700000e+06  1.498010e-07  6.081000e-03
  3.900000e+06  1.365190e-07  6.603000e-03
  4.100000e+06  1.237360e-07  7.172000e-03
  4.300000e+06  1.117520e-07  7.787000e-03
  4.500000e+06  1.004670e-07  8.444000e-03
  4.700000e+06  9.006060e-08  9.135000e-03
  4.900000e+06  8.057320e-08  9.849000e-03
  5.100000e+06  7.198460e-08  1.057000e-02
  5.300000e+06  6.426480e-08  1.127000e-02
  5.500000e+06  5.731400e-08  1.195000e-02
  5.700000e+06  5.101240e-08  1.257000e-02
  5.900000e+06  4.517010e-08  1.317000e-02
  6.100000e+06  3.953760e-08  1.379000e-02
  6.300000e+06  3.381520e-08  1.456000e-02
  6.500000e+06  2.779320e-08  1.571000e-02
  6.700000e+06  2.137170e-08  1.766000e-02
  6.900000e+06  1.450080e-08  2.174000e-02
  7.100000e+06  7.099590e-09  3.527000e-02
  7.300000e+06  1.824580e-10  1.000000e+00
  7.500000e+06  1.117520e-10  1.000000e+00
  7.700000e+06  3.817940e-11  1.000000e+00
  7.900000e+06  0.000000e+00  1.000000e+00
  1.100000e+07            43             0             2
  0.000000e+00  0.000000e+00  0.000000e+00
  1.000000e+05  2.500830e-08  1.783000e-03
  3.000000e+05  8.676000e-08  1.897000e-03
  5.000000e+05  1.710830e-07  2.018000e-03
  7.000000e+05  2.136290e-07  2.148000e-03
  9.000000e+05  2.357010e-07  2.286000e-03
  1.100000e+06  2.500830e-07  2.434000e-03
  1.300000e+06  2.580730e-07  2.592000e-03
  1.500000e+06  2.608690e-07  2.765000e-03
  1.700000e+06  2.596710e-07  2.950000e-03
  1.900000e+06  2.551760e-07  3.148000e-03
  2.100000e+06  2.479860e-07  3.362000e-03
  2.300000e+06  2.388970e-07  3.623000e-03
  2.500000e+06  2.283100e-07  3.908000e-03
  2.700000e+06  2.166250e-07  4.217000e-03
  2.900000e+06  2.041410e-07  4.554000e-03
  3.100000e+06  1.912570e-07  4.922000e-03
  3.300000e+06  1.781740e-07  5.324000e-03
  3.500000e+06  1.650910e-07  5.764000e-03
  3.700000e+06  1.521070e-07  6.245000e-03
  3.900000e+06  1.394230e-07  6.772000e-03
  4.100000e+06  1.271390e-07  7.349000e-03
  4.300000e+06  1.154540e-07  7.979000e-03
  4.500000e+06  1.042680e-07  8.664000e-03
  4.700000e+06  9.388100e-08  9.403000e-03
  4.900000e+06  8.420320e-08  1.019000e-02
  5.100000e+06  7.532450e-08  1.102000e-02
  5.300000e+06  6.724470e-08  1.188000e-02
  5.500000e+06  5.996400e-08  1.274000e-02
  5.700000e+06  5.344220e-08  1.359000e-02
  5.900000e+06  4.758970e-08  1.440000e-02
  6.100000e+06  4.229640e-08  1.516000e-02
  6.300000e+06  3.740260e-08  1.588000e-02
  6.500000e+06  3.270850e-08  1.662000e-02
  6.700000e+06  2.797450e-08  1.753000e-02
  6.900000e+06  2.300080e-08  1.889000e-02
  7.100000e+06  1.773750e-08  2.118000e-02
  7.300000e+06  1.212460e-08  2.591000e-02
  7.500000e+06  6.095270e-09  4.097000e-02
  7.700000e+06  1.827680e-10  1.000000e+00
  7.900000e+06  1.130570e-10  1.000000e+00
  8.100000e+06  4.083820e-11  1.000000e+00
  8.300000e+06  0.000000e+00  1.000000e+00
  1.150000e+07            45             0             2
  0.000000e+00  0.000000e+00  0.000000e+00
  1.000000e+05  2.380210e-08  1.895000e-03
  3.000000e+05  8.277290e-08  2.016000e-03
  5.000000e+05  1.636080e-07  2.144000e-03
  7.000000e+05  2.047600e-07  2.282000e-03
  9.000000e+05  2.265340e-07  2.428000e-03
  1.100000e+06  2.409170e-07  2.585000e-03
  1.300000e+06  2.493080e-07  2.752000e-03
  1.500000e+06  2.528040e-07  2.931000e-03
  1.700000e+06  2.523040e-07  3.121000e-03
  1.900000e+06  2.486080e-07  3.330000e-03
  2.100000e+06  2.424160e-07  3.553000e-03
  2.300000e+06  2.343250e-07  3.792000e-03
  2.500000e+06  2.246370e-07  4.048000e-03
  2.700000e+06  2.139490e-07  4.363000e-03
  2.900000e+06  2.024630e-07  4.705000e-03
  3.100000e+06  1.904770e-07  5.077000e-03
  3.300000e+06  1.782910e-07  5.483000e-03
  3.500000e+06  1.660050e-07  5.926000e-03
  3.700000e+06  1.537200e-07  6.409000e-03
  3.900000e+06  1.417340e-07  6.937000e-03
  4.100000e+06  1.300480e-07  7.516000e-03
  4.300000e+06  1.187610e-07  8.148000e-03
  4.500000e+06  1.078740e-07  8.841000e-03
  4.700000e+06  9.766550e-08  9.596000e-03
  4.900000e+06  8.802680e-08  1.042000e-02
  5.100000e+06  7.903730e-08  1.130000e-02
  5.300000e+06  7.074710e-08  1.224000e-02
  5.500000e+06  6.316590e-08  1.324000e-02
  5.700000e+06  5.629400e-08  1.426000e-02
  5.900000e+06  5.013120e-08  1.529000e-02
  6.100000e+06  4.460770e-08  1.631000e-02
  6.300000e+06  3.967350e-08  1.727000e-02
  6.500000e+06  3.521870e-08  1.818000e-02
  6.700000e+06  3.111350e-08  1.904000e-02
  6.900000e+06  2.718810e-08  1.992000e-02
  7.100000e+06  2.325270e-08  2.101000e-02
  7.300000e+06  1.913760e-08  2.260000e-02
  7.500000e+06  1.479270e-08  2.528000e-02
  7.700000e+06  1.018810e-08  3.072000e-02
  7.900000e+06  5.252840e-09  4.744000e-02
  8.100000e+06  1.830850e-10  1.000000e+00
  8.300000e+06  1.144660e-10  1.000000e+00
  8.500000e+06  4.343910e-11  1.000000e+00
  8.700000e+06  0.000000e+00  1.000000e+00
  1.200000e+07            47             0             2
  0.000000e+00  0.000000e+00  0.000000e+00
  1.000000e+05  2.271360e-08  2.004000e-03
  3.000000e+05  7.914790e-08  2.130000e-03
  5.000000e+05  1.568180e-07  2.265000e-03
  7.000000e+05  1.966710e-07  2.410000e-03
  9.000000e+05  2.181460e-07  2.564000e-03
  1.100000e+06  2.325290e-07  2.729000e-03
  1.300000e+06  2.412190e-07  2.905000e-03
  1.500000e+06  2.452150e-07  3.093000e-03
  1.700000e+06  2.454140e-07  3.294000e-03
  1.900000e+06  2.425180e-07  3.508000e-03
  2.100000e+06  2.371240e-07  3.736000e-03
  2.300000e+06  2.298330e-07  3.986000e-03
  2.500000e+06  2.211430e-07  4.254000e-03
  2.700000e+06  2.112540e-07  4.540000e-03
  2.900000e+06  2.005670e-07  4.845000e-03
  3.100000e+06  1.893800e-07  5.221000e-03
  3.300000e+06  1.779930e-07  5.631000e-03
  3.500000e+06  1.664060e-07  6.076000e-03
  3.700000e+06  1.548200e-07  6.561000e-03
  3.900000e+06  1.434330e-07  7.090000e-03
  4.100000e+06  1.322460e-07  7.667000e-03
  4.300000e+06  1.214590e-07  8.298000e-03
  4.500000e+06  1.110710e-07  8.988000e-03
  4.700000e+06  1.010820e-07  9.743000e-03
  4.900000e+06  9.163340e-08  1.057000e-02
  5.100000e+06  8.272380e-08  1.147000e-02
  5.300000e+06  7.439340e-08  1.244000e-02
  5.500000e+06  6.667240e-08  1.350000e-02
  5.700000e+06  5.958070e-08  1.462000e-02
  5.900000e+06  5.311820e-08  1.580000e-02
  6.100000e+06  4.727500e-08  1.701000e-02
  6.300000e+06  4.205110e-08  1.823000e-02
  6.500000e+06  3.737650e-08  1.944000e-02
  6.700000e+06  3.320140e-08  2.058000e-02
  6.900000e+06  2.944570e-08  2.166000e-02
  7.100000e+06  2.598980e-08  2.268000e-02
  7.300000e+06  2.270360e-08  2.373000e-02
  7.500000e+06  1.941740e-08  2.501000e-02
  7.700000e+06  1.600140e-08  2.687000e-02
  7.900000e+06  1.240560e-08  2.997000e-02
  8.100000e+06  8.599990e-09  3.619000e-02
  8.300000e+06  4.541720e-09  5.467000e-02
  8.500000e+06  1.830870e-10  1.000000e+00
  8.700000e+06  1.156650e-10  1.000000e+00
  8.900000e+06  4.587660e-11  1.000000e+00
  9.100000e+06  0.000000e+00  1.000000e+00
  1.250000e+07            49             0             2
  0.000000e+00  0.000000e+00  0.000000e+00
  1.000000e+05  2.172600e-08  2.106000e-03
  3.000000e+05  7.584610e-08  2.238000e-03
  5.000000e+05  1.505340e-07  2.378000e-03
  7.000000e+05  1.892910e-07  2.529000e-03
  9.000000e+05  2.103670e-07  2.689000e-03
  1.100000e+06  2.247510e-07  2.861000e-03
  1.300000e+06  2.337420e-07  3.045000e-03
  1.500000e+06  2.381370e-07  3.242000e-03
  1.700000e+06  2.389360e-07  3.451000e-03
  1.900000e+06  2.367380e-07  3.675000e-03
  2.100000e+06  2.321430e-07  3.914000e-03
  2.300000e+06  2.255510e-07  4.169000e-03
  2.500000e+06  2.176590e-07  4.441000e-03
  2.700000e+06  2.084700e-07  4.739000e-03
  2.900000e+06  1.985800e-07  5.057000e-03
  3.100000e+06  1.881920e-07  5.398000e-03
  3.300000e+06  1.774040e-07  5.760000e-03
  3.500000e+06  1.664160e-07  6.205000e-03
  3.700000e+06  1.555280e-07  6.691000e-03
  3.900000e+06  1.446400e-07  7.220000e-03
  4.100000e+06  1.340520e-07  7.795000e-03
  4.300000e+06  1.236630e-07  8.423000e-03
  4.500000e+06  1.136740e-07  9.107000e-03
  4.700000e+06  1.039850e-07  9.855000e-03
  4.900000e+06  9.483510e-08  1.067000e-02
  5.100000e+06  8.611480e-08  1.157000e-02
  5.300000e+06  7.788390e-08  1.254000e-02
  5.500000e+06  7.017240e-08  1.360000e-02
  5.700000e+06  6.300030e-08  1.476000e-02
  5.900000e+06  5.637770e-08  1.600000e-02
  6.100000e+06  5.031440e-08  1.732000e-02
  6.300000e+06  4.480050e-08  1.871000e-02
  6.500000e+06  3.983600e-08  2.014000e-02
  6.700000e+06  3.539090e-08  2.158000e-02
  6.900000e+06  3.143520e-08  2.299000e-02
  7.100000e+06  2.789920e-08  2.434000e-02
  7.300000e+06  2.472270e-08  2.561000e-02
  7.500000e+06  2.181590e-08  2.682000e-02
  7.700000e+06  1.904890e-08  2.805000e-02
  7.900000e+06  1.629200e-08  2.954000e-02
  8.100000e+06  1.343510e-08  3.170000e-02
  8.300000e+06  1.044840e-08  3.526000e-02
  8.500000e+06  7.294930e-09  4.232000e-02
  8.700000e+06  3.940640e-09  6.262000e-02
  8.900000e+06  1.826980e-10  1.000000e+00
  9.100000e+06  1.164710e-10  1.000000e+00
  9.300000e+06  4.809680e-11  1.000000e+00
  9.500000e+06  0.000000e+00  1.000000e+00
  1.300000e+07            51             0             2
  0.000000e+00  0.000000e+00  0.000000e+00
  1.000000e+05  2.081900e-08  2.200000e-03
  3.000000e+05  7.282650e-08  2.336000e-03
  5.000000e+05  1.448540e-07  2.481000e-03
  7.000000e+05  1.824160e-07  2.637000e-03
  9.000000e+05  2.031950e-07  2.803000e-03
  1.100000e+06  2.175800e-07  2.981000e-03
  1.300000e+06  2.267710e-07  3.172000e-03
  1.500000e+06  2.315660e-07  3.375000e-03
  1.700000e+06  2.328650e-07  3.592000e-03
  1.900000e+06  2.312670e-07  3.825000e-03
  2.100000e+06  2.272710e-07  4.073000e-03
  2.300000e+06  2.214760e-07  4.338000e-03
  2.500000e+06  2.141840e-07  4.621000e-03
  2.700000e+06  2.057920e-07  4.922000e-03
  2.900000e+06  1.966020e-07  5.243000e-03
  3.100000e+06  1.868110e-07  5.594000e-03
  3.300000e+06  1.766220e-07  5.971000e-03
  3.500000e+06  1.662320e-07  6.373000e-03
  3.700000e+06  1.558430e-07  6.801000e-03
  3.900000e+06  1.455530e-07  7.323000e-03
  4.100000e+06  1.353630e-07  7.896000e-03
  4.300000e+06  1.253730e-07  8.519000e-03
  4.500000e+06  1.157830e-07  9.197000e-03
  4.700000e+06  1.064920e-07  9.935000e-03
  4.900000e+06  9.758150e-08  1.074000e-02
  5.100000e+06  8.909010e-08  1.162000e-02
  5.300000e+06  8.103820e-08  1.258000e-02
  5.500000e+06  7.343590e-08  1.363000e-02
  5.700000e+06  6.630310e-08  1.478000e-02
  5.900000e+06  5.963980e-08  1.602000e-02
  6.100000e+06  5.347600e-08  1.737000e-02
  6.300000e+06  4.779180e-08  1.883000e-02
  6.500000e+06  4.259700e-08  2.037000e-02
  6.700000e+06  3.790170e-08  2.200000e-02
  6.900000e+06  3.366600e-08  2.367000e-02
  7.100000e+06  2.988980e-08  2.535000e-02
  7.300000e+06  2.653320e-08  2.700000e-02
  7.500000e+06  2.353620e-08  2.858000e-02
  7.700000e+06  2.083900e-08  3.007000e-02
  7.900000e+06  1.838140e-08  3.148000e-02
  8.100000e+06  1.604380e-08  3.291000e-02
  8.300000e+06  1.372610e-08  3.463000e-02
  8.500000e+06  1.133860e-08  3.711000e-02
  8.700000e+06  8.844070e-09  4.117000e-02
  8.900000e+06  6.215720e-09  4.912000e-02
  9.100000e+06  3.430540e-09  7.127000e-02
  9.300000e+06  1.816170e-10  1.000000e+00
  9.500000e+06  1.168820e-10  1.000000e+00
  9.700000e+06  5.008940e-11  1.000000e+00
  9.900000e+06  0.000000e+00  1.000000e+00
  1.350000e+07            53             0             2
  0.000000e+00  0.000000e+00  0.000000e+00
  1.000000e+05  1.999010e-08  2.285000e-03
  3.000000e+05  7.004050e-08  2.425000e-03
  5.000000e+05  1.395610e-07  2.575000e-03
  7.000000e+05  1.761250e-07  2.735000e-03
  9.000000e+05  1.965050e-07  2.906000e-03
  1.100000e+06  2.108910e-07  3.089000e-03
  1.300000e+06  2.201810e-07  3.285000e-03
  1.500000e+06  2.253760e-07  3.494000e-03
  1.700000e+06  2.270750e-07  3.718000e-03
  1.900000e+06  2.260760e-07  3.957000e-03
  2.100000e+06  2.226790e-07  4.212000e-03
  2.300000e+06  2.174840e-07  4.485000e-03
  2.500000e+06  2.108910e-07  4.777000e-03
  2.700000e+06  2.030980e-07  5.088000e-03
  2.900000e+06  1.945070e-07  5.420000e-03
  3.100000e+06  1.853160e-07  5.774000e-03
  3.300000e+06  1.757260e-07  6.151000e-03
  3.500000e+06  1.659350e-07  6.563000e-03
  3.700000e+06  1.560450e-07  7.006000e-03
  3.900000e+06  1.461550e-07  7.477000e-03
  4.100000e+06  1.363650e-07  7.980000e-03
  4.300000e+06  1.267740e-07  8.588000e-03
  4.500000e+06  1.174830e-07  9.259000e-03
  4.700000e+06  1.084920e-07  9.987000e-03
  4.900000e+06  9.990080e-08  1.078000e-02
  5.100000e+06  9.165900e-08  1.164000e-02
  5.300000e+06  8.379680e-08  1.259000e-02
  5.500000e+06  7.634420e-08  1.361000e-02
  5.700000e+06  6.931120e-08  1.474000e-02
  5.900000e+06  6.270770e-08  1.596000e-02
  6.100000e+06  5.653390e-08  1.730000e-02
  6.300000e+06  5.078960e-08  1.875000e-02
  6.500000e+06  4.548480e-08  2.032000e-02
  6.700000e+06  4.060970e-08  2.201000e-02
  6.900000e+06  3.616410e-08  2.380000e-02
  7.100000e+06  3.215810e-08  2.569000e-02
  7.300000e+06  2.855160e-08  2.763000e-02
  7.500000e+06  2.533480e-08  2.958000e-02
  7.700000e+06  2.246770e-08  3.149000e-02
  7.900000e+06  1.992020e-08  3.332000e-02
  8.100000e+06  1.763250e-08  3.505000e-02
  8.300000e+06  1.554460e-08  3.668000e-02
  8.500000e+06  1.356650e-08  3.835000e-02
  8.700000e+06  1.161850e-08  4.032000e-02
  8.900000e+06  9.609460e-09  4.315000e-02
  9.100000e+06  7.515540e-09  4.775000e-02
  9.300000e+06  5.318720e-09  5.663000e-02
  9.500000e+06  2.995030e-09  8.066000e-02
  9.700000e+06  5.241790e-10  3.437000e-01
  9.900000e+06  1.168840e-10  1.000000e+00
  1.010000e+07  5.182850e-11  1.000000e+00
  1.030000e+07  0.000000e+00  1.000000e+00
  1.400000e+07            55             0             2
  0.000000e+00  0.000000e+00  0.000000e+00
  1.000000e+05  1.922150e-08  2.324000e-03
  3.000000e+05  6.748520e-08  2.505000e-03
  5.000000e+05  1.346710e-07  2.659000e-03
  7.000000e+05  1.702370e-07  2.823000e-03
  9.000000e+05  1.903170e-07  2.998000e-03
  1.100000e+06  2.046040e-07  3.185000e-03
  1.300000e+06  2.139950e-07  3.385000e-03
  1.500000e+06  2.194890e-07  3.599000e-03
  1.700000e+06  2.216870e-07  3.828000e-03
  1.900000e+06  2.210880e-07  4.073000e-03
  2.100000e+06  2.182900e-07  4.334000e-03
  2.300000e+06  2.136950e-07  4.614000e-03
  2.500000e+06  2.076010e-07  4.912000e-03
  2.700000e+06  2.005070e-07  5.231000e-03
  2.900000e+06  1.924150e-07  5.572000e-03
  3.100000e+06  1.838230e-07  5.935000e-03
  3.300000e+06  1.747320e-07  6.323000e-03
  3.500000e+06  1.654410e-07  6.737000e-03
  3.700000e+06  1.559500e-07  7.177000e-03
  3.900000e+06  1.465590e-07  7.657000e-03
  4.100000e+06  1.371680e-07  8.173000e-03
  4.300000e+06  1.279770e-07  8.723000e-03
  4.500000e+06  1.189860e-07  9.309000e-03
  4.700000e+06  1.102940e-07  1.001000e-02
  4.900000e+06  1.019020e-07  1.079000e-02
  5.100000e+06  9.387990e-08  1.164000e-02
  5.300000e+06  8.620720e-08  1.256000e-02
  5.500000e+06  7.891420e-08  1.357000e-02
  5.700000e+06  7.201090e-08  1.466000e-02
  5.900000e+06  6.549710e-08  1.586000e-02
  6.100000e+06  5.937300e-08  1.716000e-02
  6.300000e+06  5.363850e-08  1.858000e-02
  6.500000e+06  4.829360e-08  2.012000e-02
  6.700000e+06  4.334840e-08  2.180000e-02
  6.900000e+06  3.878280e-08  2.362000e-02
  7.100000e+06  3.459680e-08  2.557000e-02
  7.300000e+06  3.080040e-08  2.764000e-02
  7.500000e+06  2.736370e-08  2.981000e-02
  7.700000e+06  2.428670e-08  3.205000e-02
  7.900000e+06  2.153930e-08  3.429000e-02
  8.100000e+06  1.910170e-08  3.650000e-02
  8.300000e+06  1.693370e-08  3.861000e-02
  8.500000e+06  1.498560e-08  4.059000e-02
  8.700000e+06  1.319730e-08  4.248000e-02
  8.900000e+06  1.152890e-08  4.439000e-02
  9.100000e+06  9.872520e-09  4.664000e-02
  9.300000e+06  8.178150e-09  4.984000e-02
  9.500000e+06  6.415840e-09  5.501000e-02
  9.700000e+06  4.569610e-09  6.487000e-02
  9.900000e+06  2.624480e-09  9.080000e-02
  1.010000e+07  5.592630e-10  3.189000e-01
  1.030000e+07  1.166880e-10  1.000000e+00
  1.050000e+07  5.335880e-11  1.000000e+00
  1.070000e+07  0.000000e+00  1.000000e+00
  1.450000e+07            57             0             2
  0.000000e+00  0.000000e+00  0.000000e+00
  1.000000e+05  1.851230e-08  2.320000e-03
  3.000000e+05  6.509780e-08  2.497000e-03
  5.000000e+05  1.301760e-07  2.689000e-03
  7.000000e+05  1.648430e-07  2.900000e-03
  9.000000e+05  1.845240e-07  3.081000e-03
  1.100000e+06  1.987100e-07  3.272000e-03
  1.300000e+06  2.083010e-07  3.475000e-03
  1.500000e+06  2.139960e-07  3.693000e-03
  1.700000e+06  2.164930e-07  3.926000e-03
  1.900000e+06  2.163930e-07  4.175000e-03
  2.100000e+06  2.139960e-07  4.441000e-03
  2.300000e+06  2.099990e-07  4.725000e-03
  2.500000e+06  2.045050e-07  5.029000e-03
  2.700000e+06  1.978110e-07  5.354000e-03
  2.900000e+06  1.904180e-07  5.701000e-03
  3.100000e+06  1.822260e-07  6.072000e-03
  3.300000e+06  1.737340e-07  6.468000e-03
  3.500000e+06  1.648430e-07  6.890000e-03
  3.700000e+06  1.558510e-07  7.341000e-03
  3.900000e+06  1.467600e-07  7.821000e-03
  4.100000e+06  1.377680e-07  8.332000e-03
  4.300000e+06  1.288770e-07  8.889000e-03
  4.500000e+06  1.201850e-07  9.487000e-03
  4.700000e+06  1.117930e-07  1.013000e-02
  4.900000e+06  1.036010e-07  1.081000e-02
  5.100000e+06  9.580850e-08  1.162000e-02
  5.300000e+06  8.831570e-08  1.252000e-02
  5.500000e+06  8.118250e-08  1.350000e-02
  5.700000e+06  7.440890e-08  1.457000e-02
  5.900000e+06  6.799510e-08  1.573000e-02
  6.100000e+06  6.194090e-08  1.699000e-02
  6.300000e+06  5.625630e-08  1.837000e-02
  6.500000e+06  5.093140e-08  1.987000e-02
  6.700000e+06  4.596610e-08  2.151000e-02
  6.900000e+06  4.135050e-08  2.329000e-02
  7.100000e+06  3.707460e-08  2.522000e-02
  7.300000e+06  3.314830e-08  2.731000e-02
  7.500000e+06  2.956180e-08  2.955000e-02
  7.700000e+06  2.630490e-08  3.192000e-02
  7.900000e+06  2.335770e-08  3.441000e-02
  8.100000e+06  2.073020e-08  3.697000e-02
  8.300000e+06  1.838240e-08  3.954000e-02
  8.500000e+06  1.629440e-08  4.206000e-02
  8.700000e+06  1.443620e-08  4.448000e-02
  8.900000e+06  1.277780e-08  4.675000e-02
  9.100000e+06  1.125920e-08  4.891000e-02
  9.300000e+06  9.826620e-09  5.109000e-02
  9.500000e+06  8.423960e-09  5.364000e-02
  9.700000e+06  6.988330e-09  5.724000e-02
  9.900000e+06  5.498750e-09  6.302000e-02
  1.010000e+07  3.943230e-09  7.390000e-02
  1.030000e+07  2.305800e-09  1.017000e-01
  1.050000e+07  5.734520e-10  3.073000e-01
  1.070000e+07  1.161890e-10  1.000000e+00
  1.090000e+07  5.469780e-11  1.000000e+00
  1.110000e+07  0.000000e+00  1.000000e+00
  1.500000e+07            59             0             2
  0.000000e+00  0.000000e+00  0.000000e+00
  1.000000e+05  1.785410e-08  2.313000e-03
  3.000000e+05  6.289380e-08  2.485000e-03
  5.000000e+05  1.258880e-07  2.673000e-03
  7.000000e+05  1.597570e-07  2.877000e-03
  9.000000e+05  1.791400e-07  3.100000e-03
  1.100000e+06  1.932270e-07  3.343000e-03
  1.300000e+06  2.028190e-07  3.556000e-03
  1.500000e+06  2.088140e-07  3.777000e-03
  1.700000e+06  2.116110e-07  4.013000e-03
  1.900000e+06  2.118110e-07  4.265000e-03
  2.100000e+06  2.100120e-07  4.534000e-03
  2.300000e+06  2.064160e-07  4.822000e-03
  2.500000e+06  2.014200e-07  5.130000e-03
  2.700000e+06  1.953260e-07  5.459000e-03
  2.900000e+06  1.883320e-07  5.811000e-03
  3.100000e+06  1.806390e-07  6.187000e-03
  3.300000e+06  1.725460e-07  6.589000e-03
  3.500000e+06  1.641530e-07  7.018000e-03
  3.700000e+06  1.555610e-07  7.476000e-03
  3.900000e+06  1.468690e-07  7.964000e-03
  4.100000e+06  1.381770e-07  8.485000e-03
  4.300000e+06  1.296840e-07  9.041000e-03
  4.500000e+06  1.212920e-07  9.632000e-03
  4.700000e+06  1.130990e-07  1.027000e-02
  4.900000e+06  1.051060e-07  1.097000e-02
  5.100000e+06  9.752290e-08  1.170000e-02
  5.300000e+06  9.018940e-08  1.249000e-02
  5.500000e+06  8.319570e-08  1.342000e-02
  5.700000e+06  7.654160e-08  1.446000e-02
  5.900000e+06  7.023730e-08  1.559000e-02
  6.100000e+06  6.426260e-08  1.682000e-02
  6.300000e+06  5.863760e-08  1.815000e-02
  6.500000e+06  5.335230e-08  1.960000e-02
  6.700000e+06  4.839680e-08  2.118000e-02
  6.900000e+06  4.377090e-08  2.291000e-02
  7.100000e+06  3.946480e-08  2.478000e-02
  7.300000e+06  3.547830e-08  2.682000e-02
  7.500000e+06  3.179160e-08  2.903000e-02
  7.700000e+06  2.841460e-08  3.142000e-02
  7.900000e+06  2.532740e-08  3.398000e-02
  8.100000e+06  2.252990e-08  3.669000e-02
  8.300000e+06  2.000210e-08  3.952000e-02
  8.500000e+06  1.774420e-08  4.243000e-02
  8.700000e+06  1.573590e-08  4.536000e-02
  8.900000e+06  1.394750e-08  4.823000e-02
  9.100000e+06  1.235900e-08  5.098000e-02
  9.300000e+06  1.093020e-08  5.356000e-02
  9.500000e+06  9.633400e-09  5.602000e-02
  9.700000e+06  8.412490e-09  5.849000e-02
  9.900000e+06  7.216550e-09  6.137000e-02
  1.010000e+07  5.996640e-09  6.540000e-02
  1.030000e+07  4.732770e-09  7.180000e-02
  1.050000e+07  3.415950e-09  8.374000e-02
  1.070000e+07  2.033180e-09  1.135000e-01
  1.090000e+07  5.731880e-10  3.034000e-01
  1.110000e+07  1.155970e-10  1.000000e+00
  1.130000e+07  5.586010e-11  1.000000e+00
  1.150000e+07  0.000000e+00  1.000000e+00
