             0             3
            52
             0
           199
  2.820150e+06  0.000000e+00  2.894000e+06  1.791500e-03  2.932000e+06  2.221600e-03
  2.970000e+06  2.714400e-03  3.008000e+06  3.267000e-03  3.046000e+06  3.871500e-03
  3.084000e+06  4.515300e-03  3.122000e+06  5.180300e-03  3.160000e+06  5.844800e-03
  3.198000e+06  6.484900e-03  3.236000e+06  7.077200e-03  3.274000e+06  7.601300e-03
  3.312000e+06  8.042100e-03  3.350000e+06  8.390700e-03  3.388000e+06  8.644800e-03
  3.426000e+06  8.807100e-03  3.464000e+06  8.885100e-03  3.502000e+06  8.888100e-03
  3.540000e+06  8.826800e-03  3.578000e+06  8.712000e-03  3.616000e+06  8.553700e-03
  3.654000e+06  8.361400e-03  3.692000e+06  8.145600e-03  3.730000e+06  7.921200e-03
  3.768000e+06  7.715900e-03  3.806000e+06  7.591700e-03  3.844000e+06  7.701300e-03
  3.882000e+06  8.453300e-03  3.920000e+06  1.109500e-02  3.958000e+06  2.012700e-02
  3.996000e+06  3.534700e-02  4.034000e+06  3.611800e-02  4.072000e+06  4.255400e-02
  4.110000e+06  4.687700e-02  4.148000e+06  4.750700e-02  4.186000e+06  4.654900e-02
  4.224000e+06  4.537300e-02  4.262000e+06  4.444800e-02  4.300000e+06  4.386300e-02
  4.338000e+06  4.359900e-02  4.376000e+06  4.360500e-02  4.414000e+06  4.381900e-02
  4.452000e+06  4.415200e-02  4.490000e+06  4.449200e-02  4.528000e+06  4.476200e-02
  4.566000e+06  4.496700e-02  4.604000e+06  4.519400e-02  4.642000e+06  4.555000e-02
  4.680000e+06  4.612300e-02  4.718000e+06  4.697600e-02  4.756000e+06  4.815100e-02
  4.794000e+06  4.964600e-02  4.832000e+06  5.135700e-02  4.870000e+06  5.307500e-02
  4.908000e+06  5.455900e-02  4.946000e+06  5.564300e-02  4.984000e+06  5.625600e-02
  5.022000e+06  5.638400e-02  5.060000e+06  5.603600e-02  5.098000e+06  5.523900e-02
  5.136000e+06  5.404700e-02  5.174000e+06  5.254000e-02  5.212000e+06  5.081400e-02
  5.250000e+06  4.896200e-02  5.288000e+06  4.706300e-02  5.326000e+06  4.518000e-02
  5.364000e+06  4.336000e-02  5.402000e+06  4.163800e-02  5.440000e+06  4.004500e-02
  5.478000e+06  3.861600e-02  5.516000e+06  3.740700e-02  5.554000e+06  3.651700e-02
  5.592000e+06  3.610500e-02  5.630000e+06  3.635800e-02  5.668000e+06  3.727900e-02
  5.706000e+06  3.839100e-02  5.744000e+06  3.902100e-02  5.782000e+06  3.901400e-02
  5.820000e+06  3.866800e-02  5.858000e+06  3.826800e-02  5.896000e+06  3.792700e-02
  5.934000e+06  3.762900e-02  5.972000e+06  3.730500e-02  6.010000e+06  3.689800e-02
  6.048000e+06  3.639600e-02  6.086000e+06  3.582700e-02  6.124000e+06  3.523400e-02
  6.162000e+06  3.465300e-02  6.200000e+06  3.410800e-02  6.238000e+06  3.360700e-02
  6.276000e+06  3.315300e-02  6.314000e+06  3.274300e-02  6.352000e+06  3.237500e-02
  6.390000e+06  3.204300e-02  6.428000e+06  3.174400e-02  6.466000e+06  3.147600e-02
  6.504000e+06  3.123500e-02  6.542000e+06  3.102000e-02  6.580000e+06  3.083000e-02
  6.618000e+06  3.066200e-02  6.656000e+06  3.051600e-02  6.694000e+06  3.039200e-02
  6.732000e+06  3.028800e-02  6.770000e+06  3.020500e-02  6.808000e+06  3.014100e-02
  6.846000e+06  3.009600e-02  6.884000e+06  3.007000e-02  6.922000e+06  3.006100e-02
  6.960000e+06  3.007100e-02  6.998000e+06  3.009700e-02  7.036000e+06  3.014000e-02
  7.074000e+06  3.019800e-02  7.112000e+06  3.027200e-02  7.150000e+06  3.036000e-02
  7.188000e+06  3.046100e-02  7.226000e+06  3.057600e-02  7.264000e+06  3.070200e-02
  7.302000e+06  3.084000e-02  7.340000e+06  3.098800e-02  7.378000e+06  3.114500e-02
  7.416000e+06  3.131100e-02  7.454000e+06  3.148400e-02  7.492000e+06  3.166500e-02
  7.530000e+06  3.185200e-02  7.568000e+06  3.204500e-02  7.606000e+06  3.224300e-02
  7.644000e+06  3.244500e-02  7.682000e+06  3.265100e-02  7.720000e+06  3.286000e-02
  7.758000e+06  3.307200e-02  7.796000e+06  3.328600e-02  7.834000e+06  3.350200e-02
  7.872000e+06  3.372000e-02  7.910000e+06  3.393900e-02  7.948000e+06  3.415900e-02
  7.986000e+06  3.438000e-02  8.024000e+06  3.460200e-02  8.062000e+06  3.482400e-02
  8.100000e+06  3.504700e-02  8.138000e+06  3.527100e-02  8.176000e+06  3.549600e-02
  8.214000e+06  3.572100e-02  8.252000e+06  3.594700e-02  8.290000e+06  3.617500e-02
  8.328000e+06  3.640300e-02  8.366000e+06  3.663300e-02  8.404000e+06  3.686500e-02
  8.442000e+06  3.709700e-02  8.480000e+06  3.733200e-02  8.518000e+06  3.756700e-02
  8.556000e+06  3.780400e-02  8.594000e+06  3.804200e-02  8.632000e+06  3.828000e-02
  8.670000e+06  3.851800e-02  8.708000e+06  3.875500e-02  8.746000e+06  3.899100e-02
  8.784000e+06  3.922300e-02  8.822000e+06  3.945200e-02  8.860000e+06  3.967400e-02
  8.898000e+06  3.989000e-02  8.936000e+06  4.009600e-02  8.974000e+06  4.029100e-02
  9.012000e+06  4.047300e-02  9.050000e+06  4.064000e-02  9.088000e+06  4.078900e-02
  9.126000e+06  4.092000e-02  9.164000e+06  4.103000e-02  9.202000e+06  4.111800e-02
  9.240000e+06  4.118200e-02  9.278000e+06  4.122200e-02  9.316000e+06  4.123700e-02
  9.354000e+06  4.122700e-02  9.392000e+06  4.119200e-02  9.430000e+06  4.113300e-02
  9.468000e+06  4.105100e-02  9.506000e+06  4.094600e-02  9.544000e+06  4.082200e-02
  9.582000e+06  4.067800e-02  9.620000e+06  4.051700e-02  9.658000e+06  4.034200e-02
  9.696000e+06  4.015300e-02  9.734000e+06  3.995300e-02  9.772000e+06  3.974400e-02
  9.810000e+06  3.952700e-02  9.848000e+06  3.930400e-02  9.886000e+06  3.907600e-02
  9.924000e+06  3.884600e-02  9.962000e+06  3.861300e-02  1.000000e+07  3.837900e-02
  1.050000e+07  3.546400e-02  1.100000e+07  3.304300e-02  1.150000e+07  3.099200e-02
  1.200000e+07  2.919000e-02  1.250000e+07  2.758400e-02  1.300000e+07  2.614600e-02
  1.350000e+07  2.486000e-02  1.400000e+07  2.371000e-02  1.450000e+07  2.268000e-02
  1.500000e+07  2.175700e-02
            52
             6
  8.934760e+00             2             1
  1.000000e+00  1.000000e+00             0             2
  5.701170e+06 -1.952830e+06             2
             1
             2             2
  2.820150e+06  1.000000e+00  1.500000e+07  1.000000e+00
            37
             1
            37             2
  2.820150e+06             0             8
  0.000000e+00  0.000000e+00  0.000000e+00  0.000000e+00  0.000000e+00  0.000000e+00
  0.000000e+00  0.000000e+00
  3.000000e+06             0             8
 -1.184350e-03 -4.509300e-02 -1.108950e-03  4.046650e-04 -2.509250e-04  0.000000e+00
  0.000000e+00  0.000000e+00
  3.200000e+06             0             8
  1.128200e-02 -3.441000e-02 -3.281450e-04  1.404100e-05 -2.206750e-06  0.000000e+00
  0.000000e+00  0.000000e+00
  3.400000e+06             0             8
  1.484800e-02 -5.279500e-02  2.005950e-03  8.686000e-04 -4.753200e-03  0.000000e+00
  0.000000e+00  0.000000e+00
  3.600000e+06             0             8
  1.563300e-02 -5.323500e-02  8.393500e-03  2.843200e-03 -1.029300e-02  0.000000e+00
  0.000000e+00  0.000000e+00
  3.800000e+06             0             8
  1.481700e-02 -2.327900e-03  2.397800e-02  7.939500e-03 -1.200400e-02  0.000000e+00
  0.000000e+00  0.000000e+00
  4.000000e+06             0             8
  3.858150e-02 -2.844600e-02 -1.910000e-02  1.683000e-02 -4.973200e-03  0.000000e+00
  0.000000e+00  0.000000e+00
  4.200000e+06             0             8
  3.708650e-02 -1.991400e-02  5.363000e-03  1.130650e-02 -1.186900e-03  0.000000e+00
  0.000000e+00  0.000000e+00
  4.400000e+06             0             8
  2.761500e-02 -1.387300e-02 -8.123500e-04  1.327300e-02  2.086450e-03 -5.541000e-04
  0.000000e+00  0.000000e+00
  4.600000e+06             0             8
 -2.770350e-05  1.325700e-02 -2.948700e-02  1.528200e-02 -7.360500e-04  7.434000e-04
 -8.698500e-05  8.176500e-06
  4.800000e+06             0             8
  5.037000e-02  2.012300e-02 -4.608700e-02  2.327550e-02  4.527500e-03  2.884550e-03
 -2.040800e-04 -1.892900e-06
  5.000000e+06             0             8
  9.365000e-02  3.691600e-02 -2.458800e-02  3.794200e-02  1.698200e-02 -2.560500e-03
 -1.256250e-05  6.022000e-07
  5.200000e+06             0             8
  1.163000e-01  6.078000e-02 -2.738300e-02  5.756000e-03 -3.997850e-05 -2.256250e-03
  7.696500e-05 -1.551500e-05
  5.400000e+06             0             8
  1.046350e-01  6.859000e-02 -1.779450e-02 -8.769000e-03 -1.127500e-02 -8.470500e-03
 -6.270500e-05 -1.379200e-05
  5.800000e+06             0             8
  9.665000e-02  4.200900e-02 -1.683000e-02 -1.623500e-02 -2.014750e-02 -5.572500e-03
  0.000000e+00  0.000000e+00
  6.000000e+06             0             8
  1.212350e-01  3.558600e-02 -2.313850e-02 -2.624000e-02 -2.834650e-02 -1.080250e-02
  0.000000e+00  0.000000e+00
  6.200000e+06             0             8
  1.297100e-01  1.765300e-02 -3.513650e-02 -1.657800e-02 -2.530750e-02 -1.011100e-02
  1.379450e-04  2.936850e-04
  6.400000e+06             0             8
  1.514400e-01 -1.143300e-02 -4.195650e-02 -1.717950e-02 -1.289150e-02 -7.743000e-03
 -8.249000e-05 -7.378000e-06
  6.600000e+06             0             8
  1.507450e-01 -1.578400e-02 -3.634700e-02 -1.118450e-02 -7.001000e-03 -5.170000e-03
  1.651950e-04 -6.245500e-04
  6.800000e+06             0             8
  1.419350e-01 -1.445600e-02 -2.731550e-02 -4.197150e-03 -2.894250e-03 -3.020550e-03
  8.993500e-04 -1.247550e-03
  7.000000e+06             0             8
  1.319450e-01 -1.355800e-02 -1.795200e-02  1.483450e-03  1.076250e-03 -1.148400e-03
  1.948550e-03 -1.749550e-03
  7.500000e+06             0             8
  1.044050e-01 -1.995200e-03  7.058500e-03  1.475450e-02  9.468000e-03  2.821750e-03
  5.100000e-03 -2.629400e-03
  8.000000e+06             0             8
  8.426000e-02  3.363500e-02  4.037800e-02  3.503300e-02  2.021250e-02  7.622500e-03
  8.598000e-03 -3.111450e-03
  8.500000e+06             0             8
  8.448000e-02  3.719700e-02  5.448000e-02  4.481950e-02  1.960150e-02  8.412000e-03
  7.633000e-03 -3.392050e-03
  9.000000e+06             0             8
  7.559000e-02  3.913400e-02  5.842500e-02  5.522000e-02  1.869300e-02  9.224000e-03
  6.746500e-03 -3.394400e-03
  9.500000e+06             0             8
  7.868000e-02  3.735900e-02  3.944350e-02  5.659500e-02  1.802200e-02  9.846000e-03
  6.240500e-03 -3.344100e-03
  1.000000e+07             0             8
  9.937000e-02  3.848000e-02  1.549050e-02  5.069500e-02  1.820750e-02  1.086250e-02
  6.133500e-03 -3.328800e-03
  1.050000e+07             0             8
  1.178450e-01  4.113900e-02  3.017350e-03  4.603050e-02  1.823950e-02  1.189600e-02
  6.012500e-03 -3.158550e-03
  1.100000e+07             0             8
  1.285800e-01  4.297000e-02 -1.541550e-03  4.399200e-02  1.780050e-02  1.277000e-02
  5.760500e-03 -2.802050e-03
  1.150000e+07             0             8
  1.335850e-01  4.366900e-02 -2.858500e-03  4.347950e-02  1.700300e-02  1.350900e-02
  5.414500e-03 -2.317850e-03
  1.200000e+07             0             8
  1.348400e-01  4.353500e-02 -3.038350e-03  4.368350e-02  1.597350e-02  1.414350e-02
  5.013500e-03 -1.761200e-03
  1.250000e+07             0             8
  1.335700e-01  4.288900e-02 -2.877500e-03  4.418600e-02  1.480200e-02  1.468900e-02
  4.582650e-03 -1.170750e-03
  1.300000e+07             0             8
  1.305100e-01  4.197100e-02 -2.656450e-03  4.478150e-02  1.355450e-02  1.515400e-02
  4.140650e-03 -5.722000e-04
  1.350000e+07             0             8
  1.261700e-01  4.095000e-02 -2.458050e-03  4.536600e-02  1.228350e-02  1.554400e-02
  3.700350e-03  1.787550e-05
  1.400000e+07             0             8
  1.209200e-01  3.993900e-02 -2.292700e-03  4.588850e-02  1.102900e-02  1.586800e-02
  3.272100e-03  5.888000e-04
  1.450000e+07             0             8
  1.150500e-01  3.901000e-02 -2.145150e-03  4.632550e-02  9.823500e-03  1.613450e-02
  2.862650e-03  1.134250e-03
  1.500000e+07             0             8
  1.091800e-01  3.808100e-02 -1.997550e-03  4.676300e-02  8.618000e-03  1.640100e-02
  2.453250e-03  1.679700e-03
