             0             3
            50
             0
           421
  1.000000e-05  0.000000e+00  2.000000e+05  0.000000e+00  2.600000e+05  3.289100e-08
  2.800000e+05  3.305000e-08  3.000000e+05  5.000900e-08  3.200000e+05  9.077800e-08
  3.400000e+05  1.740200e-07  3.600000e+05  3.572100e-07  3.800000e+05  7.295600e-07
  4.000000e+05  1.573700e-06  4.200000e+05  3.487600e-06  4.400000e+05  7.974700e-06
  4.600000e+05  1.926800e-05  4.800000e+05  4.703800e-05  5.000000e+05  1.047500e-04
  5.200000e+05  1.648700e-04  5.400000e+05  1.721900e-04  5.600000e+05  1.512900e-04
  5.800000e+05  1.324600e-04  6.000000e+05  1.303400e-04  6.145000e+05  3.788000e-04
  6.171000e+05  6.503400e-04  6.200000e+05  5.472400e-04  6.400000e+05  1.427300e-04
  6.600000e+05  1.250400e-04  6.800000e+05  1.263600e-04  7.000000e+05  1.316200e-04
  7.200000e+05  1.390200e-04  7.400000e+05  1.489700e-04  7.600000e+05  1.610500e-04
  7.800000e+05  1.749200e-04  8.000000e+05  1.897700e-04  8.200000e+05  2.092600e-04
  8.400000e+05  2.305900e-04  8.600000e+05  2.534600e-04  8.800000e+05  2.815400e-04
  9.000000e+05  3.095300e-04  9.200000e+05  3.422400e-04  9.400000e+05  3.799500e-04
  9.600000e+05  4.225900e-04  9.800000e+05  4.685000e-04  1.000000e+06  5.183000e-04
  1.020000e+06  5.772600e-04  1.040000e+06  6.516100e-04  1.060000e+06  7.168900e-04
  1.080000e+06  7.995800e-04  1.100000e+06  8.966900e-04  1.120000e+06  1.005600e-03
  1.140000e+06  1.111100e-03  1.160000e+06  1.254900e-03  1.180000e+06  1.412300e-03
  1.200000e+06  1.576500e-03  1.220000e+06  1.785300e-03  1.240000e+06  2.029600e-03
  1.260000e+06  2.315700e-03  1.280000e+06  2.627000e-03  1.300000e+06  3.026300e-03
  1.320000e+06  3.463500e-03  1.340000e+06  3.976000e-03  1.360000e+06  4.623500e-03
  1.380000e+06  5.407700e-03  1.400000e+06  6.449200e-03  1.420000e+06  7.613900e-03
  1.440000e+06  9.261800e-03  1.460000e+06  1.125000e-02  1.480000e+06  1.382200e-02
  1.500000e+06  1.708400e-02  1.520000e+06  1.806200e-02  1.540000e+06  1.878000e-02
  1.560000e+06  1.928400e-02  1.580000e+06  1.962200e-02  1.600000e+06  1.984300e-02
  1.620000e+06  1.999400e-02  1.640000e+06  2.012200e-02  1.660000e+06  2.027600e-02
  1.680000e+06  2.050300e-02  1.700000e+06  2.085000e-02  1.720000e+06  2.136700e-02
  1.740000e+06  2.209900e-02  1.760000e+06  2.309600e-02  1.780000e+06  2.440400e-02
  1.800000e+06  2.607200e-02  1.820000e+06  2.872200e-02  1.840000e+06  3.301600e-02
  1.860000e+06  3.529700e-02  1.880000e+06  3.678100e-02  1.900000e+06  3.828600e-02
  1.920000e+06  3.996800e-02  1.940000e+06  4.212000e-02  1.960000e+06  4.443100e-02
  1.980000e+06  4.703600e-02  2.000000e+06  5.025000e-02  2.020000e+06  5.427700e-02
  2.040000e+06  5.885900e-02  2.060000e+06  6.362600e-02  2.080000e+06  6.821400e-02
  2.100000e+06  7.242600e-02  2.120000e+06  7.623000e-02  2.140000e+06  7.960500e-02
  2.160000e+06  8.252500e-02  2.180000e+06  8.496900e-02  2.200000e+06  8.691300e-02
  2.220000e+06  8.834700e-02  2.240000e+06  8.931500e-02  2.260000e+06  8.987600e-02
  2.280000e+06  9.008700e-02  2.300000e+06  9.000800e-02  2.320000e+06  8.969400e-02
  2.340000e+06  8.916400e-02  2.360000e+06  8.840400e-02  2.380000e+06  8.739300e-02
  2.400000e+06  8.611500e-02  2.420000e+06  8.455000e-02  2.440000e+06  8.268100e-02
  2.460000e+06  8.056500e-02  2.480000e+06  8.003600e-02  2.500000e+06  8.469700e-02
  2.520000e+06  8.651700e-02  2.540000e+06  7.353600e-02  2.560000e+06  7.207000e-02
  2.580000e+06  7.590700e-02  2.600000e+06  7.050100e-02  2.620000e+06  6.244100e-02
  2.640000e+06  5.972600e-02  2.660000e+06  5.799900e-02  2.680000e+06  5.570500e-02
  2.700000e+06  4.974100e-02  2.720000e+06  4.630800e-02  2.740000e+06  4.735900e-02
  2.760000e+06  4.611500e-02  2.780000e+06  4.191600e-02  2.800000e+06  3.943000e-02
  2.820000e+06  3.881700e-02  2.840000e+06  3.904300e-02  2.860000e+06  3.909900e-02
  2.880000e+06  3.858100e-02  2.900000e+06  3.769500e-02  2.920000e+06  3.666800e-02
  2.940000e+06  3.564600e-02  2.960000e+06  3.469900e-02  2.980000e+06  3.387900e-02
  3.000000e+06  3.319500e-02  3.020000e+06  3.264700e-02  3.040000e+06  3.223400e-02
  3.060000e+06  3.195400e-02  3.080000e+06  3.179500e-02  3.100000e+06  3.170100e-02
  3.120000e+06  3.160400e-02  3.140000e+06  3.143600e-02  3.160000e+06  3.113000e-02
  3.180000e+06  3.061800e-02  3.200000e+06  2.983800e-02  3.220000e+06  2.883800e-02
  3.240000e+06  2.777800e-02  3.260000e+06  2.682300e-02  3.280000e+06  2.613700e-02
  3.300000e+06  2.588600e-02  3.320000e+06  2.623500e-02  3.340000e+06  2.733900e-02
  3.360000e+06  2.917300e-02  3.380000e+06  3.152600e-02  3.400000e+06  3.418100e-02
  3.420000e+06  3.691800e-02  3.440000e+06  3.952600e-02  3.460000e+06  4.191600e-02
  3.480000e+06  4.412700e-02  3.500000e+06  4.620000e-02  3.520000e+06  4.817900e-02
  3.540000e+06  5.010700e-02  3.560000e+06  5.202600e-02  3.580000e+06  5.397700e-02
  3.600000e+06  5.598800e-02  3.620000e+06  5.808600e-02  3.640000e+06  6.029600e-02
  3.660000e+06  6.264400e-02  3.680000e+06  6.515900e-02  3.700000e+06  6.787200e-02
  3.720000e+06  7.080900e-02  3.740000e+06  7.396600e-02  3.760000e+06  7.729800e-02
  3.780000e+06  8.076000e-02  3.800000e+06  8.431400e-02  3.820000e+06  8.803100e-02
  3.840000e+06  9.209200e-02  3.860000e+06  9.668500e-02  3.880000e+06  1.020000e-01
  3.900000e+06  1.082500e-01  3.920000e+06  1.165200e-01  3.940000e+06  1.276800e-01
  3.960000e+06  1.380500e-01  3.980000e+06  1.355500e-01  4.000000e+06  1.217000e-01
  4.020000e+06  1.175500e-01  4.040000e+06  1.140500e-01  4.060000e+06  1.143500e-01
  4.080000e+06  1.189300e-01  4.100000e+06  1.246500e-01  4.120000e+06  1.265700e-01
  4.140000e+06  1.259800e-01  4.160000e+06  1.256400e-01  4.180000e+06  1.262800e-01
  4.200000e+06  1.266200e-01  4.220000e+06  1.256700e-01  4.240000e+06  1.240000e-01
  4.260000e+06  1.225800e-01  4.280000e+06  1.219700e-01  4.300000e+06  1.211900e-01
  4.320000e+06  1.189100e-01  4.340000e+06  1.151800e-01  4.360000e+06  1.114100e-01
  4.380000e+06  1.090500e-01  4.400000e+06  1.090400e-01  4.420000e+06  1.101200e-01
  4.440000e+06  1.105700e-01  4.460000e+06  1.096300e-01  4.480000e+06  1.076000e-01
  4.500000e+06  1.047700e-01  4.520000e+06  1.014600e-01  4.540000e+06  9.800300e-02
  4.560000e+06  9.465900e-02  4.580000e+06  9.155300e-02  4.600000e+06  8.876600e-02
  4.620000e+06  8.637800e-02  4.640000e+06  8.446800e-02  4.660000e+06  8.302900e-02
  4.680000e+06  8.196800e-02  4.700000e+06  8.119000e-02  4.720000e+06  8.059900e-02
  4.740000e+06  8.010100e-02  4.760000e+06  7.963600e-02  4.780000e+06  7.928900e-02
  4.800000e+06  7.917800e-02  4.820000e+06  7.927700e-02  4.840000e+06  7.941700e-02
  4.860000e+06  7.942500e-02  4.880000e+06  7.916500e-02  4.900000e+06  7.865700e-02
  4.920000e+06  7.795900e-02  4.940000e+06  7.712700e-02  4.960000e+06  7.621900e-02
  4.980000e+06  7.529400e-02  5.000000e+06  7.440800e-02  5.020000e+06  7.360700e-02
  5.040000e+06  7.288400e-02  5.060000e+06  7.221900e-02  5.080000e+06  7.159300e-02
  5.100000e+06  7.098600e-02  5.120000e+06  7.037900e-02  5.140000e+06  6.975100e-02
  5.160000e+06  6.908400e-02  5.180000e+06  6.836100e-02  5.200000e+06  6.758100e-02
  5.220000e+06  6.674500e-02  5.240000e+06  6.585700e-02  5.260000e+06  6.491700e-02
  5.280000e+06  6.392900e-02  5.300000e+06  6.289300e-02  5.320000e+06  6.181200e-02
  5.340000e+06  6.067500e-02  5.360000e+06  5.946400e-02  5.380000e+06  5.815500e-02
  5.400000e+06  5.672800e-02  5.420000e+06  5.517400e-02  5.440000e+06  5.353200e-02
  5.460000e+06  5.185200e-02  5.480000e+06  5.018500e-02  5.500000e+06  4.858200e-02
  5.520000e+06  4.709400e-02  5.540000e+06  4.577200e-02  5.560000e+06  4.466600e-02
  5.580000e+06  4.382500e-02  5.600000e+06  4.325000e-02  5.620000e+06  4.289300e-02
  5.640000e+06  4.270300e-02  5.660000e+06  4.263100e-02  5.680000e+06  4.262700e-02
  5.700000e+06  4.264000e-02  5.720000e+06  4.262100e-02  5.740000e+06  4.253000e-02
  5.760000e+06  4.237000e-02  5.780000e+06  4.215300e-02  5.800000e+06  4.189300e-02
  5.820000e+06  4.160200e-02  5.840000e+06  4.129200e-02  5.860000e+06  4.097800e-02
  5.880000e+06  4.067100e-02  5.900000e+06  4.038500e-02  5.920000e+06  4.012800e-02
  5.940000e+06  3.989000e-02  5.960000e+06  3.965800e-02  5.980000e+06  3.941800e-02
  6.000000e+06  3.915500e-02  6.020000e+06  3.885700e-02  6.040000e+06  3.850800e-02
  6.060000e+06  3.809500e-02  6.080000e+06  3.761000e-02  6.100000e+06  3.706500e-02
  6.120000e+06  3.647800e-02  6.140000e+06  3.586800e-02  6.160000e+06  3.525300e-02
  6.180000e+06  3.465100e-02  6.200000e+06  3.408000e-02  6.220000e+06  3.355900e-02
  6.240000e+06  3.310000e-02  6.260000e+06  3.269800e-02  6.280000e+06  3.234100e-02
  6.300000e+06  3.201800e-02  6.320000e+06  3.171900e-02  6.340000e+06  3.143100e-02
  6.360000e+06  3.114500e-02  6.380000e+06  3.084800e-02  6.400000e+06  3.053100e-02
  6.420000e+06  3.019200e-02  6.440000e+06  2.983700e-02  6.460000e+06  2.947500e-02
  6.480000e+06  2.911300e-02  6.500000e+06  2.875900e-02  6.520000e+06  2.842000e-02
  6.540000e+06  2.810500e-02  6.560000e+06  2.782000e-02  6.580000e+06  2.757400e-02
  6.600000e+06  2.736700e-02  6.620000e+06  2.719300e-02  6.640000e+06  2.704800e-02
  6.660000e+06  2.692400e-02  6.680000e+06  2.681600e-02  6.700000e+06  2.671900e-02
  6.720000e+06  2.662700e-02  6.740000e+06  2.653300e-02  6.760000e+06  2.643200e-02
  6.780000e+06  2.631800e-02  6.800000e+06  2.618600e-02  6.820000e+06  2.602900e-02
  6.840000e+06  2.584600e-02  6.860000e+06  2.564000e-02  6.880000e+06  2.541100e-02
  6.900000e+06  2.516300e-02  6.920000e+06  2.489900e-02  6.940000e+06  2.461900e-02
  6.960000e+06  2.432700e-02  6.980000e+06  2.402500e-02  7.000000e+06  2.371500e-02
  7.020000e+06  2.340000e-02  7.040000e+06  2.308100e-02  7.060000e+06  2.276100e-02
  7.080000e+06  2.244300e-02  7.100000e+06  2.212900e-02  7.120000e+06  2.182000e-02
  7.140000e+06  2.152000e-02  7.160000e+06  2.123000e-02  7.180000e+06  2.095400e-02
  7.200000e+06  2.069200e-02  7.220000e+06  2.045000e-02  7.240000e+06  2.023200e-02
  7.260000e+06  2.004400e-02  7.280000e+06  1.989000e-02  7.300000e+06  1.977600e-02
  7.320000e+06  1.970800e-02  7.340000e+06  1.969000e-02  7.360000e+06  1.972900e-02
  7.380000e+06  1.982800e-02  7.400000e+06  1.999400e-02  7.420000e+06  2.023100e-02
  7.440000e+06  2.054500e-02  7.460000e+06  2.094200e-02  7.480000e+06  2.142000e-02
  7.500000e+06  2.197400e-02  7.520000e+06  2.259900e-02  7.540000e+06  2.328900e-02
  7.560000e+06  2.403800e-02  7.580000e+06  2.484100e-02  7.600000e+06  2.569200e-02
  7.620000e+06  2.658400e-02  7.640000e+06  2.751400e-02  7.660000e+06  2.847600e-02
  7.680000e+06  2.946700e-02  7.700000e+06  3.048500e-02  7.720000e+06  3.152600e-02
  7.740000e+06  3.258700e-02  7.760000e+06  3.366700e-02  7.780000e+06  3.476100e-02
  7.800000e+06  3.586600e-02  7.820000e+06  3.698100e-02  7.840000e+06  3.810100e-02
  7.860000e+06  3.922400e-02  8.000000e+06  3.779800e-02  8.200000e+06  3.319400e-02
  8.400000e+06  3.414800e-02  8.600000e+06  3.300800e-02  8.800000e+06  3.085200e-02
  9.000000e+06  2.855200e-02  9.200000e+06  2.623200e-02  9.400000e+06  2.447400e-02
  9.600000e+06  2.330500e-02  9.800000e+06  2.250700e-02  1.000000e+07  2.202800e-02
  1.020000e+07  2.180600e-02  1.040000e+07  2.177100e-02  1.060000e+07  2.182700e-02
  1.080000e+07  2.189700e-02  1.100000e+07  2.192600e-02  1.120000e+07  2.186100e-02
  1.140000e+07  2.167400e-02  1.160000e+07  2.134000e-02  1.180000e+07  2.086500e-02
  1.200000e+07  2.027800e-02  1.220000e+07  1.960400e-02  1.240000e+07  1.887100e-02
  1.260000e+07  1.809600e-02  1.280000e+07  1.728600e-02  1.300000e+07  1.644800e-02
  1.320000e+07  1.558500e-02  1.340000e+07  1.468000e-02  1.360000e+07  1.376900e-02
  1.380000e+07  1.286000e-02  1.400000e+07  1.196000e-02  1.420000e+07  1.107900e-02
  1.440000e+07  1.022300e-02  1.460000e+07  9.400900e-03  1.480000e+07  8.620900e-03
  1.500000e+07  7.887400e-03
            50
             6
  8.934760e+00             2             1
  1.000000e+00  1.000000e+00             0             2
  5.701170e+06  5.701170e+06             2
             1
             2             2
  1.000000e-05  1.000000e+00  1.500000e+07  1.000000e+00
            48
             1
            48             2
  1.000000e-05             0             8
  0.000000e+00  0.000000e+00  0.000000e+00  0.000000e+00  0.000000e+00  0.000000e+00
  0.000000e+00  0.000000e+00
  5.000000e+05             0             8
 -3.781050e-02 -5.187500e-03  1.135850e-03  3.455550e-04 -6.117500e-05 -1.293850e-05
 -9.776500e-07  0.000000e+00
  1.000000e+06             0             8
 -7.562000e-02 -1.037500e-02  2.271700e-03  6.911000e-04 -1.223500e-04 -2.587750e-05
 -1.955350e-06  0.000000e+00
  1.200000e+06             0             8
 -7.381000e-02 -1.137400e-02  2.868550e-03  7.417000e-04 -1.312550e-04 -2.768850e-05
 -2.552450e-06  0.000000e+00
  1.400000e+06             0             8
 -6.832500e-02 -9.718000e-03  3.701950e-03  7.520000e-04 -1.254050e-04 -2.615100e-05
 -3.179650e-06  0.000000e+00
  1.600000e+06             0             8
 -6.988000e-02 -1.481400e-03  5.308000e-03  7.509000e-04 -9.497000e-05 -2.079700e-05
 -3.536650e-06  0.000000e+00
  1.800000e+06             0             8
 -1.108400e-01  2.388900e-02  1.005200e-02  1.045400e-03  5.901000e-05 -6.088000e-06
 -2.509150e-06  0.000000e+00
  2.000000e+06             0             8
 -1.076250e-01 -4.029300e-02  3.262300e-03  1.907600e-03  2.615900e-04  1.540750e-05
  2.373000e-07  0.000000e+00
  2.200000e+06             0             8
 -1.103600e-02 -3.436200e-02 -1.941500e-03  1.581150e-03  1.305200e-04  1.694250e-05
 -1.227550e-06  0.000000e+00
  2.400000e+06             0             8
  2.903000e-02  2.635100e-02 -3.139700e-03  8.865000e-03  5.987500e-04  1.220950e-04
 -4.912000e-06  0.000000e+00
  2.600000e+06             0             8
 -1.199350e-02  1.450800e-02 -1.771150e-02  2.256500e-02  1.845900e-03  3.695250e-04
 -1.073400e-05  0.000000e+00
  2.800000e+06             0             8
 -4.163500e-02 -2.914900e-02 -4.150450e-02  1.893950e-02  1.971200e-03  2.077600e-04
 -3.762650e-05  0.000000e+00
  3.000000e+06             0             8
 -2.852150e-02 -1.343000e-02 -5.714000e-02  6.754500e-03  8.734500e-04 -3.104450e-04
 -1.218150e-04  0.000000e+00
  3.200000e+06             0             8
  1.453850e-02 -3.640800e-02 -4.090950e-02  1.687900e-04  5.111000e-05 -2.222050e-05
 -5.400500e-06  0.000000e+00
  3.400000e+06             0             8
  1.225750e-02 -7.762000e-03 -1.690300e-02  8.167000e-03  5.395500e-03  8.424000e-04
 -5.434500e-04  0.000000e+00
  3.600000e+06             0             8
 -7.044500e-04  1.944400e-02  5.837000e-03  2.292550e-02  1.097250e-02  1.749600e-03
 -1.289200e-03  0.000000e+00
  3.800000e+06             0             8
 -7.472500e-03  4.648300e-02  2.517000e-02  4.264700e-02  1.566650e-02  2.837100e-03
 -2.546100e-03  0.000000e+00
  4.000000e+06             0             8
 -3.081150e-02  6.798000e-02  1.505350e-02  7.424000e-02 -8.862500e-03  5.658000e-03
  1.205650e-03  0.000000e+00
  4.200000e+06             0             8
 -6.064500e-02  9.080500e-02  6.522500e-03  8.299500e-02 -1.263650e-02  1.434950e-02
  6.705500e-05  0.000000e+00
  4.400000e+06             0             8
 -7.896000e-02  9.342000e-02 -2.739300e-03  8.300000e-02 -1.430200e-02  1.496750e-02
  0.000000e+00  0.000000e+00
  4.600000e+06             0             8
 -1.068950e-01  1.038200e-01 -2.907150e-02  8.249000e-02 -1.856050e-02  1.532700e-02
 -1.631050e-04  3.309400e-06
  4.800000e+06             0             8
 -3.861150e-02  8.836000e-02 -1.831800e-02  4.682350e-02 -4.893650e-02  1.074850e-02
 -6.534000e-05 -2.583000e-06
  5.000000e+06             0             8
  4.081150e-02  8.687000e-02 -7.450000e-03  2.007950e-02 -7.266500e-02 -1.082500e-02
  8.069500e-05 -4.295000e-06
  5.200000e+06             0             8
  8.395500e-02  9.225500e-02  2.187150e-03 -7.344500e-04 -5.545000e-02 -1.797600e-03
  1.046350e-03 -3.606750e-05
  5.400000e+06             0             8
  1.552900e-01  1.191300e-01  4.167150e-02 -2.317400e-02 -3.550600e-02 -1.936800e-02
  4.630000e-04 -3.783550e-06
  5.800000e+06             0             8
  7.026500e-02  9.939500e-02 -7.720000e-03 -4.569700e-02 -1.772200e-02 -1.165600e-02
  0.000000e+00  0.000000e+00
  6.000000e+06             0             8
  6.568500e-02  1.294900e-01  2.271950e-03 -2.177000e-02 -1.515150e-02 -1.520200e-02
  0.000000e+00  0.000000e+00
  6.200000e+06             0             8
  7.654000e-02  1.216700e-01  1.818950e-02 -1.153650e-03 -1.186550e-02 -1.318400e-02
  2.063300e-04  2.342150e-04
  6.400000e+06             0             8
  7.588500e-02  1.006800e-01  2.421650e-02  2.125450e-03 -1.783600e-02 -1.129000e-02
  9.279000e-05 -4.718800e-05
  6.600000e+06             0             8
  7.654000e-02  9.486500e-02  2.139850e-02  1.115000e-02 -1.523650e-02 -2.710900e-02
 -2.491350e-03  6.433000e-04
  6.800000e+06             0             8
  7.498000e-02  9.419500e-02  2.182150e-02  2.260650e-02 -8.554500e-03 -4.366150e-02
 -7.087500e-03  1.727800e-03
  7.000000e+06             0             8
  7.696000e-02  8.438500e-02  2.644700e-02  2.325150e-02 -4.257550e-03 -4.266550e-02
 -1.037050e-02  2.459250e-03
  7.500000e+06             0             8
  7.835000e-02  3.754700e-02  5.752000e-03 -2.648550e-03 -2.328100e-02 -6.768000e-03
 -1.022250e-03  9.777500e-04
  8.000000e+06             0             8
 -1.366250e-02  5.673000e-02 -7.137500e-03 -1.512200e-02 -1.616750e-02 -1.111800e-02
  1.116250e-03  5.933000e-04
  8.500000e+06             0             8
 -6.468000e-02  7.564000e-02  2.824050e-03 -2.238350e-02 -9.699000e-03 -9.856500e-03
  2.137300e-03  7.082500e-04
  9.000000e+06             0             8
 -9.837000e-02  4.621100e-02  2.542500e-02 -9.130500e-03 -6.802500e-03 -7.611000e-03
  2.160350e-03  6.115500e-04
  9.500000e+06             0             8
 -1.017900e-01  7.529500e-04  3.883850e-02  7.730500e-03 -5.522000e-03 -7.348000e-03
  2.356800e-03  6.194500e-04
  1.000000e+07             0             8
 -9.203500e-02 -2.452700e-02  4.110700e-02  1.570700e-02 -5.070000e-03 -8.131000e-03
  2.938950e-03  7.412000e-04
  1.050000e+07             0             8
 -8.304000e-02 -3.452400e-02  3.994950e-02  1.805800e-02 -4.818200e-03 -8.969500e-03
  3.578000e-03  8.798000e-04
  1.100000e+07             0             8
 -7.708000e-02 -3.763000e-02  3.852200e-02  1.812850e-02 -4.552750e-03 -9.658000e-03
  4.155650e-03  1.005100e-03
  1.150000e+07             0             8
 -7.356000e-02 -3.782500e-02  3.752200e-02  1.731650e-02 -4.229600e-03 -1.020700e-02
  4.660650e-03  1.114900e-03
  1.200000e+07             0             8
 -7.171500e-02 -3.674900e-02  3.698650e-02  1.614450e-02 -3.852350e-03 -1.064950e-02
  5.104500e-03  1.212100e-03
  1.250000e+07             0             8
 -7.100000e-02 -3.509400e-02  3.681950e-02  1.481350e-02 -3.433650e-03 -1.101250e-02
  5.498500e-03  1.299600e-03
  1.300000e+07             0             8
 -7.106000e-02 -3.316400e-02  3.691800e-02  1.340900e-02 -2.986900e-03 -1.131350e-02
  5.852000e-03  1.379600e-03
  1.350000e+07             0             8
 -7.167000e-02 -3.110000e-02  3.719850e-02  1.197050e-02 -2.523800e-03 -1.156250e-02
  6.171500e-03  1.453600e-03
  1.400000e+07             0             8
 -7.266500e-02 -2.897200e-02  3.759650e-02  1.051950e-02 -2.054250e-03 -1.176800e-02
  6.461500e-03  1.522750e-03
  1.450000e+07             0             8
 -7.394500e-02 -2.681100e-02  3.806500e-02  9.069500e-03 -1.586000e-03 -1.193500e-02
  6.725500e-03  1.587700e-03
  1.500000e+07             0             8
 -7.523000e-02 -2.465000e-02  3.853350e-02  7.619500e-03 -1.117750e-03 -1.210200e-02
  6.989500e-03  1.652600e-03
