             0             3
            50
             0
           148
  1.133760e+07  0.000000e+00  1.135000e+07  7.250000e-05  1.137500e+07  2.883000e-04
  1.140000e+07  5.720900e-04  1.142500e+07  8.856300e-04  1.145000e+07  1.200100e-03
  1.147500e+07  1.496200e-03  1.150000e+07  1.764300e-03  1.152500e+07  2.003200e-03
  1.155000e+07  2.217800e-03  1.157500e+07  2.416000e-03  1.160000e+07  2.607400e-03
  1.162500e+07  2.800900e-03  1.165000e+07  3.003600e-03  1.167500e+07  3.219800e-03
  1.170000e+07  3.450100e-03  1.172500e+07  3.691200e-03  1.175000e+07  3.936100e-03
  1.177500e+07  4.175500e-03  1.180000e+07  4.399500e-03  1.182500e+07  4.598900e-03
  1.185000e+07  4.767400e-03  1.187500e+07  4.901900e-03  1.190000e+07  5.002400e-03
  1.192500e+07  5.071400e-03  1.195000e+07  5.113300e-03  1.197500e+07  5.133200e-03
  1.200000e+07  5.136300e-03  1.202500e+07  5.127500e-03  1.205000e+07  5.111400e-03
  1.207500e+07  5.091900e-03  1.210000e+07  5.072400e-03  1.212500e+07  5.055900e-03
  1.215000e+07  5.045100e-03  1.217500e+07  5.042900e-03  1.220000e+07  5.052300e-03
  1.222500e+07  5.077100e-03  1.225000e+07  5.123300e-03  1.227500e+07  5.200900e-03
  1.230000e+07  5.331500e-03  1.232500e+07  5.568100e-03  1.235000e+07  6.060500e-03
  1.237500e+07  6.879600e-03  1.240000e+07  5.765300e-03  1.242500e+07  5.066200e-03
  1.245000e+07  5.020100e-03  1.247500e+07  5.083600e-03  1.250000e+07  5.163400e-03
  1.252500e+07  5.240000e-03  1.255000e+07  5.306900e-03  1.257500e+07  5.361500e-03
  1.260000e+07  5.402400e-03  1.262500e+07  5.429600e-03  1.265000e+07  5.444500e-03
  1.267500e+07  5.449600e-03  1.270000e+07  5.448600e-03  1.272500e+07  5.445700e-03
  1.275000e+07  5.445700e-03  1.277500e+07  5.453700e-03  1.280000e+07  5.474400e-03
  1.282500e+07  5.512300e-03  1.285000e+07  5.571500e-03  1.287500e+07  5.655300e-03
  1.290000e+07  5.765900e-03  1.292500e+07  5.904200e-03  1.295000e+07  6.069300e-03
  1.297500e+07  6.258200e-03  1.300000e+07  6.465500e-03  1.302500e+07  6.683800e-03
  1.305000e+07  6.904300e-03  1.307500e+07  7.118100e-03  1.310000e+07  7.318200e-03
  1.312500e+07  7.501100e-03  1.315000e+07  7.669100e-03  1.317500e+07  7.831800e-03
  1.320000e+07  8.008300e-03  1.322500e+07  8.231400e-03  1.325000e+07  8.552100e-03
  1.327500e+07  9.030600e-03  1.330000e+07  9.593000e-03  1.332500e+07  9.476000e-03
  1.335000e+07  8.014100e-03  1.337500e+07  6.742100e-03  1.340000e+07  6.178800e-03
  1.342500e+07  5.961600e-03  1.345000e+07  5.881000e-03  1.347500e+07  5.860300e-03
  1.350000e+07  5.873400e-03  1.352500e+07  5.912100e-03  1.355000e+07  5.975200e-03
  1.357500e+07  6.064600e-03  1.360000e+07  6.183600e-03  1.362500e+07  6.336600e-03
  1.365000e+07  6.528000e-03  1.367500e+07  6.761600e-03  1.370000e+07  7.038800e-03
  1.372500e+07  7.355900e-03  1.375000e+07  7.699400e-03  1.377500e+07  8.042400e-03
  1.380000e+07  8.341500e-03  1.382500e+07  8.542800e-03  1.385000e+07  8.595800e-03
  1.387500e+07  8.475100e-03  1.390000e+07  8.190800e-03  1.392500e+07  7.782500e-03
  1.395000e+07  7.299400e-03  1.397500e+07  6.784700e-03  1.400000e+07  6.278600e-03
  1.402500e+07  5.859300e-03  1.405000e+07  5.788900e-03  1.407500e+07  6.750500e-03
  1.410000e+07  8.862000e-03  1.412500e+07  1.014800e-02  1.415000e+07  1.024300e-02
  1.417500e+07  1.001500e-02  1.420000e+07  9.826400e-03  1.422500e+07  9.748200e-03
  1.425000e+07  9.782300e-03  1.427500e+07  9.920500e-03  1.430000e+07  1.015700e-02
  1.432500e+07  1.049000e-02  1.435000e+07  1.092300e-02  1.437500e+07  1.146100e-02
  1.440000e+07  1.211400e-02  1.442500e+07  1.289200e-02  1.445000e+07  1.380800e-02
  1.447500e+07  1.487300e-02  1.450000e+07  1.609300e-02  1.452500e+07  1.746700e-02
  1.455000e+07  1.897300e-02  1.457500e+07  2.056500e-02  1.460000e+07  2.215200e-02
  1.462500e+07  2.359900e-02  1.465000e+07  2.473000e-02  1.467500e+07  2.535600e-02
  1.470000e+07  2.533300e-02  1.472500e+07  2.461300e-02  1.475000e+07  2.326700e-02
  1.477500e+07  2.146500e-02  1.480000e+07  1.941700e-02  1.482500e+07  1.731100e-02
  1.485000e+07  1.528600e-02  1.487500e+07  1.342500e-02  1.490000e+07  1.176400e-02
  1.492500e+07  1.031000e-02  1.495000e+07  9.052100e-03  1.497500e+07  7.971400e-03
  1.500000e+07  7.047400e-03
            50
             6
  1.189690e+01             2             1
  1.000000e+00  1.000000e+00             0             2
 -8.501800e+06 -8.501800e+06             2
             1
             2             2
  1.133760e+07  1.000000e+00  1.500000e+07  1.000000e+00
            93
             1
            93             2
  1.133760e+07             0             2
  0.000000e+00  0.000000e+00
  1.136000e+07             0             8
 -1.936700e-01 -1.289600e-02  2.678000e-02  4.636600e-04  1.841700e-05 -5.317900e-07
 -6.025200e-10 -3.770400e-10
  1.140000e+07             0             8
 -1.283100e-01 -1.952500e-02  4.719000e-02  1.464600e-03  8.920700e-05 -4.531300e-06
 -8.627100e-09 -8.422600e-09
  1.144000e+07             0            10
 -1.006800e-01 -2.597600e-02  6.365700e-02  2.879200e-03  2.024000e-04 -1.491000e-05
 -9.304100e-08 -4.530300e-08 -1.427100e-10  0.000000e+00
  1.148000e+07             0            10
 -8.335800e-02 -3.209300e-02  8.030900e-02  4.990500e-03  3.610300e-04 -3.687100e-05
 -2.635600e-07 -1.558800e-07 -5.180300e-10  0.000000e+00
  1.152000e+07             0            10
 -7.068700e-02 -3.693600e-02  9.871200e-02  8.137900e-03  5.701700e-04 -7.889100e-05
 -6.174200e-07 -4.296800e-07 -1.447800e-09  0.000000e+00
  1.156000e+07             0            10
 -6.111100e-02 -3.909500e-02  1.193800e-01  1.264400e-02  8.340200e-04 -1.524600e-04
 -1.266300e-06 -1.022200e-06 -3.421600e-09  0.000000e+00
  1.160000e+07             0            10
 -5.457400e-02 -3.697200e-02  1.417200e-01  1.866800e-02  1.154200e-03 -2.696400e-04
 -2.316300e-06 -2.160600e-06 -7.131300e-09  0.000000e+00
  1.164000e+07             0            10
 -5.166400e-02 -2.936100e-02  1.639400e-01  2.603100e-02  1.529200e-03 -4.377400e-04
 -3.795400e-06 -4.108300e-06 -1.341900e-08  0.000000e+00
  1.168000e+07             0            10
 -5.298200e-02 -1.615300e-02  1.834700e-01  3.413600e-02  1.956700e-03 -6.534900e-04
 -5.568300e-06 -7.081700e-06 -2.322200e-08  0.000000e+00
  1.172000e+07             0            10
 -5.863800e-02  1.376800e-03  1.979100e-01  4.212900e-02  2.437100e-03 -9.012200e-04
 -7.302800e-06 -1.116200e-05 -3.765200e-08  0.000000e+00
  1.176000e+07             0            10
 -6.810200e-02  2.104000e-02  2.059900e-01  4.921500e-02  2.969500e-03 -1.159100e-03
 -7.967100e-06 -2.263300e-05 -9.504600e-08 -6.591100e-08
  1.180000e+07             0            10
 -8.045800e-02  4.063800e-02  2.078500e-01  5.493000e-02  3.579100e-03 -1.402100e-03
 -7.941900e-06 -3.096700e-05 -1.429700e-07 -1.054800e-07
  1.184000e+07             0            10
 -9.478400e-02  5.864100e-02  2.046200e-01  5.917000e-02  4.275900e-03 -1.614200e-03
 -6.330000e-06 -4.028600e-05 -2.115700e-07 -1.655800e-07
  1.188000e+07             0            10
 -1.104100e-01  7.433200e-02  1.976700e-01  6.208900e-02  5.075900e-03 -1.785100e-03
 -2.662900e-06 -5.039900e-05 -3.101300e-07 -2.568500e-07
  1.192000e+07             0            10
 -1.269700e-01  8.762100e-02  1.882500e-01  6.393600e-02  5.994300e-03 -1.908600e-03
  3.511100e-06 -6.117800e-05 -4.512600e-07 -3.947800e-07
  1.196000e+07             0            10
 -1.443200e-01  9.876500e-02  1.772800e-01  6.496400e-02  7.043900e-03 -1.980400e-03
  1.264400e-05 -7.252300e-05 -6.514300e-07 -6.011200e-07
  1.200000e+07             0            10
 -1.624700e-01  1.081700e-01  1.653400e-01  6.537900e-02  8.235400e-03 -1.995800e-03
  2.518000e-05 -8.432700e-05 -9.314700e-07 -9.057000e-07
  1.204000e+07             0            10
 -1.815000e-01  1.162500e-01  1.528000e-01  6.533500e-02  9.576000e-03 -1.948500e-03
  4.150800e-05 -9.643800e-05 -1.317100e-06 -1.348500e-06
  1.208000e+07             0            10
 -2.014600e-01  1.234100e-01  1.398600e-01  6.493400e-02  1.106900e-02 -1.830000e-03
  6.186300e-05 -1.086200e-04 -1.838900e-06 -1.981800e-06
  1.212000e+07             0            10
 -2.224000e-01  1.300100e-01  1.266300e-01  6.424700e-02  1.271200e-02 -1.629100e-03
  8.616700e-05 -1.205300e-04 -2.532700e-06 -2.872600e-06
  1.216000e+07             0            10
 -2.442700e-01  1.363300e-01  1.132200e-01  6.331800e-02  1.449300e-02 -1.330600e-03
  1.137700e-04 -1.316400e-04 -3.437500e-06 -4.104500e-06
  1.220000e+07             0            10
 -2.669200e-01  1.424800e-01  9.967000e-02  6.217900e-02  1.638400e-02 -9.133600e-04
  1.431000e-04 -1.412500e-04 -4.592900e-06 -5.776100e-06
  1.224000e+07             0            10
 -2.900700e-01  1.481800e-01  8.602200e-02  6.086000e-02  1.832700e-02 -3.441500e-04
  1.710500e-04 -1.482800e-04 -6.029400e-06 -7.992900e-06
  1.228000e+07             0            10
 -3.132300e-01  1.516700e-01  7.205300e-02  5.940400e-02  2.018700e-02  4.387400e-04
  1.922100e-04 -1.510900e-04 -7.739900e-06 -1.082800e-05
  1.232000e+07             0            10
 -3.343300e-01  1.439300e-01  5.625400e-02  5.791000e-02  2.154800e-02  1.566900e-03
  1.969300e-04 -1.463200e-04 -9.564200e-06 -1.414100e-05
  1.236000e+07             0            10
 -3.295100e-01  6.364500e-02  2.975700e-02  5.693500e-02  2.070700e-02  3.007600e-03
  1.670700e-04 -1.252200e-04 -1.066300e-05 -1.669500e-05
  1.240000e+07             0            10
 -2.173600e-01 -4.948600e-02  1.936200e-02  5.775500e-02  2.403800e-02 -2.821500e-04
  1.535900e-04 -1.321100e-04 -1.517800e-05 -2.522500e-05
  1.244000e+07             0            10
 -2.775700e-01  1.363200e-01  4.240600e-02  5.569300e-02  3.163500e-02  5.261600e-04
  9.023200e-05 -1.349800e-04 -2.226600e-05 -3.939200e-05
  1.248000e+07             0            10
 -3.022000e-01  1.992100e-01  4.601400e-02  5.493200e-02  3.495600e-02  2.380800e-03
 -6.448600e-05 -1.032400e-04 -2.774000e-05 -5.242800e-05
  1.252000e+07             0            10
 -3.030800e-01  2.355700e-01  5.012300e-02  5.540100e-02  3.801100e-02  4.168100e-03
 -2.964200e-04 -5.451000e-05 -3.407100e-05 -6.909000e-05
  1.256000e+07             0            10
 -2.906200e-01  2.663700e-01  5.736900e-02  5.723700e-02  4.135700e-02  6.122200e-03
 -6.130000e-04  1.570300e-05 -4.173600e-05 -9.129100e-05
  1.260000e+07             0            10
 -2.687200e-01  2.961600e-01  6.776200e-02  6.073500e-02  4.519300e-02  8.422900e-03
 -1.016100e-03  1.161900e-04 -5.105200e-05 -1.212400e-04
  1.264000e+07             0            10
 -2.399800e-01  3.261200e-01  8.055900e-02  6.622200e-02  4.964800e-02  1.123400e-02
 -1.499300e-03  2.597900e-04 -6.227800e-05 -1.619000e-04
  1.268000e+07             0            10
 -2.068400e-01  3.565300e-01  9.462500e-02  7.402200e-02  5.476800e-02  1.471500e-02
 -2.047000e-03  4.641500e-04 -7.550600e-05 -2.171100e-04
  1.272000e+07             0            10
 -1.716000e-01  3.873500e-01  1.086100e-01  8.443400e-02  6.046700e-02  1.900800e-02
 -2.634700e-03  7.519700e-04 -9.045200e-05 -2.915300e-04
  1.276000e+07             0            10
 -1.363800e-01  4.183800e-01  1.210600e-01  9.769800e-02  6.647400e-02  2.420800e-02
 -3.229900e-03  1.150200e-03 -1.061700e-04 -3.904300e-04
  1.280000e+07             0            10
 -1.030300e-01  4.492000e-01  1.305400e-01  1.139300e-01  7.228700e-02  3.031300e-02
 -3.792700e-03  1.686900e-03 -1.206900e-04 -5.189400e-04
  1.284000e+07             0            10
 -7.308100e-02  4.790900e-01  1.357200e-01  1.330200e-01  7.715500e-02  3.717300e-02
 -4.278600e-03  2.386000e-03 -1.307100e-04 -6.808600e-04
  1.288000e+07             0            10
 -4.777400e-02  5.068700e-01  1.355300e-01  1.545100e-01  8.013400e-02  4.443500e-02
 -4.643000e-03  3.258100e-03 -1.314700e-04 -8.768500e-04
  1.292000e+07             0            10
 -2.801300e-02  5.309900e-01  1.293700e-01  1.774900e-01  8.022600e-02  5.152500e-02
 -4.850000e-03  4.290200e-03 -1.170400e-04 -1.102500e-03
  1.296000e+07             0            10
 -1.429900e-02  5.497200e-01  1.173400e-01  2.006500e-01  7.663500e-02  5.770700e-02
 -4.883700e-03  5.438000e-03 -8.133100e-05 -1.347100e-03
  1.300000e+07             0            10
 -6.647200e-03  5.615300e-01  1.003700e-01  2.224700e-01  6.904000e-02  6.222400e-02
 -4.757100e-03  6.626300e-03 -1.953200e-05 -1.594100e-03
  1.304000e+07             0            10
 -4.603800e-03  5.655200e-01  8.005800e-02  2.416000e-01  5.777900e-02  6.448600e-02
 -4.513800e-03  7.761000e-03  7.037900e-05 -1.824200e-03
  1.308000e+07             0            10
 -7.416400e-03  5.616000e-01  5.835600e-02  2.572200e-01  4.382000e-02  6.423400e-02
 -4.218200e-03  8.747900e-03  1.868300e-04 -2.018800e-03
  1.312000e+07             0            10
 -1.438100e-02  5.501900e-01  3.703900e-02  2.693000e-01  2.852200e-02  6.158400e-02
 -3.937800e-03  9.508900e-03  3.248100e-04 -2.163600e-03
  1.316000e+07             0            10
 -2.535000e-02  5.315100e-01  1.734600e-02  2.785500e-01  1.334500e-02  5.698600e-02
 -3.724800e-03  9.984500e-03  4.763100e-04 -2.248100e-03
  1.320000e+07             0            10
 -4.158200e-02  5.040800e-01 -2.555700e-04  2.861600e-01 -3.581700e-04  5.123000e-02
 -3.600600e-03  1.011900e-02  6.297500e-04 -2.261700e-03
  1.324000e+07             0            10
 -6.773800e-02  4.615100e-01 -1.632200e-02  2.929900e-01 -1.141000e-02  4.590200e-02
 -3.540200e-03  9.826200e-03  7.666400e-04 -2.187000e-03
  1.328000e+07             0            10
 -1.164600e-01  3.853500e-01 -3.338700e-02  2.950300e-01 -1.944300e-02  4.582600e-02
 -3.471800e-03  9.013100e-03  8.594900e-04 -2.003300e-03
  1.332000e+07             0            10
 -1.952100e-01  2.639400e-01 -5.605400e-02  2.621400e-01 -3.112200e-02  6.425400e-02
 -3.623000e-03  8.420100e-03  9.651400e-04 -1.874600e-03
  1.336000e+07             0            10
 -1.894400e-01  2.671500e-01 -6.905300e-02  1.836700e-01 -5.922000e-02  8.300400e-02
 -5.274900e-03  1.063000e-02  1.448300e-03 -2.378200e-03
  1.340000e+07             0            10
 -1.170100e-01  3.712400e-01 -6.414700e-02  1.666800e-01 -7.619500e-02  6.644600e-02
 -7.193300e-03  1.229800e-02  1.977600e-03 -2.775300e-03
  1.344000e+07             0            10
 -8.204600e-02  4.198000e-01 -6.028000e-02  1.765300e-01 -8.134800e-02  4.820900e-02
 -8.640900e-03  1.235400e-02  2.334500e-03 -2.824600e-03
  1.348000e+07             0            10
 -6.754200e-02  4.361300e-01 -5.772100e-02  1.859800e-01 -8.276300e-02  3.526300e-02
 -1.004000e-02  1.188200e-02  2.633700e-03 -2.768600e-03
  1.352000e+07             0            10
 -5.884100e-02  4.401100e-01 -5.424200e-02  1.929800e-01 -8.206600e-02  2.578300e-02
 -1.152100e-02  1.119800e-02  2.911600e-03 -2.679500e-03
  1.356000e+07             0            10
 -4.938300e-02  4.388200e-01 -4.821100e-02  1.983900e-01 -7.930100e-02  1.852500e-02
 -1.307100e-02  1.035400e-02  3.163300e-03 -2.572100e-03
  1.360000e+07             0            10
 -3.503300e-02  4.346000e-01 -3.806000e-02  2.028000e-01 -7.420600e-02  1.292200e-02
 -1.459900e-02  9.346900e-03  3.363400e-03 -2.448100e-03
  1.364000e+07             0            10
 -1.202300e-02  4.279900e-01 -2.200400e-02  2.062700e-01 -6.649700e-02  8.746000e-03
 -1.592800e-02  8.165200e-03  3.467100e-03 -2.306800e-03
  1.368000e+07             0            10
  2.352100e-02  4.187300e-01  1.900900e-03  2.083000e-01 -5.604100e-02  5.914800e-03
 -1.677200e-02  6.819900e-03  3.408000e-03 -2.150100e-03
  1.372000e+07             0            10
  7.499800e-02  4.062400e-01  3.523600e-02  2.078500e-01 -4.314300e-02  4.343100e-03
 -1.672000e-02  5.372800e-03  3.101300e-03 -1.985100e-03
  1.376000e+07             0            10
  1.435900e-01  3.900900e-01  7.810100e-02  2.034800e-01 -2.891600e-02  3.781300e-03
 -1.529000e-02  3.968900e-03  2.463800e-03 -1.828200e-03
  1.380000e+07             0            10
  2.255900e-01  3.705600e-01  1.275400e-01  1.938000e-01 -1.555100e-02  3.660300e-03
 -1.208600e-02  2.847100e-03  1.456900e-03 -1.705600e-03
  1.384000e+07             0            10
  3.104900e-01  3.491400e-01  1.765500e-01  1.782900e-01 -6.070800e-03  3.058000e-03
 -7.073000e-03  2.293600e-03  1.428800e-04 -1.647000e-03
  1.388000e+07             0            10
  3.823300e-01  3.284400e-01  2.151200e-01  1.580800e-01 -3.327100e-03  9.034700e-04
 -7.592300e-04  2.534900e-03 -1.292100e-03 -1.674300e-03
  1.392000e+07             0            10
  4.243300e-01  3.113900e-01  2.329300e-01  1.357600e-01 -8.899700e-03 -3.693000e-03
  5.891700e-03  3.649600e-03 -2.578500e-03 -1.791400e-03
  1.396000e+07             0            10
  4.206900e-01  3.007100e-01  2.199900e-01  1.147300e-01 -2.301500e-02 -1.135000e-02
  1.169300e-02  5.601300e-03 -3.405800e-03 -1.989000e-03
  1.400000e+07             0            10
  3.459900e-01  3.005800e-01  1.601500e-01  1.002500e-01 -4.531000e-02 -2.267400e-02
  1.471600e-02  8.313500e-03 -3.257200e-03 -2.253200e-03
  1.404000e+07             0            10
  1.436700e-01  3.227000e-01  2.664200e-02  1.101500e-01 -6.856800e-02 -3.614100e-02
  8.349700e-03  1.075700e-02 -6.644300e-04 -2.473500e-03
  1.408000e+07             0            10
 -3.122600e-02  3.554000e-01 -3.138000e-02  1.688500e-01 -4.037500e-02 -3.062000e-02
 -1.448800e-02  6.361600e-03  4.033800e-03 -2.004700e-03
  1.412000e+07             0            10
  1.837000e-01  3.228800e-01  1.563800e-01  1.704200e-01  3.482400e-03 -1.393900e-02
 -1.384200e-02  7.423600e-04  1.899000e-03 -1.435100e-03
  1.416000e+07             0            10
  3.076400e-01  2.910100e-01  2.387900e-01  1.429300e-01  2.472300e-03 -1.496900e-02
 -3.661300e-03  9.101500e-04 -8.045300e-04 -1.425600e-03
  1.420000e+07             0            10
  3.308300e-01  2.727200e-01  2.519600e-01  1.260500e-01 -6.628100e-03 -2.039300e-02
  2.198700e-03  1.967200e-03 -1.997300e-03 -1.486900e-03
  1.424000e+07             0            10
  3.179100e-01  2.593200e-01  2.446600e-01  1.173500e-01 -1.421300e-02 -2.567700e-02
  5.142400e-03  2.790800e-03 -2.452700e-03 -1.512300e-03
  1.428000e+07             0            10
  2.913600e-01  2.469600e-01  2.311200e-01  1.135300e-01 -1.931600e-02 -3.001800e-02
  6.520300e-03  3.310000e-03 -2.564200e-03 -1.496900e-03
  1.432000e+07             0            10
  2.590800e-01  2.340100e-01  2.157400e-01  1.128200e-01 -2.216600e-02 -3.324700e-02
  7.013300e-03  3.578100e-03 -2.500800e-03 -1.447700e-03
  1.436000e+07             0            10
  2.242900e-01  2.197300e-01  2.000000e-01  1.142900e-01 -2.309400e-02 -3.529000e-02
  6.979300e-03  3.651400e-03 -2.343000e-03 -1.371900e-03
  1.440000e+07             0            10
  1.885300e-01  2.037200e-01  1.844400e-01  1.173500e-01 -2.239700e-02 -3.608200e-02
  6.625800e-03  3.577200e-03 -2.134900e-03 -1.276000e-03
  1.444000e+07             0            10
  1.527200e-01  1.858300e-01  1.692500e-01  1.216100e-01 -2.033500e-02 -3.555300e-02
  6.086900e-03  3.396400e-03 -1.904200e-03 -1.166800e-03
  1.448000e+07             0            10
  1.175500e-01  1.660400e-01  1.544900e-01  1.267400e-01 -1.715200e-02 -3.363900e-02
  5.458600e-03  3.146800e-03 -1.670400e-03 -1.051500e-03
  1.452000e+07             0            10
  8.366500e-02  1.444900e-01  1.401600e-01  1.324300e-01 -1.309100e-02 -3.029400e-02
  4.815700e-03  2.865200e-03 -1.449100e-03 -9.377000e-04
  1.456000e+07             0            10
  5.173400e-02  1.214400e-01  1.262700e-01  1.383700e-01 -8.404800e-03 -2.550500e-02
  4.220800e-03  2.588200e-03 -1.253800e-03 -8.339700e-04
  1.460000e+07             0            10
  2.246500e-02  9.727700e-02  1.128500e-01  1.442000e-01 -3.362100e-03 -1.930400e-02
  3.727600e-03  2.352500e-03 -1.096300e-03 -7.492700e-04
  1.464000e+07             0            10
 -3.409100e-03  7.251500e-02  9.992200e-02  1.495500e-01  1.757900e-03 -1.177300e-02
  3.382800e-03  2.194100e-03 -9.872900e-04 -6.928800e-04
  1.468000e+07             0            10
 -2.515100e-02  4.775900e-02  8.754400e-02  1.540400e-01  6.668800e-03 -3.057400e-03
  3.225700e-03  2.147200e-03 -9.360200e-04 -6.739900e-04
  1.472000e+07             0            10
 -4.205800e-02  2.369100e-02  7.577000e-02  1.572500e-01  1.108700e-02  6.644200e-03
  3.288100e-03  2.243500e-03 -9.501000e-04 -7.013400e-04
  1.476000e+07             0            10
 -5.347400e-02  1.040200e-03  6.466200e-02  1.588000e-01  1.473800e-02  1.707800e-02
  3.594300e-03  2.510800e-03 -1.035500e-03 -7.829700e-04
  1.480000e+07             0            10
 -5.880600e-02 -1.942900e-02  5.428300e-02  1.582600e-01  1.736500e-02  2.794300e-02
  4.161500e-03  2.973000e-03 -1.196800e-03 -9.260600e-04
  1.484000e+07             0            10
 -5.749700e-02 -3.691800e-02  4.470600e-02  1.552600e-01  1.872300e-02  3.889200e-02
  5.001500e-03  3.650300e-03 -1.437100e-03 -1.137100e-03
  1.488000e+07             0            10
 -4.899000e-02 -5.055900e-02  3.602700e-02  1.494100e-01  1.857600e-02  4.952600e-02
  6.122400e-03  4.560600e-03 -1.759000e-03 -1.422100e-03
  1.492000e+07             0            10
 -3.267100e-02 -5.934600e-02  2.839500e-02  1.403700e-01  1.667400e-02  5.936300e-02
  7.530500e-03  5.720200e-03 -2.165100e-03 -1.786900e-03
  1.496000e+07             0            10
 -7.830800e-03 -6.201400e-02  2.207200e-02  1.278300e-01  1.274000e-02  6.778500e-02
  9.230300e-03  7.143900e-03 -2.657300e-03 -2.237400e-03
  1.500000e+07             0            10
  2.629400e-02 -5.689200e-02  1.751900e-02  1.116800e-01  6.449400e-03  7.393700e-02
  1.122000e-02  8.840900e-03 -3.236000e-03 -2.777600e-03
